    HOUR (UT)   FLARE FACTOR    SKY TESTER    SUN TESTER
   11.56527805   -1.00000000   -1.00000000   -1.00000000
   11.59083271  272.30200195    4.90999985    1.98000002
   11.59416676   -1.00000000    4.90999985    1.98000002
   11.59749985   -1.00000000    4.90999985    1.75000000
   11.60055637   -1.00000000    4.90999985    1.64999998
   11.60388947   -1.00000000    4.90999985    1.44000006
   11.63583279   -1.00000000    4.90999985    1.83000004
   11.64027786   -1.00000000    4.90999985    1.69000006
   11.64361095   -1.00000000    4.90999985    1.66999996
   11.64666653   -1.00000000    4.90999985    1.58000004
   11.64999962   -1.00000000    4.90999985    1.53999996
   11.65305519   -1.00000000    4.90999985    1.76999998
   11.65638828   -1.00000000   -1.00000000   -1.00000000
   11.65972137  192.50500488    4.90999985    1.86000001
   11.66277695   71.01950073    4.90999985    2.09999990
   11.66333294   93.60639954    4.90999985    2.07999992
   11.66666698  144.21800232    4.90999985    1.89999998
   11.67000008  151.42700195    4.90999985    2.25000000
   11.67305565  120.56099701    4.90999985    2.21000004
   11.67694473  167.42100525    4.90999985    2.11999989
   11.68000031  166.54499817    4.90999985    2.13000011
   11.68333340  100.60399628    4.90999985    2.19000006
   11.68666649  189.36799622    4.90999985    2.26999998
   11.69000053  103.57900238    4.90999985    2.03999996
   11.69305515  107.94000244    4.90999985    2.32999992
   11.69638920  110.02999878    4.90999985    2.39000010
   11.69972229  155.13400269    4.90999985    2.34999990
   11.70277786  113.43499756    4.90999985    2.25000000
   11.70611095  137.51600647    4.90999985    2.11999989
   11.70916653  136.39199829    4.90999985    2.26999998
   11.71249962  111.26100159    4.90999985    2.34999990
   11.71333313  144.41799927    4.90999985    2.42000008
   11.71611118   -1.00000000    4.90999985    2.07999992
   11.71944427   -1.00000000    4.90999985    1.75000000
   11.72249985   -1.00000000    4.90999985    1.69000006
   11.72583294   -1.00000000    4.90999985    1.75000000
   11.72888851   -1.00000000    4.90999985    1.50000000
   11.73222160  163.01600647    4.90999985    1.91999996
   11.73555565  134.56599426    4.90999985    2.03999996
   11.73861122   -1.00000000    4.90999985    1.88000000
   11.74194431  143.91799927    4.90999985    1.96000004
   11.74527836  155.85899353    4.90999985    2.17000008
   11.74833393  175.04699707    4.90999985    2.07999992
   11.75166702  112.20500183    4.90999985    2.01999998
   11.75472260  155.32000732    4.90999985    2.26999998
   11.75805569  104.80999756    4.90999985    2.28999996
   11.76138878  118.30300140    4.90999985    2.26999998
   11.76333332  106.62999725    4.90999985    2.39000010
   11.76500034   93.91899872    4.90999985    2.46000004
   11.76833344   87.27069855    4.90999985    2.55999994
   11.77138901   95.78769684    4.90999985    2.55999994
   11.77472210   96.81490326    4.90999985    2.48000002
   11.77805519   93.14849854    4.90999985    2.55999994
   11.78111076   87.19470215    4.90999985    2.55999994
   11.78444481   95.00879669    4.90999985    2.46000004
   11.78777790  117.06199646    4.90999985    2.46000004
   11.79083347   91.68609619    4.90999985    2.46000004
   11.79416752   89.57869720    4.90999985    2.50000000
   11.79722309   85.13259888    4.90999985    2.51999998
   11.80055618   87.20909882    4.90999985    2.59999990
   11.80388927   88.56900024    4.90999985    2.51999998
   11.80694485   83.62989807    4.90999985    2.51999998
   11.81027794   81.01660156    4.90999985    2.53999996
   11.81333351   89.48410034    4.90999985    2.55999994
   11.81388950   90.28559875    4.90999985    2.55999994
   11.81722260   89.99759674    4.90999985    2.48000002
   11.82027817   87.65850067    4.90999985    2.39000010
   11.82361126   86.06919861    4.90999985    2.55999994
   11.82666683   88.72920227    4.90999985    2.53999996
   11.82999992   90.88040161    4.90999985    2.46000004
   11.83333302   90.10590363    4.90999985    2.48000002
   11.83638859   81.03240204    4.90999985    2.55999994
   11.83972168   92.41909790    4.90999985    2.57999992
   11.84305477   86.72290039    4.90999985    2.53999996
   11.84611034   91.62840271    4.90999985    2.40000010
   11.84944439   89.63890076    4.90999985    2.53999996
   11.85277843   82.66390228    4.90999985    2.51999998
   11.85583401   86.43090057    4.90999985    2.53999996
   11.85916710   86.13809967    4.90999985    2.50000000
   11.86222267   87.23989868    4.90999985    2.46000004
   11.86333370   88.53810120    4.90999985    2.46000004
   11.86611176   84.01730347    4.90999985    2.51999998
   11.86944485   84.07379913    4.90999985    2.57999992
   11.87250042   87.59790039    4.90999985    2.53999996
   11.87583351   88.07599640    4.90999985    2.59999990
   11.87916660   79.17749786    4.90999985    2.57999992
   11.88222218   86.46589661    4.90999985    2.53999996
   11.88555527   80.29190063    4.90999985    2.51999998
   11.88861084   81.47019958    4.90999985    2.55999994
   11.89194393   81.45120239    4.90999985    2.53999996
   11.89527798   85.00450134    4.90999985    2.46000004
   11.89833355   88.89739990    4.90999985    2.55999994
   11.90166664   85.19799805    4.90999985    2.48000002
   11.90499973   86.15979767    4.90999985    2.53999996
   11.90805531   87.91139984    4.90999985    2.48000002
   11.91138840   85.23020172    4.90999985    2.57999992
   11.91333294   83.24530029    4.90999985    2.53999996
   11.91499996   80.55509949    4.90999985    2.57999992
   11.91833401   81.34980011    4.90999985    2.55999994
   11.92138958   79.47810364    4.90999985    2.57999992
   11.92472267   91.67320251    4.90999985    2.50000000
   11.92805576   86.80809784    4.90999985    2.53999996
   11.93111134   83.66719818    4.90999985    2.51999998
   11.93444443   81.91169739    4.90999985    2.57999992
   11.93750000   81.54789734    4.90999985    2.64000010
   11.94083309   83.20069885    4.90999985    2.59999990
   11.94416714   84.94930267    4.90999985    2.61999989
   11.94722271   84.47460175    4.90999985    2.57999992
   11.95055580   91.77040100    4.90999985    2.59999990
   11.95388889   86.01290131    4.90999985    2.59999990
   11.95694447   86.00640106    4.90999985    2.59999990
   11.96027756   81.09140015    4.90999985    2.59999990
   11.96333313   84.07309723    4.90999985    2.59999990
   11.96388912   77.69029999    4.90999985    2.59999990
   11.96722221   90.18160248    4.90999985    2.59999990
   11.97027779   87.21089935    4.90999985    2.50000000
   11.97361088   84.12110138    4.90999985    2.53999996
   11.97694397   85.28530121    4.90999985    2.64000010
   11.97999954   78.24639893    4.90999985    2.64000010
   11.98333359   83.74929810    4.90999985    2.64000010
   11.98638916   86.09359741    4.90999985    2.64000010
   11.98972225   80.88639832    4.90999985    2.64000010
   11.99305534   82.07189941    4.90999985    2.61999989
   11.99611092   78.04940033    4.90999985    2.59999990
   11.99944496   79.63320160    4.90999985    2.64000010
   12.00277805   81.02239990    4.90999985    2.64000010
   12.00583363   76.98799896    4.90999985    2.64000010
   12.00916672   80.63809967    4.90999985    2.64000010
   12.01222229   80.35320282    4.90999985    2.64000010
   12.01333332   79.91960144    4.90999985    2.64000010
   12.01583290   77.88719940    4.90999985    2.64000010
   12.01916599   79.23410034    4.90999985    2.66000009
   12.02444458   78.69339752    4.90999985    2.64000010
   12.02833271   82.37689972    4.90999985    2.66000009
   12.03194427   84.13150024    4.90999985    2.64000010
   12.03500080   89.20749664    4.90999985    2.59999990
   12.03972244   83.57050323    4.90999985    2.59999990
   12.04388905   81.31870270    4.90999985    2.59999990
   12.04805565   85.13490295    4.90999985    2.55999994
   12.05111122   83.66429901    4.90999985    2.61999989
   12.05527782   81.45379639    4.90999985    2.64000010
   12.05888939   79.43019867    4.90999985    2.61999989
   12.06250000   79.61730194    4.90999985    2.66000009
   12.06500053   78.61710358    4.90999985    2.61999989
   12.06861115   81.04550171    4.90999985    2.64000010
   12.07222176   78.00420380    4.90999985    2.64000010
   12.07555580   81.35359955    4.90999985    2.64000010
   12.07888889   82.40180206    4.90999985    2.59999990
   12.08222198   84.08390045    4.90999985    2.61999989
   12.08555508   87.59329987    4.90999985    2.61999989
   12.08861065   80.06649780    4.90999985    2.64000010
   12.09194374   80.48419952    4.90999985    2.64000010
   12.09527779   78.65460205    4.90999985    2.66000009
   12.09861088   78.94000244    4.90999985    2.66000009
   12.10166740   77.49530029    4.90999985    2.67000008
   12.10500050   81.67130280    4.90999985    2.66000009
   12.10833359   78.98919678    4.90999985    2.66000009
   12.11166668   78.94840240    4.90999985    2.66000009
   12.11361122   82.99459839    4.90999985    2.67000008
   12.11555576   84.71099854    4.90999985    2.67000008
   12.11888885   76.02169800    4.90999985    2.67000008
   12.12194443   76.91829681    4.90999985    2.69000006
   12.12527752   82.10220337    4.90999985    2.66000009
   12.12916660   78.62319946    4.90999985    2.67000008
   12.13249969   79.53279877    4.90999985    2.67000008
   12.13583279   80.48840332    4.90999985    2.67000008
   12.13888836   77.19280243    4.90999985    2.67000008
   12.14222240   84.24160004    4.90999985    2.67000008
   12.14555550   81.16210175    4.90999985    2.67000008
   12.14888859   83.45960236    4.90999985    2.66000009
   12.15194416   79.03330231    4.90999985    2.67000008
   12.15555477   79.61540222    4.90999985    2.66000009
   12.15861034   79.21009827    4.90999985    2.66000009
   12.16277695   81.91470337    4.90999985    2.67000008
   12.16388893   79.82489777    4.90999985    2.67000008
   12.16750050   80.68560028    4.90999985    2.67000008
   12.17083359   80.89559937    4.90999985    2.66000009
   12.17416668   82.34780121    4.90999985    2.67000008
   12.17750072   80.22899628    4.90999985    2.66000009
   12.18083382   78.55100250    4.90999985    2.67000008
   12.18416691   79.52310181    4.90999985    2.67000008
   12.18777752   78.35549927    4.90999985    2.67000008
   12.19111156   76.58300018    4.90999985    2.67000008
   12.19444466   77.31240082    4.90999985    2.67000008
   12.19777775   86.56790161    4.90999985    2.67000008
   12.20111084   79.78060150    4.90999985    2.69000006
   12.20444393   78.61080170    4.90999985    2.67000008
   12.20777798   77.93170166    4.90999985    2.66000009
   12.21111107   80.46880341    4.90999985    2.67000008
   12.21361065   81.48269653    4.90999985    2.66000009
   12.21500015   78.31069946    4.90999985    2.66000009
   12.21861076   79.55619812    4.90999985    2.67000008
   12.22194386   81.61720276    4.90999985    2.66000009
   12.22527695   89.47460175    4.90999985    2.66000009
   12.22861099   79.86990356    4.90999985    2.67000008
   12.23194408   78.82820129    4.90999985    2.67000008
   12.23555565   78.37500000    4.90999985    2.69000006
   12.23888874   77.29810333    4.90999985    2.67000008
   12.24222279   79.89649963    4.90999985    2.69000006
   12.24555588   81.54250336    4.90999985    2.67000008
   12.24916649   80.15039825    4.90999985    2.67000008
   12.25249958   77.14230347    4.90999985    2.67000008
   12.25583363   80.45269775    4.90999985    2.67000008
   12.25916672   79.76889801    4.90999985    2.67000008
   12.26249981   80.34600067    4.90999985    2.66000009
   12.26361084   77.82060242    4.90999985    2.67000008
   12.26638889   79.38410187    4.90999985    2.69000006
   12.26999950   77.51460266    4.90999985    2.67000008
   12.27333355   76.33709717    4.90999985    2.67000008
   12.27666664   77.09660339    4.90999985    2.67000008
   12.27972221   80.39600372    4.90999985    2.67000008
   12.28333378   83.96540070    4.90999985    2.69000006
   12.28666687   78.42130280    4.90999985    2.67000008
   12.28972244   78.91750336    4.90999985    2.67000008
   12.29305553   82.88680267    4.90999985    2.67000008
   12.29666710   80.83519745    4.90999985    2.67000008
   12.30027771   78.39369965    4.90999985    2.67000008
   12.30361176   73.83119965    4.90999985    2.67000008
   12.30666733   77.83740234    4.90999985    2.67000008
   12.31000042   76.49569702    4.90999985    2.69000006
   12.31333351   80.52339935    4.90999985    2.69000006
   12.31388950   81.46569824    4.90999985    2.69000006
   12.31694412   80.07689667    4.90999985    2.67000008
   12.32027817   76.67800140    4.90999985    2.69000006
   12.32361126   78.26750183    4.90999985    2.69000006
   12.32694435   78.93800354    4.90999985    2.69000006
   12.32999992   77.40209961    4.90999985    2.69000006
   12.33333302   79.14640045    4.90999985    2.69000006
   12.33666611   77.83149719    4.90999985    2.69000006
   12.33972168   78.19229889    4.90999985    2.69000006
   12.34305477   75.87740326    4.90999985    2.69000006
   12.34638882   76.86250305    4.90999985    2.69000006
   12.34944439   78.29989624    4.90999985    2.69000006
   12.35277843   77.19680023    4.90999985    2.69000006
   12.35611153   76.25379944    4.90999985    2.67000008
   12.36000061   77.67130280    4.90999985    2.69000006
   12.36361122   77.37249756    4.90999985    2.69000006
   12.36416721   78.10469818    4.90999985    2.69000006
   12.36722279   78.37149811    4.90999985    2.69000006
   12.37027836   78.28869629    4.90999985    2.69000006
   12.37361145   82.19329834    4.90999985    2.69000006
   12.37694454   83.10320282    4.90999985    2.69000006
   12.38000011   77.90429688    4.90999985    2.69000006
   12.38333321   78.78399658    4.90999985    2.69000006
   12.38666630   80.52220154    4.90999985    2.71000004
   12.38972187   77.16870117    4.90999985    2.69000006
   12.39305496   81.42700195    4.90999985    2.71000004
   12.39638901   77.21230316    4.90999985    2.71000004
   12.39972210   77.49389648    4.90999985    2.69000006
   12.40305519   75.99890137    4.90999985    2.69000006
   12.40638828   80.51170349    4.90999985    2.69000006
   12.40972137   75.05889893    4.90999985    2.69000006
   12.41305542   76.62550354    4.90999985    2.69000006
   12.41416645   78.77010345    4.90999985    2.69000006
   12.41694450   79.36289978    4.90999985    2.69000006
   12.42027855   77.30429840    4.90999985    2.73000002
   12.42361164   76.60749817    4.90999985    2.67000008
   12.42666721   75.53790283    4.90999985    2.71000004
   12.43000031   80.26679993    4.90999985    2.69000006
   12.43333340   84.41760254    4.90999985    2.69000006
   12.43666649   78.14640045    4.90999985    2.71000004
   12.44000053   84.46040344    4.90999985    2.69000006
   12.44333363   83.58679962    4.90999985    2.69000006
   12.44666672   79.45379639    4.90999985    2.71000004
   12.44972229   76.18399811    4.90999985    2.71000004
   12.45305538   83.11360168    4.90999985    2.71000004
   12.45638847   77.66719818    4.90999985    2.69000006
   12.45972157   79.84020233    4.90999985    2.69000006
   12.46305561   75.87169647    4.90999985    2.69000006
   12.46416664   78.96230316    4.90999985    2.71000004
   12.46694374   78.58180237    4.90999985    2.71000004
   12.47027779   81.01979828    4.90999985    2.69000006
   12.47361088   76.14160156    4.90999985    2.71000004
   12.47694397   78.19599915    4.90999985    2.69000006
   12.47999954   78.76309967    4.90999985    2.71000004
   12.48333359   80.04329681    4.90999985    2.64000010
   12.48666668   79.76999664    4.90999985    2.69000006
   12.49000072   80.25569916    4.90999985    2.69000006
   12.49333382   85.49780273    4.90999985    2.69000006
   12.49638939   81.58899689    4.90999985    2.73000002
   12.49972248   77.80780029    4.90999985    2.71000004
   12.50305557   75.54100037    4.90999985    2.71000004
   12.50611115   78.49340057    4.90999985    2.71000004
   12.50944424   77.00849915    4.90999985    2.73000002
   12.51277733   76.88849640    4.90999985    2.71000004
   12.51416683   79.11660004    4.90999985    2.73000002
   12.51638889   82.92739868    4.90999985    2.71000004
   12.51972198   77.01300049    4.90999985    2.73000002
   12.52277756   75.64140320    4.90999985    2.71000004
   12.52611065   79.58219910    4.90999985    2.71000004
   12.52944374   78.03009796    4.90999985    2.71000004
   12.53277779   80.10579681    4.90999985    2.71000004
   12.53611183   78.04039764    4.90999985    2.73000002
   12.53916740   79.15679932    4.90999985    2.73000002
   12.54333401   83.16429901    4.90999985    2.71000004
   12.54666710   76.44309998    4.90999985    2.71000004
   12.55000019   80.85489655    4.90999985    2.67000008
   12.55333328   79.79229736    4.90999985    2.71000004
   12.55861092   79.59780121    4.90999985    2.71000004
   12.56250000   82.25830078    4.90999985    2.71000004
   12.57027817   80.99639893    4.90999985    2.73000002
   12.57333374   77.19609833    4.90999985    2.73000002
   12.57666683   81.48210144    4.90999985    2.71000004
   12.58055592   76.77739716    4.90999985    2.71000004
   12.58388901   78.05860138    4.90999985    2.73000002
   12.58694458   79.31690216    4.90999985    2.71000004
   12.59027767   80.48459625    4.90999985    2.71000004
   12.59388828   76.20520020    4.90999985    2.73000002
   12.59722233   76.88140106    4.90999985    2.71000004
   12.60055637   79.67140198    4.90999985    2.71000004
   12.60388947   79.36840057    4.90999985    2.73000002
   12.60750008   80.51719666    4.90999985    2.67000008
   12.61222267   82.39790344    4.90999985    2.71000004
   12.61416721   81.33899689    4.90999985    2.71000004
   12.61611176   78.92220306    4.90999985    2.71000004
   12.61944485   77.10549927    4.90999985    2.71000004
   12.62277794   81.36959839    4.90999985    2.69000006
   12.62611103   77.28240204    4.90999985    2.67000008
   12.62944412   80.95600128    4.90999985    2.71000004
   12.64916611   79.65859985    4.90999985    2.71000004
   12.65249920   82.88079834    4.90999985    2.71000004
   12.65583324   76.44940186    4.90999985    2.71000004
   12.65944386   78.10859680    4.90999985    2.73000002
   12.66277695   79.30280304    4.90999985    2.73000002
   12.66416645   80.87439728    4.90999985    2.69000006
   12.66638851   78.99099731    4.90999985    2.75000000
   12.66972256   76.69010162    4.90999985    2.73000002
   12.67305565   76.53730011    4.90999985    2.73000002
   12.67638874   77.12210083    4.90999985    2.73000002
   12.67972279   82.22350311    4.90999985    2.73000002
   12.68500042   76.43309784    4.90999985    2.73000002
   12.68833351   76.86299896    4.90999985    2.73000002
   12.69222260   76.88369751    4.90999985    2.73000002
   12.69583321   78.94740295    4.90999985    2.73000002
   12.69972229   81.06050110    4.90999985    2.75000000
   12.70305538   79.76989746    4.90999985    2.75000000
   12.70638847   82.17690277    4.90999985    2.73000002
   12.70972157   80.36640167    4.90999985    2.73000002
   12.71333313   78.35549927    4.90999985    2.71000004
   12.71527767   75.99919891    4.90999985    2.71000004
   12.71861076   78.00589752    4.90999985    2.73000002
   12.72194386   82.45339966    4.90999985    2.75000000
   12.72527695   77.34510040    4.90999985    2.73000002
   12.72861099   79.33489990    4.90999985    2.73000002
   12.73166656   75.79460144    4.90999985    2.75000000
   12.73500061   77.64029694    4.90999985    2.75000000
   12.73833370   77.30239868    4.90999985    2.71000004
   12.74166679   80.29319763    4.90999985    2.67000008
   12.74527836   79.03420258    4.90999985    2.71000004
   12.74916649   76.71720123    4.90999985    2.73000002
   12.75249958   79.97460175    4.90999985    2.69000006
   12.75611115   78.09970093    4.90999985    2.73000002
   12.75916672   75.54039764    4.90999985    2.73000002
   12.76305580   75.33260345    4.90999985    2.75000000
   12.76416683   79.71800232    4.90999985    2.75000000
   12.76666641   81.23909760    4.90999985    2.73000002
   12.76999950   79.24340057    4.90999985    2.73000002
   12.77333355   77.59799957    4.90999985    2.71000004
   12.77666664   81.14859772    4.90999985    2.71000004
   12.77972221   77.65170288    4.90999985    2.73000002
   12.78305531   79.30030060    4.90999985    2.73000002
   12.78638935   76.56649780    4.90999985    2.69000006
   12.78972244   79.33860016    4.90999985    2.73000002
   12.79305553   80.10060120    4.90999985    2.73000002
   12.79611111   87.45110321    4.90999985    2.73000002
   12.79944515   82.40390015    4.90999985    2.71000004
   12.80277824   83.57980347    4.90999985    2.75000000
   12.80611134   77.90110016    4.90999985    2.75000000
   12.80944443   77.36799622    4.90999985    2.75000000
   12.81250000   78.42520142    4.90999985    2.73000002
   12.81416702   79.23069763    4.90999985    2.73000002
   12.81638908   79.56710052    4.90999985    2.73000002
   12.81972218   75.96219635    4.90999985    2.75000000
   12.82305527   76.48690033    4.90999985    2.73000002
   12.82611084   79.14320374    4.90999985    2.75000000
   12.82972240   79.56549835    4.90999985    2.75000000
   12.83305550   76.14820099    4.90999985    2.75000000
   12.83666611   81.06320190    4.90999985    2.75000000
   12.84000015   76.15090179    4.90999985    2.73000002
   12.84361076   75.55339813    4.90999985    2.71000004
   12.84694386   77.74330139    4.90999985    2.75000000
   12.85055637   78.61350250    4.90999985    2.73000002
   12.85388947   75.94619751    4.90999985    2.71000004
   12.85750008   76.42690277    4.90999985    2.67000008
   12.86083412   76.42849731    4.90999985    2.71000004
   12.86500072   77.45870209    4.90999985    2.75000000
   12.86583328   81.41819763    4.90999985    2.75000000
   12.86944485   77.38179779    4.90999985    2.75000000
   12.87305546   79.46959686    4.90999985    2.75000000
   12.87638855   77.37270355    4.90999985    2.76999998
   12.88000011   77.30339813    4.90999985    2.76999998
   12.88333321   79.48410034    4.90999985    2.75000000
   12.88694477   76.47219849    4.90999985    2.75000000
   12.89027786   81.85430145    4.90999985    2.51999998
   12.89361095   76.11419678    4.90999985    2.64000010
   12.89666653   78.84629822    4.90999985    2.67000008
   12.89999962   77.12960052    4.90999985    2.76999998
   12.90333271   73.31020355    4.90999985    2.75000000
   12.90666676   75.35340118    4.90999985    2.78999996
   12.90999985   75.98249817    4.90999985    2.76999998
   12.91333294   77.88220215    4.90999985    2.76999998
   12.91555500   75.47039795    4.90999985    2.76999998
   12.91861153   80.24890137    4.90999985    2.76999998
   12.92166710   76.04669952    4.90999985    2.78999996
   12.92500019   76.34249878    4.90999985    2.76999998
   12.92888927   74.95700073    4.90999985    2.76999998
   12.93249989   77.93070221    4.90999985    2.76999998
   12.93666649   76.30919647    4.90999985    2.76999998
   12.94055557   77.08070374    4.90999985    2.78999996
   12.94472218   78.39409637    4.90999985    2.76999998
   12.94833374   76.42600250    4.90999985    2.76999998
   12.95222187   74.89189911    4.90999985    2.76999998
   12.95583344   76.74469757    4.90999985    2.76999998
   12.95944405   77.56310272    4.90999985    2.78999996
   12.96333313   76.97679901    4.90999985    2.76999998
   12.96527767   75.82150269    4.90999985    2.78999996
   12.96861076   77.97709656    4.90999985    2.78999996
   12.97277737   76.91539764    4.90999985    2.78999996
   12.97722149   74.43029785    4.90999985    2.78999996
   12.98083305   80.84690094    4.90999985    2.78999996
   12.98472214   74.58360291    4.90999985    2.78999996
   12.98833370   76.01380157    4.90999985    2.76999998
   12.99250031   77.81259918    4.90999985    2.75000000
   12.99611092   76.03070068    4.90999985    2.76999998
   13.00000000   75.13079834    4.90999985    2.78999996
   13.00361156   74.45610046    4.90999985    2.78999996
   13.00694466   80.35690308    4.90999985    2.76999998
   13.01055527   74.06449890    4.90999985    2.78999996
   13.01388931   77.73509979    4.90999985    2.76999998
   13.01500034   75.17340088    4.90999985    2.78999996
   13.01861095   77.48960114    4.90999985    2.78999996
   13.02305508   77.69409943    4.90999985    2.78999996
   13.02666664   76.46939850    4.90999985    2.78999996
   13.03027725   74.68460083    4.90999985    2.75000000
   13.03416729   72.85369873    4.90999985    2.78999996
   13.03777790   76.22550201    4.90999985    2.78999996
   13.04138947   75.90290070    4.90999985    2.78999996
   13.04555607   77.35070038    4.90999985    2.78999996
   13.04944515   76.60929871    4.90999985    2.76999998
   13.05333328   75.91709900    4.90999985    2.75000000
   13.05722237   78.36489868    4.90999985    2.69000006
   13.06111145   76.04640198    4.90999985    2.73000002
   13.06555557   77.51129913    4.90999985    2.75000000
   13.06611156   80.09480286    4.90999985    2.71000004
   13.06944466   76.94360352    4.90999985    2.69000006
   13.07250023   79.57080078    4.90999985    2.75000000
   13.07583332   78.57039642    4.90999985    2.78999996
   13.07916641   78.50240326    4.90999985    2.75000000
   13.08222198   78.70249939    4.90999985    2.71000004
   13.08555508   73.78019714    4.90999985    2.78999996
   13.19972229   -1.00000000   -1.00000000   -1.00000000
   13.29944515   -1.00000000   -1.00000000   -1.00000000
   13.40055561   -1.00000000   -1.00000000   -1.00000000
   13.44000053   68.20020294    4.90999985    2.66000009
   13.44333363   82.86270142    4.90999985    2.78999996
   13.44638920  150.13900757    4.90999985    2.84999990
   13.44972229   85.50859833    4.90999985    2.69000006
   13.45277786   77.33920288    4.90999985    2.82999992
   13.45611095   77.24469757    4.90999985    2.80999994
   13.45944405   83.26930237    4.90999985    2.76999998
   13.46249962   78.91799927    4.90999985    2.80999994
   13.46861076   78.91799927    4.90999985    2.78999996
   13.47277737   85.13300323    4.90999985    2.80999994
   13.47583294   83.10600281    4.90999985    2.76999998
   13.47916603   84.53749847    4.90999985    2.71000004
   13.48249912   80.62729645    4.90999985    2.80999994
   13.48555565   96.79049683    4.90999985    2.51999998
   13.48888874   78.88110352    4.90999985    2.69000006
   13.49000072   82.79519653    4.90999985    2.75000000
   13.49250031   77.40699768    4.90999985    2.78999996
   13.49555588   97.76660156    4.90999985    2.13000011
   13.49888897   90.74559784    4.90999985    2.32999992
   13.50194454   -1.00000000    4.90999985    2.11999989
   13.50527763   -1.00000000    4.90999985    1.39999998
   13.50861073  105.66799927    4.90999985    2.01999998
   13.51166630   82.88590240    4.90999985    2.71000004
   13.51500034   87.03489685    4.90999985    2.86999989
   13.51972198   87.03489685    4.90999985    1.66999996
   13.52388859   79.73950195    4.90999985    2.57999992
   13.52722168   80.63849640    4.90999985    2.71000004
   13.53027725   78.35929871    4.90999985    2.78999996
   13.53361130   83.69730377    4.90999985    2.64000010
   13.53694534   88.07270050    4.90999985    2.71000004
   13.54000092   78.51090240    4.90999985    2.69000006
   13.54055595   81.02940369    4.90999985    2.71000004
   13.54361153   81.85600281    4.90999985    2.71000004
   13.54694462   85.62920380    4.90999985    2.80999994
   13.55000019   87.09210205    4.90999985    2.78999996
   13.55333328   79.55680084    4.90999985    2.71000004
   13.55666733   79.36779785    4.90999985    2.71000004
   13.55972195   84.73970032    4.90999985    2.71000004
   13.56305599   95.62719727    4.90999985    2.71000004
   13.56638908  105.99299622    4.90999985    2.00000000
   13.57083321  105.99299622    4.90999985    2.39000010
   13.57499981   77.23629761    4.90999985    2.76999998
   13.57833290  114.87899780    4.90999985    2.64000010
   13.58166695   84.11609650    4.90999985    2.34999990
   13.58472157   77.70670319    4.90999985    2.67000008
   13.58805561   76.92340088    4.90999985    2.78999996
   13.59000015   80.05570221    4.90999985    2.82999992
   13.59166622   85.87509918    4.90999985    2.84999990
   13.59472179   -1.00000000    4.90999985    2.59999990
   13.59805489   -1.00000000    4.90999985    0.94000000
   13.60111141   -1.00000000    4.90999985    0.79000002
   13.60444450   90.81009674    4.90999985    2.39000010
   13.60777855   83.30100250    4.90999985    2.67000008
   13.61083412   88.66120148    4.90999985    2.76999998
   13.61416721   88.48690033    4.90999985    2.57999992
   13.61750031   81.95469666    4.90999985    2.67000008
   13.62222195   81.95469666    4.90999985    2.55999994
   13.62638855  191.04100037    4.90999985    2.34999990
   13.62944412  119.98400116    4.90999985    1.73000002
   13.63277817   81.70989990    4.90999985    2.34999990
   13.63583279   95.57839966    4.90999985    2.71000004
   13.63916683   82.36990356    4.90999985    2.69000006
   13.64000034   87.99870300    4.90999985    2.57999992
   13.64277744   82.95880127    4.90999985    2.61999989
   13.64583302   85.35530090    4.90999985    2.57999992
   13.64916611   92.13439941    4.90999985    2.66000009
   13.65249920   99.03440094    4.90999985    2.50000000
   13.65555477  187.23399353    4.90999985    2.34999990
   13.65888882   -1.00000000    4.90999985    1.44000006
   13.66222191  269.04098511    4.90999985    1.63000000
   13.66527748  199.39500427    4.90999985    2.19000006
   13.66861153   94.11789703    4.90999985    2.36999989
   13.67333412   94.11789703    4.90999985    2.42000008
   13.67750072   -1.00000000    4.90999985    1.34000003
   13.68055630   -1.00000000    4.90999985    0.46000001
   13.68388939   -1.00000000    4.90999985    0.89999998
   13.68722248   -1.00000000    4.90999985    0.67000002
   13.69055557   -1.00000000    4.90999985    1.51999998
   13.69388866  117.79799652    4.90999985    1.83000004
   13.69722271  110.81199646    4.90999985    2.36999989
   13.70027733   97.27780151    4.90999985    2.34999990
   13.70361137   88.22190094    4.90999985    2.51999998
   13.70694447  100.15200043    4.90999985    2.73000002
   13.71000004   85.57189941    4.90999985    2.75000000
   13.71333313   81.13749695    4.90999985    2.75000000
   13.71638870   89.96540070    4.90999985    2.48000002
   13.71972179  114.02200317    4.90999985    2.48000002
   13.72444439  114.02200317    4.90999985    2.40000010
   13.72861099   81.97209930    4.90999985    2.76999998
   13.73194408   84.04270172    4.90999985    2.86999989
   13.73500061   79.51969910    4.90999985    2.84999990
   13.73833370   89.29119873    4.90999985    2.82999992
   13.74000072  111.01200104    4.90999985    2.66000009
   13.74194431   -1.00000000    4.90999985    2.25000000
   13.74499989  128.88999939    4.90999985    1.73000002
   13.74833393  114.50399780    4.90999985    1.89999998
   13.75166702  110.18699646    4.90999985    2.48000002
   13.75472260   -1.00000000    4.90999985    2.40000010
   13.75805569   -1.00000000    4.90999985    1.34000003
   13.76111126   -1.00000000    4.90999985    0.44000000
   13.76444435   -1.00000000    4.90999985    0.50000000
   13.76777744   -1.00000000    4.90999985    0.47999999
   13.77083302   -1.00000000    4.90999985    0.51999998
   13.77555561   -1.00000000    4.90999985    1.73000002
   13.77972221   -1.00000000    4.90999985    2.15000010
   13.78305531  145.04499817    4.90999985    1.80999994
   13.78611183  104.91000366    4.90999985    2.09999990
   13.78944492   62.24610138    4.90999985    2.32999992
   13.79305553   -1.00000000    4.90999985    1.39999998
   13.79611111   -1.00000000    4.90999985    1.09000003
   13.79944515  150.87300110    4.90999985    1.98000002
   13.80249977   85.76409912    4.90999985    2.30999994
   13.80583382   88.01570129    4.90999985    2.51999998
   13.80916691   77.28379822    4.90999985    2.69000006
   13.81222248   78.01540375    4.90999985    2.82999992
   13.81555557   82.96080017    4.90999985    2.82999992
   13.81888866   80.07230377    4.90999985    2.82999992
   13.82194424   81.37809753    4.90999985    2.73000002
   13.82694435   81.37809753    4.90999985    2.84999990
   13.83111095   77.57969666    4.90999985    2.84999990
   13.83416653   75.88870239    4.90999985    2.82999992
   13.83749962   76.96710205    4.90999985    2.84999990
   13.84000015   80.53959656    4.90999985    2.86999989
   13.84111118   83.63130188    4.90999985    2.84999990
   13.84444427  150.36799622    4.90999985    2.78999996
   13.84749985   -1.00000000    4.90999985    2.03999996
   13.85083389   89.09950256    4.90999985    1.91999996
   13.85388947  106.76000214    4.90999985    1.96000004
   13.85722256   78.73770142    4.90999985    2.36999989
   13.86055565   75.08509827    4.90999985    2.76999998
   13.86361122   80.89489746    4.90999985    2.82999992
   13.86694431   77.19529724    4.90999985    2.80999994
   13.87027836   76.89839935    4.90999985    2.80999994
   13.87333393   78.32630157    4.90999985    2.73000002
   13.87805557   78.32630157    4.90999985    2.78999996
   13.88222218   83.67320251    4.90999985    2.66000009
   13.88527775   90.80699921    4.90999985    2.53999996
   13.88861084   -1.00000000    4.90999985    2.30999994
   13.89000034   68.78910065    4.90999985    2.23000002
   13.89222240  161.34300232    4.90999985    2.11999989
   13.89555550  204.03100586    4.90999985    1.85000002
   13.89861107  118.86900330    4.90999985    1.98000002
   13.90194416   -1.00000000    4.90999985    2.01999998
   13.90499973   -1.00000000    4.90999985    2.13000011
   13.90833282   -1.00000000    4.90999985    1.30999994
   13.91166592  120.80300140    4.90999985    1.86000001
   13.91472149   -1.00000000    4.90999985    2.39000010
   13.91805553  116.04699707    4.90999985    1.51999998
   13.92138958   90.26999664    4.90999985    2.53999996
   13.92444515   94.53810120    4.90999985    2.84999990
   13.92916679   94.53810120    4.90999985    2.69000006
   13.93333340   -1.00000000    4.90999985    2.00000000
   13.93666649   -1.00000000    4.90999985    1.53999996
   13.93972206   -1.00000000    4.90999985    1.30999994
   13.94333363   -1.00000000    4.90999985    1.23000002
   13.94638920   -1.00000000    4.90999985    1.44000006
   13.94972229   -1.00000000    4.90999985    1.21000004
   13.95305538   -1.00000000    4.90999985    0.92000002
   13.95611095  132.58000183    4.90999985    1.96000004
   13.95944405   80.03279877    4.90999985    2.73000002
   13.96249962   89.92199707    4.90999985    2.67000008
   13.96583271  165.50399780    4.90999985    1.94000006
   13.96916580   -1.00000000    4.90999985    1.96000004
   13.97222137  106.52300262    4.90999985    2.13000011
   13.97555542   75.34390259    4.90999985    2.51999998
   13.98027706   75.34390259    4.90999985    2.73000002
   13.98444462   76.71240234    4.90999985    2.86999989
   13.98777771   75.77890015    4.90999985    2.86999989
   13.99027824   80.43910217    4.90999985    2.86999989
   13.99138927   75.12439728    4.90999985    2.84999990
   13.99472237   77.53790283    4.90999985    2.86999989
   13.99777794   79.82939911    4.90999985    2.86999989
   14.00111103   75.34590149    4.90999985    2.84999990
   14.00416660   76.00540161    4.90999985    2.84999990
   14.00749969   78.15850067    4.90999985    2.84999990
   14.01083374   75.20149994    4.90999985    2.86999989
   14.01388931   78.79450226    4.90999985    2.84999990
   14.01722240   77.50640106    4.90999985    2.86999989
   14.02055550   79.06120300    4.90999985    2.86999989
   14.02361107   74.08429718    4.90999985    2.84999990
   14.02694416   75.00129700    4.90999985    2.84999990
   14.03166676   75.00129700    4.90999985    2.84999990
   14.03555584   72.17900085    4.90999985    2.84999990
   14.03888893   80.48149872    4.90999985    2.84999990
   14.04027843   77.94570160    4.90999985    2.86999989
   14.04250050   75.99819946    4.90999985    2.84999990
   14.04583359   75.88490295    4.90999985    2.86999989
   14.04888916   78.43769836    4.90999985    2.86999989
   14.05222225   80.59519958    4.90999985    2.78999996
   14.05555534   80.76499939    4.90999985    2.67000008
   14.05861092   74.15190125    4.90999985    2.75000000
   14.06194496   79.28179932    4.90999985    2.76999998
   14.06500053   75.17469788    4.90999985    2.69000006
   14.06833363   77.13549805    4.90999985    2.86999989
   14.07166672   74.97630310    4.90999985    2.86999989
   14.07472229   77.76270294    4.90999985    2.86999989
   14.07805538   74.01889801    4.90999985    2.86999989
   14.08277798   74.01889801    4.90999985    2.84999990
   14.08694458   77.07060242    4.90999985    2.82999992
   14.09000015   73.53440094    4.90999985    2.80999994
   14.09055519   76.96330261    4.90999985    2.82999992
   14.09388828   75.94789886    4.90999985    2.76999998
   14.09722233   75.38490295    4.90999985    2.67000008
   14.10027790   74.81600189    4.90999985    2.80999994
   14.10361195   73.73639679    4.90999985    2.86999989
   14.10666752   76.15850067    4.90999985    2.91000009
   14.11000061   78.74269867    4.90999985    2.86999989
   14.11333370   75.93840027    4.90999985    2.86999989
   14.11638927   75.65249634    4.90999985    2.84999990
   14.11972237   79.95800018    4.90999985    2.78999996
   14.12305546   75.53150177    4.90999985    2.82999992
   14.12611103   77.35269928    4.90999985    2.86999989
   14.12944412   82.09400177    4.90999985    2.75000000
   14.13388920   82.09400177    4.90999985    2.19000006
   14.13805580   -1.00000000    4.90999985    1.66999996
   14.14166641   -1.00000000    4.90999985    1.09000003
   14.14472198  102.83399963    4.90999985    1.07000005
   14.14805508   80.66690063    4.90999985    2.42000008
   14.15111065  118.72899628    4.90999985    2.59999990
   14.15444374   89.41850281    4.90999985    2.34999990
   14.15777779   84.63710022    4.90999985    2.39000010
   14.16083336   85.37470245    4.90999985    2.50000000
   14.16416645   -1.00000000    4.90999985    2.23000002
   14.16750050   94.51560211    4.90999985    1.86000001
   14.17055607   89.60119629    4.90999985    2.57999992
   14.17388916   84.11519623    4.90999985    2.55999994
   14.17694473   78.24700165    4.90999985    2.66000009
   14.18027782   81.52960205    4.90999985    2.78999996
   14.18500042   81.52960205    4.90999985    2.40000010
   14.18916702   85.54340363    4.90999985    2.73000002
   14.19055557  124.45400238    4.90999985    2.67000008
   14.19277763   -1.00000000    4.90999985    2.23000002
   14.19611073   -1.00000000    4.90999985    1.71000004
   14.19916630   -1.00000000    4.90999985    1.38000000
   14.20249939   -1.00000000    4.90999985    1.39999998
   14.20555496   -1.00000000    4.90999985    1.46000004
   14.20888901   -1.00000000    4.90999985    0.98000002
   14.21222210   -1.00000000    4.90999985    0.86000001
   14.21527767   -1.00000000    4.90999985    0.95999998
   14.21861076   -1.00000000    4.90999985    0.56999999
   14.22194386   -1.00000000    4.90999985    0.51999998
   14.22499943   -1.00000000    4.90999985    0.73000002
   14.22833252   -1.00000000    4.90999985    1.01999998
   14.23138809   91.59929657    4.90999985    1.46000004
   14.23638916   91.59929657    4.90999985    2.78999996
   14.24055576   78.68090057    4.90999985    2.89000010
   14.24111176   83.46269989    4.90999985    2.86999989
   14.24416733   82.75620270    4.90999985    2.86999989
   14.24750042   81.88379669    4.90999985    2.86999989
   14.25055599  100.64700317    4.90999985    2.75000000
   14.25388908  111.79299927    4.90999985    2.57999992
   14.25722218   89.22419739    4.90999985    2.09999990
   14.26027775   78.94470215    4.90999985    2.57999992
   14.26361084   79.86229706    4.90999985    2.78999996
   14.26694393   83.79509735    4.90999985    2.78999996
   14.26999950  182.37100220    4.90999985    2.50000000
   14.27333355  128.96299744    4.90999985    2.13000011
   14.27638817   -1.00000000    4.90999985    2.17000008
   14.27972221   -1.00000000    4.90999985    1.66999996
   14.28305531   -1.00000000    4.90999985    1.88000000
   14.28750038   -1.00000000    4.90999985    1.69000006
   14.29166698   -1.00000000    4.90999985    1.78999996
   14.29472256  200.34199524    4.90999985    1.48000002
   14.29805565   -1.00000000    4.90999985    1.53999996
   14.30138874   -1.00000000    4.90999985    1.53999996
   14.30444431  124.51000214    4.90999985    1.60000002
   14.30777836  100.77700043    4.90999985    2.42000008
   14.31111145   86.93840027    4.90999985    2.67000008
   14.31416702   85.10980225    4.90999985    2.84999990
   14.31750011   77.74490356    4.90999985    2.86999989
   14.32055569   81.87509918    4.90999985    2.84999990
   14.32388878   81.54889679    4.90999985    2.78999996
   14.32722187   78.08000183    4.90999985    2.84999990
   14.33027744   77.73020172    4.90999985    2.84999990
   14.33361053   75.74700165    4.90999985    2.86999989
   14.33861065   75.74700165    4.90999985    2.86999989
   14.34277725   71.92070007    4.90999985    2.89000010
   14.34611034   74.72750092    4.90999985    2.89000010
   14.34916592   74.53639984    4.90999985    2.86999989
   14.35249996   76.63120270    4.90999985    2.86999989
   14.35583401   75.27919769    4.90999985    2.84999990
   14.35888958   76.69969940    4.90999985    2.82999992
   14.36222267   79.63929749    4.90999985    2.86999989
   14.36527824   79.90270233    4.90999985    2.61999989
   14.36861134   78.72720337    4.90999985    2.86999989
   14.37194443   79.93160248    4.90999985    2.86999989
   14.37500000   74.98680115    4.90999985    2.86999989
   14.37833309   79.98919678    4.90999985    2.82999992
   14.38166714  174.82099915    4.90999985    2.76999998
   14.38472176   -1.00000000    4.90999985    1.53999996
   14.39388847   -1.00000000    4.90999985    1.51999998
   14.39722252  236.26400757    4.90999985    1.50000000
   14.40027714   84.74150085    4.90999985    2.36999989
   14.40361118   89.38269806    4.90999985    2.53999996
   14.40694427   97.93630219    4.90999985    2.11999989
   14.40999985   82.11250305    4.90999985    2.73000002
   14.41333294   79.78379822    4.90999985    2.86999989
   14.41638851   81.13819885    4.90999985    2.91000009
   14.41972256   81.97940063    4.90999985    2.89000010
   14.42305565   79.84629822    4.90999985    2.84999990
   14.42611122  166.26699829    4.90999985    2.69000006
   14.42944431   83.61959839    4.90999985    2.00000000
   14.43277836   -1.00000000    4.90999985    1.33000004
   14.43583298   -1.00000000    4.90999985    0.70999998
   14.45749950  114.12500000    4.90999985    2.50000000
   14.45777798   97.60420227    4.90999985    2.50000000
   14.46111107  114.26000214    4.90999985    2.57999992
   14.46444416   -1.00000000    4.90999985    2.07999992
   14.46749973   -1.00000000    4.90999985    1.03999996
   14.47083282   -1.00000000    4.90999985    0.75000000
   14.47416592   -1.00000000    4.90999985    0.70999998
   14.47722149   -1.00000000    4.90999985    0.44000000
   14.48055553   -1.00000000    4.90999985    0.38000000
   14.48361111   -1.00000000    4.90999985    0.23000000
   14.48694515   -1.00000000    4.90999985    0.50000000
   14.49638939   -1.00000000    4.90999985    0.55000001
   14.49972248  110.61499786    4.90999985    1.91999996
   14.50277805   82.04250336    4.90999985    2.28999996
   14.50611115   85.44380188    4.90999985    2.71000004
   14.50722218   84.62049866    4.90999985    2.76999998
   14.50972176   86.96700287    4.90999985    2.75000000
   14.51277733   81.98349762    4.90999985    2.30999994
   14.51611137   88.15799713    4.90999985    2.32999992
   14.51944447   85.42849731    4.90999985    2.80999994
   14.52250004   95.85359955    4.90999985    2.78999996
   14.52583313  138.20899963    4.90999985    2.36999989
   14.52916622   -1.00000000    4.90999985    1.16999996
   14.53222179  132.19700623    4.90999985    1.30999994
   14.53555584   93.40180206    4.90999985    2.32999992
   14.53861141   87.80860138    4.90999985    2.64000010
   14.54361153   87.80860138    4.90999985    2.86999989
   14.54750061   79.58999634    4.90999985    2.89000010
   14.55083370   73.65769958    4.90999985    2.91000009
   14.55416679   73.65209961    4.90999985    2.89000010
   14.55722237   76.68550110    4.90999985    2.91000009
   14.55777836   78.62390137    4.90999985    2.91000009
   14.56111145   77.23509979    4.90999985    2.89000010
   14.56416702   82.81520081    4.90999985    2.89000010
   14.56750011  116.31099701    4.90999985    2.66000009
   14.57083321   -1.00000000    4.90999985    1.94000006
   14.57388878   -1.00000000    4.90999985    0.89999998
   14.57722187   -1.00000000    4.90999985    1.11000001
   14.58027744   -1.00000000    4.90999985    0.56999999
   14.58361053   -1.00000000    4.90999985    0.19000000
   14.58694458   -1.00000000    4.90999985    0.17000000
   14.59000015   -1.00000000    4.90999985    0.07000000
   14.59861088   -1.00000000    4.90999985    0.41999999
   14.60194492   -1.00000000    4.90999985    0.25000000
   14.60527802   -1.00000000    4.90999985    0.13000000
   14.60888958   -1.00000000    4.90999985    0.03000000
   14.61194515   -1.00000000    4.90999985    0.15000001
   14.61527824   -1.00000000    4.90999985    0.34000000
   14.61833382   -1.00000000    4.90999985    0.56999999
   14.62166691   -1.00000000    4.90999985    1.16999996
   14.62500000   -1.00000000    4.90999985    1.71000004
   14.62805557   -1.00000000    4.90999985    1.51999998
   14.63138866   -1.00000000    4.90999985    1.71000004
   14.63472176   -1.00000000    4.90999985    1.07000005
   14.63777733   90.28820038    4.90999985    2.39000010
   14.64111137  101.19200134    4.90999985    2.78999996
   14.64583302  101.19200134    4.90999985    2.55999994
   14.64999962   90.94480133    4.90999985    2.34999990
   14.65333271   84.16519928    4.90999985    2.57999992
   14.65638828  154.15600586    4.90999985    2.21000004
   14.65722179  153.24400330    4.90999985    2.01999998
   14.65999985  233.84199524    4.90999985    2.25000000
   14.66333294   90.18949890    4.90999985    1.73000002
   14.66638851   88.81400299    4.90999985    2.80999994
   14.66972256   -1.00000000    4.90999985    2.01999998
   14.67277813   -1.00000000    4.90999985    1.63000000
   14.67611122  172.63299561    4.90999985    1.76999998
   14.67944431  115.80799866    4.90999985    2.00000000
   14.68249989   93.30460358    4.90999985    2.23000002
   14.68583298   87.89929962    4.90999985    2.42000008
   14.68916702   89.08820343    4.90999985    2.66000009
   14.69222260   83.55719757    4.90999985    2.91000009
   14.69694424   83.55719757    4.90999985    2.91000009
   14.70111084   80.10009766    4.90999985    2.91000009
   14.70444393   82.67350006    4.90999985    2.93000007
   14.70722198   84.96330261    4.90999985    2.91000009
   14.70805550   79.48179626    4.90999985    2.91000009
   14.71138859   85.15110016    4.90999985    2.91000009
   14.71444416   84.40090179    4.90999985    2.93000007
   14.71777725   82.57469940    4.90999985    2.93000007
   14.72083282   82.98229980    4.90999985    2.93000007
   14.72416592   83.91989899    4.90999985    2.91000009
   14.72749996   76.11209869    4.90999985    2.91000009
   14.73055553   79.74729919    4.90999985    2.91000009
   14.73388958   78.90170288    4.90999985    2.93000007
   14.73722267   83.08519745    4.90999985    2.91000009
   14.74027824   79.45529938    4.90999985    2.93000007
   14.74361134   78.85310364    4.90999985    2.93000007
   14.74833393   78.85310364    4.90999985    2.93000007
   14.75222206   82.54340363    4.90999985    2.93000007
   14.75555515   79.15090179    4.90999985    2.93000007
   14.75722218   76.54499817    4.90999985    2.91000009
   14.75916672   76.03289795    4.90999985    2.93000007
   14.76249981   71.86329651    4.90999985    2.93000007
   14.76555538   74.69349670    4.90999985    2.91000009
   14.76888847   77.69110107    4.90999985    2.86999989
   14.77222157   79.89749908    4.90999985    2.82999992
   14.77527714   79.56050110    4.90999985    2.86999989
   14.77861118   79.31189728    4.90999985    2.91000009
   14.78166676   80.27890015    4.90999985    2.84999990
   14.78500080   77.25250244    4.90999985    2.89000010
   14.78833389   77.65920258    4.90999985    2.86999989
   14.79138947   79.08380127    4.90999985    2.75000000
   14.79472256   83.73069763    4.90999985    2.84999990
   14.79944515   83.73069763    4.90999985    2.76999998
   14.80361176   75.10649872    4.90999985    2.82999992
   14.80694485   73.33309937    4.90999985    2.82999992
   14.80749989   73.36769867    4.90999985    2.82999992
   14.81027794   74.88490295    4.90999985    2.82999992
   14.81361103   78.95580292    4.90999985    2.84999990
   14.81666660   81.03780365    4.90999985    2.86999989
   14.81999969   81.06220245    4.90999985    2.91000009
   14.82333374   76.26059723    4.90999985    2.91000009
   14.82638836   76.68229675    4.90999985    2.86999989
   14.82972240   76.65419769    4.90999985    2.89000010
   14.83305550   80.66829681    4.90999985    2.82999992
   14.83611107   82.47840118    4.90999985    2.82999992
   14.83944416   76.99220276    4.90999985    2.75000000
   14.84249973   80.31340027    4.90999985    2.78999996
   14.84583282   79.90450287    4.90999985    2.71000004
   14.85055637   79.90450287    4.90999985    2.75000000
   14.85472298   -1.00000000    4.90999985    2.13000011
   14.85750008   90.42849731    4.90999985    1.30999994
   14.85833359   80.90720367    4.90999985    1.48000002
   14.86166668   88.02529907    4.90999985    2.69000006
   14.86472225   81.63379669    4.90999985    2.53999996
   14.86805534  104.51899719    4.90999985    2.57999992
   14.87138939   81.76000214    4.90999985    2.09999990
   14.87444496   85.12899780    4.90999985    2.75000000
   14.87777805   -1.00000000    4.90999985    2.17000008
   14.88111115   -1.00000000    4.90999985    0.95999998
   14.88416672   -1.00000000    4.90999985    1.28999996
   14.88749981   93.17590332    4.90999985    1.60000002
   14.89055538   81.09609985    4.90999985    2.61999989
   14.89388847  151.13499451    4.90999985    2.82999992
   14.89722252  102.99600220    4.90999985    2.53999996
   14.90583324   -1.00000000    4.90999985    1.69000006
   14.90944386   -1.00000000    4.90999985    1.21000004
   14.91249943   -1.00000000    4.90999985    0.41999999
   14.91583252   -1.00000000    4.90999985    0.70999998
   14.91916656   76.77940369    4.90999985    1.13000000
   14.92222214   76.29850006    4.90999985    2.94000006
   14.92555618   86.30799866    4.90999985    2.93000007
   14.92888927   78.59239960    4.90999985    2.93000007
   14.93194485   74.70050049    4.90999985    2.93000007
   14.93527794   87.18769836    4.90999985    2.84999990
   14.93833351   86.15599823    4.90999985    2.64000010
   14.94166660   89.29309845    4.90999985    2.50000000
   14.94499969   80.83699799    4.90999985    2.71000004
   14.94805527   96.72779846    4.90999985    2.57999992
   14.95305538   96.72779846    4.90999985    2.71000004
   14.95722198   80.75879669    4.90999985    2.75000000
   14.95777798   87.08290100    4.90999985    2.82999992
   14.96083355   -1.00000000    4.90999985    2.03999996
   14.96416664   -1.00000000    4.90999985    1.07000005
   14.96749973   -1.00000000    4.90999985    1.44000006
   14.97055531   -1.00000000    4.90999985    1.07000005
   14.97388840   79.44470215    4.90999985    1.76999998
   14.97722149   78.52469635    4.90999985    2.89000010
   14.98027706   83.87519836    4.90999985    2.61999989
   14.98361111   83.91339874    4.90999985    2.71000004
   14.98694515   94.30930328    4.90999985    2.42000008
   14.99000072   -1.00000000    4.90999985    2.44000006
   14.99333382   -1.00000000    4.90999985    2.30999994
   14.99666691   -1.00000000    4.90999985    1.60000002
   14.99972248   -1.00000000    4.90999985    1.46000004
   15.00833321   -1.00000000    4.90999985    0.92000002
   15.01138878   -1.00000000    4.90999985    0.34000000
   15.01472187   -1.00000000    4.90999985    0.09000000
   15.01805496   -1.00000000    4.90999985    0.03000000
   15.02111053   -1.00000000    4.90999985    0.05000000
   15.02444458   -1.00000000    4.90999985    0.13000000
   15.02750015   -1.00000000    4.90999985    0.11000000
   15.03083324   -1.00000000    4.90999985    0.25999999
   15.03416729   -1.00000000    4.90999985    0.38000000
   15.03722286   -1.00000000    4.90999985    0.40000001
   15.04055595   -1.00000000    4.90999985    0.41999999
   15.04388905   -1.00000000    4.90999985    0.73000002
   15.04694462  117.67099762    4.90999985    0.79000002
   15.05027771   23.57019997    4.90999985    2.32999992
   15.05944443   -1.00000000    4.90999985    0.19000000
   15.06277752   -1.00000000    4.90999985    0.38000000
   15.06583309   -1.00000000    4.90999985    0.15000001
   15.06916618   -1.00000000    4.90999985    0.07000000
   15.07222176   -1.00000000    4.90999985    0.13000000
   15.07555580   -1.00000000    4.90999985    0.41999999
   15.07888889   -1.00000000    4.90999985    0.56999999
   15.08194447   -1.00000000    4.90999985    0.69000000
   15.08527756   -1.00000000    4.90999985    0.25000000
   15.08861065   -1.00000000    4.90999985    0.05000000
   15.09166622   -1.00000000    4.90999985    0.05000000
   15.09499931   -1.00000000    4.90999985    0.07000000
   15.09805489   -1.00000000    4.90999985    0.13000000
   15.10138893   -1.00000000    4.90999985    0.38000000
   15.10666752   -1.00000000    4.90999985    1.38000000
   15.11055565   96.74040222    4.90999985    2.05999994
   15.11388969   78.45649719    4.90999985    2.67000008
   15.11722279   80.30449677    4.90999985    2.91000009
   15.12027836   77.72779846    4.90999985    2.93000007
   15.12361145   73.76830292    4.90999985    2.93000007
   15.12694454   78.17089844    4.90999985    2.91000009
   15.13000011   74.90149689    4.90999985    2.93000007
   15.13333321   76.25869751    4.90999985    2.93000007
   15.13638878   82.83550262    4.90999985    2.91000009
   15.13972187   85.68540192    4.90999985    2.89000010
   15.14305496   83.43049622    4.90999985    2.67000008
   15.14611053   90.27200317    4.90999985    2.66000009
   15.14944458  190.87699890    4.90999985    2.23000002
   15.15277767  106.64399719    4.90999985    2.57999992
   15.15777779  106.64399719    4.90999985    2.82999992
   15.16194439   80.69969940    4.90999985    2.78999996
   15.16499996   81.59880066    4.90999985    2.84999990
   15.16833401   79.58730316    4.90999985    2.71000004
   15.17166710   75.87239838    4.90999985    2.84999990
   15.17472267   77.77079773    4.90999985    2.94000006
   15.17805576   76.16979980    4.90999985    2.93000007
   15.18111134   78.24009705    4.90999985    2.94000006
   15.18444443   93.93679810    4.90999985    2.80999994
   15.18777752  112.95500183    4.90999985    2.48000002
   15.19083309   89.05239868    4.90999985    2.59999990
   15.19416714   90.13990021    4.90999985    2.66000009
   15.19750023   82.41110229    4.90999985    2.64000010
   15.20055580   80.03279877    4.90999985    2.80999994
   15.20388889   84.92559814    4.90999985    2.73000002
   15.20888901   84.92559814    4.90999985    2.53999996
   15.21305561   -1.00000000    4.90999985    2.32999992
   15.21638870   -1.00000000    4.90999985    1.88000000
   15.21944427   -1.00000000    4.90999985    1.75000000
   15.22277737   -1.00000000    4.90999985    1.19000006
   15.22583294   -1.00000000    4.90999985    1.13000000
   15.22916603   -1.00000000    4.90999985    0.83999997
   15.23249912   -1.00000000    4.90999985    0.44000000
   15.23555565   -1.00000000    4.90999985    0.44000000
   15.23888874   -1.00000000    4.90999985    0.64999998
   15.24222279   -1.00000000    4.90999985    0.38000000
   15.24527836   -1.00000000    4.90999985    0.20999999
   15.24861145   -1.00000000    4.90999985    0.15000001
   15.25166702   -1.00000000    4.90999985    0.05000000
   15.25500011   -1.00000000    4.90999985    0.07000000
   15.26416683   -1.00000000    4.90999985    0.09000000
   15.26749992   -1.00000000    4.90999985    0.17000000
   15.27055550   -1.00000000    4.90999985    0.25999999
   15.27388859   -1.00000000    4.90999985    0.28000000
   15.27694416   -1.00000000    4.90999985    0.34000000
   15.28027725   -1.00000000    4.90999985    0.30000001
   15.28361130   -1.00000000    4.90999985    0.36000001
   15.28666687   -1.00000000    4.90999985    0.31999999
   15.29000092   -1.00000000    4.90999985    0.50000000
   15.29333401   -1.00000000    4.90999985    0.41999999
   15.29638958   -1.00000000    4.90999985    0.31999999
   15.29972267   -1.00000000    4.90999985    0.51999998
   15.30277824   -1.00000000    4.90999985    0.94000000
   15.30611134   -1.00000000    4.90999985    1.00000000
   15.31527805   -1.00000000    4.90999985    0.34000000
   15.31861115   -1.00000000    4.90999985    0.46000001
   15.32166672   -1.00000000    4.90999985    0.38000000
   15.32499981   -1.00000000    4.90999985    0.25999999
   15.32833290   -1.00000000    4.90999985    0.13000000
   15.33138847   -1.00000000    4.90999985    0.28000000
   15.33472157   -1.00000000    4.90999985    0.30000001
   15.33805561   -1.00000000    4.90999985    0.09000000
   15.34111118   -1.00000000    4.90999985    0.09000000
   15.34444427   -1.00000000    4.90999985    0.05000000
   15.34749985   -1.00000000    4.90999985    0.11000000
   15.35083389   -1.00000000    4.90999985    0.15000001
   15.35416698   -1.00000000    4.90999985    0.13000000
   15.35722256   -1.00000000    4.90999985    0.25000000
   15.36638927   -1.00000000    4.90999985    0.07000000
   15.36972237   -1.00000000    4.90999985    0.05000000
   15.37305546   -1.00000000    4.90999985    0.05000000
   15.37611103   -1.00000000    4.90999985    0.05000000
   15.37944412   -1.00000000    4.90999985    0.09000000
   15.38249969   -1.00000000    4.90999985    0.34000000
   15.38583279   -1.00000000    4.90999985    0.25000000
   15.38916683   -1.00000000    4.90999985    0.20999999
   15.39222240   -1.00000000    4.90999985    0.83999997
   15.39555550   -1.00000000    4.90999985    0.58999997
   15.39888859   -1.00000000    4.90999985    0.25000000
   15.40194416   -1.00000000    4.90999985    0.31999999
   15.40527725   -1.00000000    4.90999985    0.30000001
   15.40833282   -1.00000000    4.90999985    0.20999999
   15.41777802   -1.00000000    4.90999985    0.30000001
   15.42083359   -1.00000000    4.90999985    0.52999997
   15.42416668   -1.00000000    4.90999985    1.00000000
   15.42750072   -1.00000000    4.90999985    0.70999998
   15.43055630   -1.00000000    4.90999985    0.63000000
   15.43388939   -1.00000000    4.90999985    0.55000001
   15.43694496   -1.00000000    4.90999985    0.38000000
   15.44027805   -1.00000000    4.90999985    0.47999999
   15.44361115   -1.00000000    4.90999985    0.38000000
   15.44666672   -1.00000000    4.90999985    0.36000001
   15.44999981   -1.00000000    4.90999985    0.25000000
   15.45305538   -1.00000000    4.90999985    0.34000000
   15.45638847   -1.00000000    4.90999985    0.36000001
   15.48166656   -1.00000000    4.90999985    0.13000000
   15.48500061   -1.00000000    4.90999985    0.79000002
   15.48805618   -1.00000000    4.90999985    0.92000002
   15.49138927   -1.00000000    4.90999985    0.44000000
   15.49444485   -1.00000000    4.90999985    0.89999998
   15.49777794   -1.00000000    4.90999985    1.01999998
   15.50111103   -1.00000000    4.90999985    0.98000002
   15.50416660   -1.00000000    4.90999985    1.38000000
   15.50749969   -1.00000000    4.90999985    0.46000001
   15.51083374   -1.00000000    4.90999985    1.66999996
   15.51388931   -1.00000000    4.90999985    1.63000000
   15.51722240   -1.00000000    4.90999985    1.41999996
   15.52027798  105.73000336    4.90999985    1.28999996
   15.52361107  183.91700745    4.90999985    2.26999998
   15.52499962  173.87399292    4.90999985    2.48000002
   15.52916622  173.87399292    4.90999985    1.88000000
   15.53333378  141.21200562    4.90999985    2.57999992
   15.53666687  111.91000366    4.90999985    2.21000004
   15.53972244   95.65399933    4.90999985    2.50000000
   15.54305553   -1.00000000    4.90999985    2.25000000
   15.54638958   87.33860016    4.90999985    1.83000004
   15.54944515   77.13390350    4.90999985    2.93000007
   15.55277824   76.64610291    4.90999985    2.89000010
   15.55611134   77.62850189    4.90999985    2.91000009
   15.55916691   83.67839813    4.90999985    2.75000000
   15.56250000  112.75800323    4.90999985    2.64000010
   15.56555557  120.08100128    4.90999985    2.34999990
   15.56888866  120.43199921    4.90999985    2.09999990
   15.57222176   98.41220093    4.90999985    1.91999996
   15.57499981  184.50199890    4.90999985    2.34999990
   15.57583332  201.97000122    4.90999985    2.34999990
   15.58027744  201.97000122    4.90999985    1.96000004
   15.58444405   -1.00000000    4.90999985    1.98000002
   15.58777714   -1.00000000    4.90999985    1.60000002
   15.59111118   -1.00000000    4.90999985    1.14999998
   15.59416676   -1.00000000    4.90999985    0.86000001
   15.59749985   -1.00000000    4.90999985    0.23000000
   15.60055637   -1.00000000    4.90999985    0.36000001
   15.60388947   -1.00000000    4.90999985    0.23000000
   15.60722256   -1.00000000    4.90999985    0.20999999
   15.61027813   -1.00000000    4.90999985    0.11000000
   15.61361122   -1.00000000    4.90999985    0.15000001
   15.61694431   -1.00000000    4.90999985    0.25999999
   15.61999989   -1.00000000    4.90999985    0.50000000
   15.62333393   -1.00000000    4.90999985    0.76999998
   15.62694454   -1.00000000    4.90999985    0.83999997
   15.63555527   -1.00000000    4.90999985    0.98000002
   15.63888836   -1.00000000    4.90999985    1.11000001
   15.64222240   -1.00000000    4.90999985    1.50000000
   15.64527798   -1.00000000    4.90999985    1.60000002
   15.64861107  167.61300659    4.90999985    2.07999992
   15.65166664   89.27960205    4.90999985    2.07999992
   15.65499973   76.82649994    4.90999985    2.86999989
   15.65833282   77.10800171    4.90999985    2.94000006
   15.66138840   76.59069824    4.90999985    2.93000007
   15.66472149   77.07790375    4.90999985    2.94000006
   15.66805553   84.95939636    4.90999985    2.75000000
   15.67111111   82.71499634    4.90999985    2.59999990
   15.67444515   83.79620361    4.90999985    2.64000010
   15.67500019   87.70890045    4.90999985    2.64000010
   15.67805576   85.62609863    4.90999985    2.59999990
   15.68277836   85.62609863    4.90999985    2.40000010
   15.68694496   -1.00000000    4.90999985    1.53999996
   15.69000053   -1.00000000    4.90999985    1.48000002
   15.69333363   -1.00000000    4.90999985    0.94000000
   15.69666672   -1.00000000    4.90999985    0.69000000
   15.69972229   -1.00000000    4.90999985    0.20999999
   15.70305538   -1.00000000    4.90999985    0.28000000
   15.70611095   -1.00000000    4.90999985    0.20999999
   15.70944405   -1.00000000    4.90999985    0.11000000
   15.71277714   -1.00000000    4.90999985    0.17000000
   15.71583271   -1.00000000    4.90999985    0.03000000
   15.71916580   -1.00000000    4.90999985    0.09000000
   15.72249985   -1.00000000    4.90999985    0.09000000
   15.72611046   -1.00000000    4.90999985    0.03000000
   15.72916603   -1.00000000    4.90999985    0.07000000
   15.73805618   -1.00000000    4.90999985    0.20999999
   15.74111176   -1.00000000    4.90999985    0.23000000
   15.74444485   -1.00000000    4.90999985    0.11000000
   15.74777794   -1.00000000    4.90999985    0.09000000
   15.75083351   -1.00000000    4.90999985    0.07000000
   15.75416660   -1.00000000    4.90999985    0.05000000
   15.75722218   -1.00000000    4.90999985    0.05000000
   15.76055527   -1.00000000    4.90999985    0.19000000
   15.76388931   -1.00000000    4.90999985    0.34000000
   15.76694393   96.74629974    4.90999985    1.55999994
   15.77027798   77.95390320    4.90999985    2.69000006
   15.77361107  102.87799835    4.90999985    1.80999994
   15.77722168   -1.00000000    4.90999985    2.05999994
   15.78027725   -1.00000000    4.90999985    0.51999998
   15.78916740   -1.00000000    4.90999985    0.50000000
   15.79250050   -1.00000000    4.90999985    0.55000001
   15.79555607   -1.00000000    4.90999985    0.83999997
   15.79888916   -1.00000000    4.90999985    0.98000002
   15.80222225   -1.00000000    4.90999985    0.69000000
   15.80527782   -1.00000000    4.90999985    0.79000002
   15.80861092   -1.00000000    4.90999985    0.09000000
   15.81166649   -1.00000000    4.90999985    0.17000000
   15.81500053   -1.00000000    4.90999985    0.13000000
   15.81833363   -1.00000000    4.90999985    0.03000000
   15.82138920   -1.00000000    4.90999985    0.13000000
   15.82472229   -1.00000000    4.90999985    0.11000000
   15.82805538   -1.00000000    4.90999985    0.09000000
   15.83138847   -1.00000000    4.90999985    0.03000000
   15.84027767   -1.00000000    4.90999985    0.11000000
   15.84361076   -1.00000000    4.90999985    0.11000000
   15.84694386   -1.00000000    4.90999985    0.09000000
   15.85000038   -1.00000000    4.90999985    0.07000000
   15.85333347   -1.00000000    4.90999985    0.03000000
   15.85638905   -1.00000000    4.90999985    0.01000000
   15.85972214   -1.00000000    4.90999985    0.01000000
   15.86305618   -1.00000000    4.90999985    0.01000000
   15.86611176   -1.00000000    4.90999985    0.01000000
   15.86944485   -1.00000000    4.90999985    0.01000000
   15.87277794   -1.00000000    4.90999985    0.01000000
   15.87611103   -1.00000000    4.90999985    0.01000000
   15.87944412   -1.00000000    4.90999985    0.01000000
   15.88249969   -1.00000000    4.90999985    0.01000000
   15.89138889   -1.00000000    4.90999985    0.07000000
   15.89472198   -1.00000000    4.90999985    0.03000000
   15.89805508   -1.00000000    4.90999985    0.07000000
   15.90111065   -1.00000000    4.90999985    0.07000000
   15.90444374   -1.00000000    4.90999985    0.01000000
   15.90777779   -1.00000000    4.90999985    0.01000000
   15.91083336   -1.00000000    4.90999985    0.09000000
   15.91416645   -1.00000000    4.90999985    0.07000000
   15.91722298   -1.00000000    4.32999992    0.01000000
   15.92055607   -1.00000000    4.90999985    0.03000000
   15.92388916   -1.00000000    4.90999985    0.05000000
   15.92722225   -1.00000000    4.90999985    0.01000000
   15.93055630   -1.00000000    4.90999985    0.01000000
   15.93361092   -1.00000000    4.90999985    0.01000000
   15.94277763   -1.00000000    4.90999985    0.03000000
   15.94583321   -1.00000000    4.90999985    0.01000000
   15.94916630   -1.00000000    4.90999985    0.05000000
   15.95222187   -1.00000000    4.90999985    0.15000001
   15.95555496   -1.00000000    4.90999985    0.31999999
   15.95888901   -1.00000000    4.90999985    0.51999998
   15.96194458   -1.00000000    4.90999985    0.31999999
   15.96527767   -1.00000000    4.90999985    0.03000000
   15.96861076   -1.00000000    4.90999985    0.01000000
   15.97166634   -1.00000000    4.90999985    0.07000000
   15.97499943   -1.00000000    4.90999985    0.17000000
   15.97861099   -1.00000000    4.90999985    1.76999998
   15.98194408   -1.00000000    4.90999985    0.92000002
   15.98500061   -1.00000000    4.90999985    0.17000000
   15.99388885   -1.00000000    4.34999990    0.01000000
   15.99722290   -1.00000000    4.90999985    0.01000000
   16.00027847   -1.00000000    4.90999985    0.01000000
   16.00361061   -1.00000000    4.90999985    0.03000000
   16.00666618   -1.00000000    4.90999985    0.03000000
   16.01000023   -1.00000000    4.90999985    0.03000000
   16.01333427   -1.00000000    4.90999985    0.03000000
   16.01638794   -1.00000000    4.90999985    0.07000000
   16.01972198   -1.00000000    4.90999985    0.09000000
   16.02305603   -1.00000000    4.90999985    1.26999998
   16.02638817   -1.00000000    4.90999985    1.41999996
   16.02972221   -1.00000000    4.90999985    1.19000006
   16.03277779   -1.00000000    4.90999985    0.38000000
   16.03610992   -1.00000000    4.90999985    2.00000000
   16.04500008   -1.00000000    4.90999985    1.21000004
   16.04833221   -1.00000000    4.90999985    1.16999996
   16.05138779   -1.00000000    4.90999985    1.28999996
   16.05472183   -1.00000000    4.90999985    0.75000000
   16.05805397   -1.00000000    4.90999985    1.13000000
   16.06110954   -1.00000000    4.90999985    1.14999998
   16.06444359   -1.00000000    4.90999985    0.83999997
   16.06777954   -1.00000000    4.90999985    0.73000002
   16.07083511   -1.00000000    4.90999985    0.76999998
   16.07416725   -1.00000000    4.90999985    1.09000003
   16.07750130   -1.00000000    4.90999985    0.44000000
   16.08083344   -1.00000000    4.90999985    0.25999999
   16.08388901   -1.00000000    4.90999985    0.25000000
   16.08722305   -1.00000000    4.90999985    0.31999999
   16.09611130   -1.00000000    4.90999985    0.38000000
   16.09944534   -1.00000000    4.90999985    0.41999999
   16.10277748   -1.00000000    4.90999985    0.13000000
   16.10583305   -1.00000000    4.90999985    0.09000000
   16.10916710   -1.00000000    4.90999985    0.07000000
   16.11250114   -1.00000000    4.90999985    0.05000000
   16.11555672   -1.00000000    4.90999985    0.05000000
   16.11888885   -1.00000000    4.90999985    0.03000000
   16.12222290   -1.00000000    4.90999985    0.03000000
   16.12527847   -1.00000000    4.90999985    0.03000000
   16.12888908   -1.00000000    4.90999985    0.03000000
   16.13222313   -1.00000000    4.90999985    0.03000000
   16.13555527   -1.00000000    4.90999985    0.03000000
   16.13861084   -1.00000000    4.90999985    0.01000000
   16.14749908   -1.00000000    4.90999985    0.03000000
   16.15055466   -1.00000000    4.90999985    0.07000000
   16.15388870   -1.00000000    4.90999985    0.11000000
   16.15722275   -1.00000000    4.90999985    0.20999999
   16.16027832   -1.00000000    4.90999985    0.05000000
   16.16361046   -1.00000000    4.90999985    0.25000000
   16.16666603   -1.00000000    4.90999985    0.28000000
   16.17000008   -1.00000000    4.90999985    1.44000006
   16.17333221   -1.00000000    4.90999985    0.70999998
   16.17694473   -1.00000000    4.90999985    0.09000000
   16.18000031   -1.00000000    4.90999985    0.07000000
   16.18333244   -1.00000000    4.90999985    0.03000000
   16.18638802   -1.00000000    4.90999985    0.09000000
   16.18972206   -1.00000000    4.90999985    0.07000000
   16.19861031   -1.00000000    4.90999985    0.28000000
   16.20194435   -1.00000000    4.90999985    0.95999998
   16.20499992   -1.00000000    4.90999985    1.46000004
   16.20833397   -1.00000000    4.90999985    1.16999996
   16.21138954   -1.00000000    4.90999985    0.83999997
   16.21472359   -1.00000000    4.90999985    0.20999999
   16.21805573   -1.00000000    4.90999985    0.20999999
   16.22111130   -1.00000000    4.90999985    0.07000000
   16.22444534   -1.00000000    4.90999985    0.07000000
   16.22805595   -1.00000000    4.90999985    0.34000000
   16.23111153   -1.00000000    4.90999985    0.31999999
   16.23444557   -1.00000000    4.90999985    0.51999998
   16.23750114   -1.00000000    4.90999985    0.69000000
   16.24083328   -1.00000000    4.90999985    0.38000000
   16.24972153   -1.00000000    4.90999985    0.19000000
   16.25305557   -1.00000000    4.90999985    0.13000000
   16.25611115   -1.00000000    4.90999985    0.38000000
   16.25944519   -1.00000000    4.90999985    0.51999998
   16.26277733   -1.00000000    4.90999985    0.19000000
   16.26583290   -1.00000000    4.90999985    0.19000000
   16.26916695   -1.00000000    4.90999985    0.55000001
   16.27222252   -1.00000000    4.90999985    0.31999999
   16.27555466   -1.00000000    4.90999985    0.70999998
   16.27916718   -1.00000000    4.90999985    1.28999996
   16.28249931   -1.00000000    4.90999985    1.21000004
   16.28583336   -1.00000000    4.90999985    0.55000001
   16.28888893   -1.00000000    4.90999985    0.98000002
   16.29222107   -1.00000000    4.90999985    0.83999997
   16.30083275   -1.00000000    4.90999985    0.25999999
   16.30416679   -1.00000000    4.90999985    0.31999999
   16.30749893   -1.00000000    4.90999985    0.34000000
   16.31055450   -1.00000000    4.90999985    0.31999999
   16.31388855   -1.00000000    4.90999985    0.20999999
   16.31694603   -1.00000000    4.90999985    0.19000000
   16.32027817   -1.00000000    4.90999985    0.07000000
   16.32361221   -1.00000000    4.90999985    0.07000000
   16.32722282   -1.00000000    4.90999985    0.03000000
   16.33027840   -1.00000000    4.90999985    0.05000000
   16.33361244   -1.00000000    4.90999985    0.01000000
   16.33694458   -1.00000000    4.90999985    0.01000000
   16.34000015   -1.00000000    4.90999985    0.01000000
   16.34333420   -1.00000000    4.90999985    0.01000000
   16.35222244   -1.00000000    4.90999985    0.03000000
   16.35527802   -1.00000000    4.90999985    0.07000000
   16.35861206   -1.00000000    4.90999985    0.20999999
   16.36166763   -1.00000000    4.90999985    0.19000000
   16.36499977   -1.00000000    4.90999985    0.17000000
   16.36833382   -1.00000000    4.90999985    0.25000000
   16.37138939   -1.00000000    4.90999985    0.51999998
   16.37472153   -1.00000000    4.90999985    0.50000000
   16.37833405   -1.00000000    4.90999985    0.52999997
   16.38138962   -1.00000000    4.90999985    0.86000001
   16.38472176   -1.00000000    4.90999985    1.03999996
   16.38805580   -1.00000000    4.90999985    1.23000002
   16.39111137   -1.00000000    4.90999985    1.30999994
   16.39444351   -1.00000000    4.90999985    1.39999998
   16.40333366   -1.00000000    4.90999985    1.63000000
   16.40638924   -1.00000000    4.90999985    2.11999989
   16.40972137   -1.00000000    4.90999985    2.34999990
   16.41305542   -1.00000000    4.90999985    1.91999996
   16.41611099   -1.00000000    4.90999985    1.69000006
   16.41944313   -1.00000000    4.90999985    1.61000001
   16.42277718   -1.00000000    4.90999985    2.09999990
   16.42583275   -1.00000000    4.90999985    2.05999994
   16.42916679   -1.00000000    4.90999985    2.15000010
   16.43249893   -1.00000000    4.90999985    2.34999990
   16.43583298   -1.00000000    4.90999985    2.05999994
   16.43888855   -1.00000000    4.90999985    2.55999994
   16.44222069   -1.00000000    4.90999985    2.73000002
   16.44555473   -1.00000000    4.90999985    2.84999990
   16.45444489   -1.00000000    4.90999985    2.93000007
   16.45777893   -1.00000000    4.90999985    2.94000006
   16.46083450   -1.00000000    4.90999985    2.93000007
   16.46416664   -1.00000000    4.90999985    2.94000006
   16.46750069   -1.00000000    4.90999985    2.94000006
   16.47055626   -1.00000000    4.90999985    2.91000009
   16.47389030   -1.00000000    4.90999985    2.05999994
   16.49361229   -1.00000000    4.90999985    1.76999998
   16.49666786   -1.00000000    4.90999985    1.61000001
   16.50583267   -1.00000000    4.90999985    2.53999996
   16.50888824   -1.00000000    4.90999985    2.57999992
   16.51222229   -1.00000000    4.90999985    2.69000006
   16.51555634   -1.00000000    4.90999985    2.89000010
   16.51861000   -1.00000000    4.90999985    2.86999989
   16.52194405   -1.00000000    4.90999985    2.84999990
   16.52527809   -1.00000000    4.90999985    2.94000006
   16.52833366   -1.00000000    4.90999985    2.94000006
   16.53166580   -1.00000000    4.90999985    2.96000004
   16.53472137   -1.00000000    4.90999985    2.93000007
   16.53805542   -1.00000000    4.90999985    2.91000009
   16.54166603   -1.00000000    4.90999985    2.89000010
   16.54500008   -1.00000000    4.90999985    2.91000009
   16.54805565   -1.00000000    4.90999985    2.93000007
   16.55694389   -1.00000000    4.90999985    2.93000007
   16.56027794   -1.00000000    4.90999985    2.94000006
   16.56333351   -1.00000000    4.90999985    2.96000004
   16.56666756   -1.00000000    4.90999985    2.96000004
   16.57000160   -1.00000000    4.90999985    2.94000006
   16.57305717   -1.00000000    4.90999985    2.94000006
   16.57638931   -1.00000000    4.90999985    2.94000006
   16.57972336   -1.00000000    4.90999985    2.93000007
   16.58277893   -1.00000000    4.90999985    2.73000002
   16.58611107   -1.00000000    4.90999985    2.53999996
   16.58916664   -1.00000000    4.90999985    2.80999994
   16.59277916   -1.00000000    4.90999985    2.93000007
   16.59611130   -1.00000000    4.90999985    2.93000007
   16.59916687   -1.00000000    4.90999985    2.94000006
   16.60805511   -1.00000000    4.90999985    2.93000007
   16.61138916   -1.00000000    4.90999985    2.91000009
   16.61472321   -1.00000000    4.90999985    2.96000004
   16.61777878   -1.00000000    4.90999985    2.96000004
   16.62111092   -1.00000000    4.90999985    2.96000004
   16.62416649   -1.00000000    4.90999985    2.96000004
   16.62750053   -1.00000000    4.90999985    2.96000004
   16.63083267   -1.00000000    4.90999985    2.94000006
   16.63388824   -1.00000000    4.90999985    2.96000004
   16.63722229   -1.00000000    4.90999985    2.98000002
   16.64055634   -1.00000000    4.90999985    2.94000006
   16.64388847   -1.00000000    4.90999985    2.96000004
   16.64694405   -1.00000000    4.90999985    2.96000004
   16.65027809   -1.00000000    4.90999985    2.94000006
   16.65944481   -1.00000000    4.90999985    2.93000007
   16.66250038   -1.00000000    4.90999985    2.91000009
   16.66583252   -1.00000000    4.90999985    2.67000008
   16.66888809   -1.00000000    4.90999985    2.94000006
   16.67222214   -1.00000000    4.90999985    2.93000007
   16.67555428   -1.00000000    4.90999985    2.86999989
   16.67860985   -1.00000000    4.90999985    2.86999989
   16.68194389   -1.00000000    4.90999985    2.82999992
   16.68527603   -1.00000000    4.90999985    2.82999992
   16.68833160   -1.00000000    4.90999985    2.84999990
   16.69194412   -1.00000000    4.90999985    2.44000006
   16.69499969   -1.00000000    4.90999985    2.80999994
   16.69833183   -1.00000000    4.90999985    2.66000009
   16.70166779   -1.00000000    4.90999985    2.84999990
   16.71055603   -1.00000000    4.90999985    2.94000006
   16.71361160   -1.00000000    4.90999985    2.86999989
   16.71694565   -1.00000000    4.90999985    2.76999998
   16.72027779   -1.00000000    4.90999985    2.89000010
   16.72333336   -1.00000000    4.90999985    2.93000007
   16.72666740   -1.00000000    4.90999985    2.93000007
   16.73000145   -1.00000000    4.90999985    2.93000007
   16.73305511   -1.00000000    4.90999985    2.91000009
   16.73638916   -1.00000000    4.90999985    2.82999992
   16.73944473   -1.00000000    4.90999985    2.80999994
   16.74305534   -1.00000000    4.90999985    2.91000009
   16.74611092   -1.00000000    4.90999985    2.91000009
   16.74944496   -1.00000000    4.90999985    2.86999989
   16.75277710   -1.00000000    4.90999985    2.91000009
   16.76166725   -1.00000000    4.90999985    2.93000007
   16.76499939   -1.00000000    4.90999985    2.94000006
   16.76805496   -1.00000000    4.90999985    2.94000006
   16.77138901   -1.00000000    4.90999985    2.93000007
   16.77472115   -1.00000000    4.90999985    2.89000010
   16.77777672   -1.00000000    4.90999985    2.84999990
   16.78111076   -1.00000000    4.90999985    2.86999989
   16.78416634   -1.00000000    4.90999985    2.84999990
   16.78750038   -1.00000000    4.90999985    2.76999998
   16.79083252   -1.00000000    4.90999985    2.78999996
   16.79444313   -1.00000000    4.90999985    2.76999998
   16.79777718   -1.00000000    4.90999985    2.76999998
   16.80083275   -1.00000000    4.90999985    2.64000010
   16.80416679   -1.00000000    4.90999985    2.50000000
   16.81277657   -1.00000000    4.90999985    2.05999994
   16.81611061   -1.00000000    4.90999985    1.78999996
   16.81944466   -1.00000000    4.90999985    2.15000010
   16.82250023   -1.00000000    4.90999985    2.23000002
   16.82583427   -1.00000000    4.90999985    2.26999998
   16.82888985   -1.00000000    4.90999985    2.34999990
   16.83222389   -1.00000000    4.90999985    2.30999994
   16.83555603   -1.00000000    4.90999985    2.17000008
   16.83861160   -1.00000000    4.90999985    2.09999990
   16.84222221   -1.00000000    4.90999985    2.13000011
   16.84555626   -1.00000000    4.90999985    1.91999996
   16.84861183   -1.00000000    4.90999985    1.86000001
   16.85194397   -1.00000000    4.90999985    1.48000002
   16.85527802   -1.00000000    4.90999985    1.46000004
   16.86416626   -1.00000000    4.90999985    1.78999996
   16.86722183   -1.00000000    4.90999985    2.07999992
   16.87055588   -1.00000000    4.90999985    2.19000006
   16.87361145   -1.00000000    4.90999985    2.01999998
   16.87694550   -1.00000000    4.90999985    2.15000010
   16.88027763   -1.00000000    4.90999985    2.30999994
   16.88333321   -1.00000000    4.90999985    2.05999994
   16.88666725   -1.00000000    4.90999985    2.19000006
   16.88999939   -1.00000000    4.90999985    1.94000006
   16.89333344   -1.00000000    4.90999985    1.78999996
   16.89666748   -1.00000000    4.90999985    2.30999994
   16.89972115   -1.00000000    4.90999985    2.73000002
   16.90305519   -1.00000000    4.90999985    2.78999996
   16.90638924   -1.00000000    4.90999985    2.53999996
   16.91527748   -1.00000000    4.90999985    2.50000000
   16.91833305   -1.00000000    4.90999985    2.75000000
   16.92166519   -1.00000000    4.90999985    2.84999990
   16.92499924   -1.00000000    4.90999985    2.86999989
   16.92805481   -1.00000000    4.90999985    2.94000006
   16.93138885   -1.00000000    4.90999985    2.96000004
   16.93472099   -1.00000000    4.90999985    2.93000007
   16.93777657   -1.00000000    4.90999985    2.73000002
   16.94111061   -1.00000000    4.90999985    2.67000008
   16.94472122   -1.00000000    4.90999985    2.91000009
   16.94805527   -1.00000000    4.90999985    2.67000008
   16.95111275   -1.00000000    4.90999985    2.40000010
   16.95444489   -1.00000000    4.90999985    2.51999998
   16.95777893   -1.00000000    4.90999985    2.59999990
   16.96638870   -1.00000000    4.90999985    2.84999990
   16.96972275   -1.00000000    4.90999985    2.89000010
   16.97277832   -1.00000000    4.90999985    2.93000007
   16.97611237   -1.00000000    4.90999985    2.46000004
   16.97944450   -1.00000000    4.90999985    1.78999996
   16.98250008   -1.00000000    4.90999985    1.75000000
   16.98583412   -1.00000000    4.90999985    1.73000002
   16.98888969   -1.00000000    4.90999985    1.75000000
   16.99277878   -1.00000000    4.90999985    1.05999994
   16.99583435   -1.00000000    4.90999985    0.79000002
   16.99916649   -1.00000000    4.90999985    1.36000001
   17.00222206   -1.00000000    4.90999985    0.95999998
   17.00555611   -1.00000000    4.90999985    0.69000000
   17.00888824   -1.00000000    4.90999985    0.25999999
   17.01749992   -1.00000000    4.90999985    0.19000000
   17.02083397   -1.00000000    4.90999985    0.41999999
   17.02416611   -1.00000000    4.90999985    0.58999997
   17.02722168   -1.00000000    4.90999985    0.76999998
   17.03055573   -1.00000000    4.90999985    0.76999998
   17.03361130   -1.00000000    4.90999985    1.00000000
   17.03694344   -1.00000000    4.90999985    1.25000000
   17.04027748   -1.00000000    4.90999985    1.11000001
   17.04388809   -1.00000000    4.90999985    1.07000005
   17.04694366   -1.00000000    4.90999985    1.25000000
   17.05027771   -1.00000000    4.90999985    0.92000002
   17.05333328   -1.00000000    4.90999985    0.98000002
   17.05666542   -1.00000000    4.90999985    0.94000000
   17.05999947   -1.00000000    4.90999985    0.92000002
   17.06888962   -1.00000000    4.90999985    1.51999998
   17.07194519   -1.00000000    4.90999985    1.01999998
   17.07527924   -1.00000000    4.90999985    1.38000000
   17.07833481   -1.00000000    4.90999985    1.28999996
   17.08166695   -1.00000000    4.90999985    1.25000000
   17.08500099   -1.00000000    4.90999985    1.19000006
   17.08805656   -1.00000000    4.90999985    1.23000002
   17.09138870   -1.00000000    4.90999985    0.94000000
   17.09472275   -1.00000000    4.90999985    0.81999999
   17.09805679   -1.00000000    4.90999985    0.98000002
   17.10111237   -1.00000000    4.90999985    0.79000002
   17.10444450   -1.00000000    4.90999985    0.63000000
   17.10777855   -1.00000000    4.90999985    0.64999998
   17.11083412   -1.00000000    4.90999985    0.67000002
   17.12000084   -1.00000000    4.90999985    0.44000000
   17.12305641   -1.00000000    4.90999985    0.30000001
   17.12638855   -1.00000000    4.90999985    0.40000001
   17.12972260   -1.00000000    4.90999985    0.31999999
   17.13277817   -1.00000000    4.90999985    0.40000001
   17.13611031   -1.00000000    4.90999985    0.58999997
   17.13944435   -1.00000000    4.90999985    0.47999999
   17.14277840   -1.00000000    4.90999985    0.44000000
