    HOUR (UT)   FLARE FACTOR    SKY TESTER    SUN TESTER
   11.53888893   -1.00000000   -1.00000000   -1.00000000
   11.55944443  211.38499451    4.90999985    2.07999992
   11.56277752  223.24800110    4.90999985    2.11999989
   11.56611156  243.06300354    4.90999985    2.13000011
   11.56916618  207.22500610    4.90999985    2.13000011
   11.57250023  208.28500366    4.90999985    2.13000011
   11.57555580  220.69900513    4.76000023    2.13000011
   11.57972240  211.58799744    4.21999979    2.13000011
   11.58444405  198.72000122    4.21999979    2.15000010
   11.58777714  191.38299561    4.38999987    2.13000011
   11.59083271  227.09899902    4.76000023    2.13000011
   11.59277725  219.22900391    4.90999985    2.13000011
   11.59472179  229.31700134    4.90999985    2.13000011
   11.59777737  219.35099792    4.90999985    2.15000010
   11.60111141  228.48699951    4.90999985    2.13000011
   11.60444450  222.72799683    4.90999985    2.13000011
   11.60750008  192.30200195    4.90999985    2.15000010
   11.61083412  218.23300171    4.80000019    2.15000010
   11.61388969  209.15299988    4.46999979    2.15000010
   11.61722279  201.96099854    4.42999983    2.13000011
   11.62055588  227.98699951    4.57999992    2.15000010
   11.62361145  246.64900208    4.90999985    2.15000010
   11.62611103  216.14999390    4.90999985    2.13000011
   11.62750053  204.19000244    4.90999985    2.13000011
   11.63055611  210.93800354    4.90999985    2.17000008
   11.63388920  206.97300720    4.90999985    2.17000008
   11.63722229  217.93299866    4.90999985    2.19000006
   11.64027786  173.00900269    4.90999985    2.19000006
   11.64361095  212.56399536    4.90999985    2.19000006
   11.64694405  227.49099731    4.90999985    2.17000008
   11.64999962  216.60000610    4.90999985    2.17000008
   11.65333271  241.10000610    4.90999985    2.00000000
   11.65638828  213.40699768    4.90999985    2.09999990
   11.65944386  262.43301392    4.90999985    2.05999994
   11.66027737  195.42700195    4.90999985    2.05999994
   11.66333294  288.11099243    4.90999985    1.91999996
   11.66666698  196.02600098    4.90999985    1.78999996
   11.67000008  123.09300232    4.90999985    1.66999996
   11.67305565   -1.00000000    4.90999985    1.51999998
   11.67638874   -1.00000000    4.90999985    1.07000005
   11.67944431   -1.00000000    4.90999985    1.23000002
   11.68277836   75.02059937    4.90999985    1.39999998
   11.68611145   77.13529968    4.90999985    1.34000003
   11.68916702   -1.00000000    4.90999985    1.38000000
   11.69250011   -1.00000000    4.90999985    1.13000000
   11.69638920   -1.00000000    4.90999985    0.75000000
   11.69972229   -1.00000000    4.90999985    0.36000001
   11.70333290   -1.00000000    4.90999985    0.19000000
   13.19027805  105.01799774    1.23000002    2.73000002
   13.19444466  100.09200287    1.23000002    2.73000002
   13.19777775  106.90599823    1.25000000    2.73000002
   13.20083332  107.83100128    1.25000000    2.73000002
   13.20416641   92.80269623    1.25000000    2.71000004
   13.21055508   92.80269623    1.26999998    2.73000002
   13.21472168  100.33999634    1.26999998    2.73000002
   13.21777725   96.68939972    1.26999998    2.73000002
   13.22111034  106.52200317    1.26999998    2.73000002
   13.22361088  100.07800293    1.26999998    2.75000000
   13.22472191   94.17060089    1.26999998    2.75000000
   13.22805500  104.97399902    1.26999998    2.73000002
   13.23138809  106.30799866    1.28999996    2.73000002
   13.23444462  103.28700256    1.28999996    2.71000004
   13.23777771   93.12110138    1.28999996    2.73000002
   13.24111176   93.29329681    1.28999996    2.71000004
   13.24527836   93.29329681    1.30999994    2.73000002
   13.24916649   96.93890381    1.28999996    2.73000002
   13.25249958  107.02400208    1.30999994    2.73000002
   13.25583363  104.97499847    1.30999994    2.73000002
   13.25694466  101.27999878    1.30999994    2.73000002
   13.25944424  105.66000366    1.30999994    2.73000002
   13.26249981   99.07340240    1.28999996    2.75000000
   13.26583290  107.54699707    1.30999994    2.73000002
   13.26916599  103.14199829    1.30999994    2.73000002
   13.27222157  108.37500000    1.28999996    2.73000002
   13.27555561  100.90299988    1.28999996    2.73000002
   13.27972221  100.90299988    1.28999996    2.73000002
   13.28388977  102.04100037    1.28999996    2.73000002
   13.28694534   97.35189819    1.28999996    2.73000002
   13.29027843  101.54799652    1.26999998    2.73000002
   13.29083347   98.34369659    1.26999998    2.73000002
   13.29388905  108.48899841    1.26999998    2.75000000
   13.29722309  106.16200256    1.26999998    2.73000002
   13.30055618  102.38700104    1.25000000    2.73000002
   13.30361176  106.69100189    1.25000000    2.75000000
   13.30694485  100.84700012    1.25000000    2.73000002
   13.31000042  105.80799866    1.25000000    2.75000000
   13.31416702  105.80799866    1.23000002    2.75000000
   13.31833363   97.58119965    1.23000002    2.75000000
   13.32166672  110.96299744    1.23000002    2.73000002
   13.32361126   98.19519806    1.23000002    2.73000002
   13.32527733  102.67900085    1.23000002    2.75000000
   13.32861137  102.70999908    1.23000002    2.75000000
   13.33166695  110.45999908    1.21000004    2.73000002
   13.33500004   92.29779816    1.21000004    2.75000000
   13.33805561  109.41300201    1.21000004    2.75000000
   13.34138870   76.38809967    1.21000004    2.75000000
   13.34472179  110.79000092    1.21000004    2.75000000
   13.34888840  110.79000092    1.21000004    2.75000000
   13.35305595  113.61199951    1.21000004    2.75000000
   13.35611153  103.54799652    1.19000006    2.75000000
   13.35694504  115.01100159    1.19000006    2.75000000
   13.35972214  102.18000031    1.19000006    2.75000000
   13.36277771  111.29399872    1.19000006    2.75000000
   13.36611176  110.42900085    1.19000006    2.75000000
   13.36944485  107.80200195    1.19000006    2.75000000
   13.37250042  105.02600098    1.21000004    2.75000000
   13.37583351  109.57199860    1.21000004    2.75000000
   13.37916660  118.25000000    1.21000004    2.76999998
   13.38333321  118.25000000    1.21000004    2.75000000
   13.38749981  115.35099792    1.21000004    2.75000000
   13.39027786  109.90899658    1.21000004    2.76999998
   13.39111137  106.40200043    1.21000004    2.76999998
   13.39416695  109.71299744    1.21000004    2.75000000
   13.39750004  112.74299622    1.21000004    2.76999998
   13.40083313  108.06099701    1.21000004    2.75000000
   13.40388870  115.25599670    1.21000004    2.75000000
   13.40722179  110.69200134    1.21000004    2.75000000
   13.41055489  102.73400116    1.21000004    2.76999998
   13.41361046   97.71009827    1.19000006    2.75000000
   13.41777802   97.71009827    1.21000004    2.75000000
   13.42194462  109.50700378    1.19000006    2.76999998
   13.42361164  110.12500000    1.19000006    2.76999998
   13.42555618  113.72499847    1.19000006    2.75000000
   13.42861176  117.70800018    1.19000006    2.75000000
   13.43194485  109.80500031    1.19000006    2.76999998
   13.43527794  125.07499695    1.19000006    2.76999998
   13.43833351  104.67900085    1.19000006    2.76999998
   13.44166660  111.89199829    1.19000006    2.75000000
   13.44499969  102.98899841    1.19000006    2.75000000
   13.44805527  109.05300140    1.19000006    2.75000000
   13.45222187  109.05300140    1.21000004    2.76999998
   13.45638847  106.80000305    1.19000006    2.76999998
   13.45694447  113.60199738    1.21000004    2.75000000
   13.46000004  121.45099640    1.21000004    2.75000000
   13.46333313  109.23699951    1.19000006    2.76999998
   13.46638870  105.75800323    1.19000006    2.76999998
   13.46972179  115.29499817    1.19000006    2.76999998
   13.47277737   99.98699951    1.19000006    2.76999998
   13.47611046  119.40799713    1.19000006    2.76999998
   13.47944355  104.42400360    1.19000006    2.75000000
   13.48249912  103.36299896    1.19000006    2.76999998
   13.48694515  103.36299896    1.19000006    2.76999998
   13.49083328  111.80599976    1.19000006    2.76999998
   13.49416733   94.29419708    1.19000006    2.76999998
   13.49750042   97.90249634    1.19000006    2.76999998
   13.50055599  105.59200287    1.16999996    2.76999998
   13.50388908  118.11900330    1.16999996    2.78999996
   13.50722218  107.82900238    1.16999996    2.78999996
   13.51027775  114.15799713    1.14999998    2.76999998
   13.51361084  110.29399872    1.14999998    2.76999998
   13.51694393  109.70700073    1.14999998    2.76999998
   13.52138901  109.70700073    1.13000000    2.76999998
   13.52555561  115.23200226    1.14999998    2.76999998
   13.52861118  119.44499969    1.14999998    2.78999996
   13.53194427   96.50240326    1.14999998    2.76999998
   13.53500080  114.18000031    1.14999998    2.76999998
   13.53833389  107.35500336    1.13000000    2.76999998
   13.54166698  114.49099731    1.14999998    2.78999996
   13.54472256  107.07199860    1.13000000    2.76999998
   13.54805565  111.19999695    1.14999998    2.78999996
   13.55138874  109.97299957    1.14999998    2.75000000
   13.55583382  109.97299957    1.16999996    2.78999996
   13.56000042  105.53500366    1.16999996    2.76999998
   13.56333351   99.92880249    1.16999996    2.76999998
   13.56638908  108.01499939    1.16999996    2.76999998
   13.56972218  108.78800201    1.16999996    2.76999998
   13.57305527  106.07299805    1.14999998    2.76999998
   13.57611084  112.49800110    1.14999998    2.76999998
   13.57944393  114.09100342    1.14999998    2.76999998
   13.58249950  114.93900299    1.14999998    2.76999998
   13.58583260  104.82900238    1.14999998    2.78999996
   13.59027767  104.82900238    1.16999996    2.76999998
   13.59444427   99.89279938    1.14999998    2.76999998
   13.59777737  100.02999878    1.13000000    2.76999998
   13.60083389  103.78099823    1.14999998    2.76999998
   13.60416698  112.59100342    1.14999998    2.76999998
   13.60750008  109.02899933    1.14999998    2.76999998
   13.61055565  106.31600189    1.13000000    2.78999996
   13.61388969  104.05100250    1.13000000    2.78999996
   13.61694431  107.43800354    1.11000001    2.78999996
   13.62027836  109.23899841    1.11000001    2.78999996
   13.62472248  109.23899841    1.11000001    2.78999996
   13.62888908  111.36399841    1.11000001    2.78999996
   13.63222218   95.90910339    1.13000000    2.76999998
   13.63555527  101.59799957    1.13000000    2.76999998
   13.63861084  108.18099976    1.14999998    2.76999998
   13.64194393   93.04429626    1.14999998    2.78999996
   13.64499950   95.14890289    1.13000000    2.76999998
   13.75555515   -1.00000000   -1.00000000   -1.00000000
   13.85444450   -1.00000000   -1.00000000   -1.00000000
   13.95305538   -1.00000000   -1.00000000   -1.00000000
   14.04777813   -1.00000000   -1.00000000   -1.00000000
   14.14249992   -1.00000000   -1.00000000   -1.00000000
   14.24222279   -1.00000000   -1.00000000   -1.00000000
   14.33611107   -1.00000000   -1.00000000   -1.00000000
   14.43083382   -1.00000000   -1.00000000   -1.00000000
   14.52999973   -1.00000000   -1.00000000   -1.00000000
   14.56666660   82.09339905    4.90999985    2.23000002
   14.56972218  160.54899597    4.90999985    2.32999992
   14.57305527  103.37599945    4.55999994    2.48000002
   14.57638836  112.32900238    1.03999996    2.91000009
   14.57944393  112.07199860    0.80000001    2.93000007
   14.58277798  105.59200287    0.79000002    2.93000007
   14.58694458  105.59200287    0.76999998    2.89000010
   14.59111118  112.28099823    0.76999998    2.91000009
   14.59416676  104.09100342    0.79000002    2.91000009
   14.59749985   99.81099701    0.81999999    2.91000009
   14.60000038  110.78900146    0.86000001    2.91000009
   14.60111141   99.77860260    0.92000002    2.91000009
   14.60444450  108.90200043    1.07000005    2.93000007
   14.60777855   98.67819977    1.23000002    2.89000010
   14.61083412  100.60299683    2.39000010    2.93000007
   14.61416721  100.57199860    3.82999992    2.91000009
   14.61722279   97.45410156    1.80999994    2.91000009
   14.62138939   97.45410156    0.81999999    2.89000010
   14.62555599  104.61499786    0.79000002    2.89000010
   14.62888908   96.37059784    0.80000001    2.86999989
   14.63194466   83.14620209    0.83999997    2.86999989
   14.63333321   81.86930084    0.83999997    2.91000009
   14.63555527   99.49340057    0.83999997    2.86999989
   14.63888836   97.26840210    0.88000000    2.89000010
   14.64222240   93.66349792    0.89999998    2.86999989
   14.64527798   93.63780212    0.89999998    2.86999989
   14.64861107   98.35269928    0.89999998    2.86999989
   14.65194416   92.69219971    0.92000002    2.89000010
   14.65611076   92.69219971    0.92000002    2.86999989
   14.66027737   92.97949982    0.92000002    2.86999989
   14.66333294  101.48200226    0.92000002    2.86999989
   14.66666698  101.37699890    0.88000000    2.86999989
   14.66694450   94.84529877    0.88000000    2.86999989
   14.67027855   91.45510101    0.88000000    2.86999989
   14.67361164   97.49189758    0.88000000    2.86999989
   14.67666721  118.91300201    0.88000000    2.86999989
   14.68000031   98.10590363    0.88000000    2.86999989
   14.68333340   86.72389984    0.88000000    2.89000010
   14.68638897   82.80290222    0.86000001    2.86999989
   14.69055557   82.80290222    0.86000001    2.86999989
   14.69472218   90.41510010    0.86000001    2.86999989
   14.69805527   93.69660187    0.83999997    2.86999989
   14.69999981   91.58090210    0.86000001    2.89000010
   14.70166683   88.06300354    0.83999997    2.89000010
   14.70472240   95.52480316    0.81999999    2.89000010
   14.70805550   94.58509827    0.81999999    2.89000010
   14.71111107   98.42279816    0.81999999    2.86999989
   14.71444416  100.54299927    0.80000001    2.91000009
   14.71777725  109.41999817    0.80000001    2.86999989
   14.72083282   98.73210144    0.80000001    2.89000010
   14.72499943   98.73210144    0.80000001    2.89000010
   14.72916603   88.31680298    0.80000001    2.89000010
   14.73249912  100.19699860    0.79000002    2.89000010
   14.73333359  100.44999695    0.79000002    2.89000010
   14.73611164   87.62390137    0.79000002    2.89000010
   14.73944473   86.78520203    0.76999998    2.89000010
   14.74250031   87.43589783    0.76999998    2.89000010
   14.74583340  102.43699646    0.76999998    2.91000009
   14.74916649   88.32749939    0.75000000    2.91000009
   14.75222206  101.22799683    0.73000002    2.89000010
   14.75555515   90.74440002    0.75000000    2.91000009
   14.75972176   90.74440002    0.75000000    2.89000010
   14.76388931  101.47399902    0.79000002    2.86999989
   14.76666641   85.29589844    0.80000001    2.89000010
   14.76749992   89.68180084    0.79000002    2.89000010
   14.77055550   91.06099701    0.80000001    2.89000010
   14.77388859   97.13999939    0.80000001    2.89000010
   14.77694416   89.41139984    0.80000001    2.89000010
   14.78027725   84.27980042    0.81999999    2.91000009
   14.78361130   92.60510254    0.83999997    2.89000010
   14.78666687   90.31500244    0.83999997    2.91000009
   14.79000092   96.10320282    0.86000001    2.89000010
   14.79416752   96.10320282    0.88000000    2.89000010
   14.79833412  100.17099762    0.89999998    2.89000010
   14.80000019   93.15249634    0.89999998    2.89000010
   14.80194473   90.82279968    0.94000000    2.89000010
   14.80500031   89.27529907    0.94000000    2.86999989
   14.80833340   84.05799866    0.92000002    2.89000010
   14.81138897   92.96849823    0.89999998    2.89000010
   14.81472206   88.28510284    0.92000002    2.89000010
   14.81805515   93.71109772    0.88000000    2.86999989
   14.82111073  105.18399811    0.89999998    2.89000010
   14.82444477   97.10849762    0.88000000    2.89000010
   14.82861137   97.10849762    0.89999998    2.91000009
   14.83277798   93.79759979    0.89999998    2.89000010
   14.83333302   89.60919952    0.89999998    2.89000010
   14.83638859   86.90869904    0.88000000    2.89000010
   14.83944416   95.53990173    0.88000000    2.86999989
   14.84277725   86.09390259    0.86000001    2.89000010
   14.84611034   79.94100189    0.86000001    2.89000010
   14.84916592   93.39129639    0.86000001    2.89000010
   14.85249996   91.02480316    0.86000001    2.91000009
   14.85555553   92.48320007    0.86000001    2.91000009
   14.85888958   86.94409943    0.86000001    2.89000010
   14.86305618   86.94409943    0.83999997    2.91000009
   14.86722279   91.49880219    0.83999997    2.89000010
   14.87055588   96.08300018    0.81999999    2.89000010
   14.87388897   97.29149628    0.81999999    2.89000010
   14.87694454   89.55220032    0.83999997    2.86999989
   14.88027763   85.76519775    0.86000001    2.89000010
   14.88333321   93.63849640    0.86000001    2.86999989
   14.88694477   94.43389893    0.86000001    2.86999989
   14.89027786   87.95269775    0.86000001    2.89000010
   14.89333344   97.99620056    0.86000001    2.89000010
   14.89777756   97.99620056    0.86000001    2.89000010
   14.90166664   87.54319763    0.88000000    2.89000010
   14.90499973   81.84480286    0.88000000    2.89000010
   14.90833282   83.73490143    0.88000000    2.86999989
   14.91138840   92.37120056    0.88000000    2.89000010
   14.91472149   89.84750366    0.88000000    2.89000010
   14.91805553   88.05889893    0.88000000    2.89000010
   14.92111111   85.13790131    0.88000000    2.89000010
   14.92444515   86.50659943    0.88000000    2.91000009
   14.92777824   84.03919983    0.89999998    2.89000010
   14.93222237   84.03919983    0.89999998    2.91000009
   14.93638897   86.26409912    0.92000002    2.89000010
   14.93944454   90.25240326    0.89999998    2.89000010
   14.94277763   86.10060120    0.89999998    2.89000010
   14.94611073   91.29219818    0.89999998    2.89000010
   14.94916630   90.45809937    0.88000000    2.89000010
   14.95249939   82.39340210    0.88000000    2.89000010
   14.95555496   86.40679932    0.88000000    2.89000010
   14.95888901   83.57019806    0.89999998    2.89000010
   14.96222210   88.75219727    0.89999998    2.91000009
   14.96666622   88.75219727    0.89999998    2.91000009
   14.97083282   87.95320129    0.89999998    2.89000010
   14.97416592   82.86190033    0.89999998    2.89000010
   14.97722149   90.88549805    0.89999998    2.89000010
   14.98055553   83.98699951    0.92000002    2.91000009
   14.98361111   91.15299988    0.89999998    2.86999989
   14.98694515   89.41590118    0.92000002    2.86999989
   14.99027824   85.99359894    0.92000002    2.91000009
   14.99333382   90.61509705    0.92000002    2.89000010
   14.99666691   91.38400269    0.92000002    2.89000010
   15.00111103   91.38400269    0.92000002    2.89000010
   15.00527763   82.64990234    0.94000000    2.91000009
   15.00861073   88.27729797    0.94000000    2.86999989
   15.01166630   80.37529755    0.94000000    2.84999990
   15.01500034   82.95929718    0.95999998    2.89000010
   15.01833344   89.08619690    0.95999998    2.89000010
   15.02138901   92.67479706    0.95999998    2.89000010
   15.02472210   86.37809753    0.95999998    2.89000010
   15.02805519   88.33190155    0.95999998    2.86999989
   15.03111076   89.58149719    0.95999998    2.89000010
   15.03583336   89.58149719    0.95999998    2.89000010
   15.03972244   94.22299957    0.94000000    2.86999989
   15.04305553   91.19450378    0.94000000    2.89000010
   15.04638958   86.45050049    0.94000000    2.86999989
   15.04944515   91.77249908    0.94000000    2.89000010
   15.05277824   96.74739838    0.92000002    2.89000010
   15.05611134   92.41919708    0.94000000    2.89000010
   15.05916691   87.59559631    0.94000000    2.89000010
   15.06250000   84.89569855    0.92000002    2.86999989
   15.06555557   86.12239838    0.92000002    2.89000010
   15.07027817   86.12239838    0.92000002    2.89000010
   15.07444477   88.19129944    0.92000002    2.86999989
   15.07750034   94.70700073    0.92000002    2.91000009
   15.08083344   94.33940125    0.92000002    2.89000010
   15.08388901   94.32170105    0.92000002    2.89000010
   15.08722210   98.73780060    0.92000002    2.89000010
   15.09055519   97.61450195    0.92000002    2.89000010
   15.09361076   88.21080017    0.89999998    2.89000010
   15.09694386   92.74960327    0.89999998    2.91000009
   15.10027790   93.59130096    0.89999998    2.91000009
   15.10472298   93.59130096    0.88000000    2.91000009
   15.10888958   92.60540009    0.89999998    2.91000009
   15.11194515  101.59400177    0.88000000    2.89000010
   15.11527824  103.83999634    0.88000000    2.89000010
   15.11861134   95.93470001    0.88000000    2.91000009
   15.12166691   91.26799774    0.88000000    2.89000010
   15.12500000  102.01100159    0.88000000    2.89000010
   15.12833309   83.33920288    0.88000000    2.89000010
   15.13138866   94.76170349    0.88000000    2.89000010
   15.13472176   98.17099762    0.86000001    2.89000010
   15.13916683   98.17099762    0.86000001    2.91000009
   15.14333344  109.82099915    0.86000001    2.89000010
   15.14666653   93.11799622    0.83999997    2.91000009
   15.14972210   84.24500275    0.81999999    2.91000009
   15.15305519   90.58899689    0.81999999    2.91000009
   15.15638828   87.09020233    0.81999999    2.89000010
   15.15944386   82.93440247    0.80000001    2.89000010
   15.16277695   96.95829773    0.80000001    2.93000007
   15.16611099   86.98079681    0.79000002    2.91000009
   15.16916656   90.98020172    0.79000002    2.91000009
   15.17361164   90.98020172    0.79000002    2.91000009
   15.17777824   93.42009735    0.76999998    2.91000009
   15.18111134   86.56410217    0.76999998    2.89000010
   15.18444443   96.02369690    0.76999998    2.91000009
   15.18750000   90.16000366    0.75000000    2.93000007
   15.19083309   97.78440094    0.75000000    2.91000009
   15.19388866   90.15019989    0.75000000    2.91000009
   15.19722271   90.49759674    0.75000000    2.91000009
   15.20055580   81.40989685    0.75000000    2.93000007
   15.20361137   90.41490173    0.75000000    2.91000009
   15.20833302   90.41490173    0.75000000    2.91000009
   15.21249962   86.04979706    0.73000002    2.89000010
   15.21555519   90.91819763    0.73000002    2.91000009
   15.21888828   87.37670135    0.73000002    2.91000009
   15.22194386   88.74410248    0.75000000    2.91000009
   15.22527695   93.31569672    0.73000002    2.91000009
   15.22861099   98.82749939    0.75000000    2.91000009
   15.23166656   87.83740234    0.75000000    2.91000009
   15.23500061   88.00399780    0.75000000    2.91000009
   15.23833370   92.71060181    0.75000000    2.91000009
   15.24277782   92.71060181    0.75000000    2.91000009
   15.24694443   88.43840027    0.73000002    2.93000007
   15.25000000   99.74749756    0.73000002    2.91000009
   15.25333309   88.20999908    0.73000002    2.91000009
   15.25666714   97.06300354    0.73000002    2.93000007
   15.25972176   88.12220001    0.75000000    2.91000009
   15.26305580   91.20590210    0.75000000    2.91000009
   15.26611137  101.50800323    0.76999998    2.91000009
   15.26944447   90.81539917    0.79000002    2.91000009
   15.27277756   88.83609772    0.79000002    2.91000009
   15.27722168   88.83609772    0.75000000    2.91000009
   15.28138828   93.49130249    0.73000002    2.93000007
   15.28472233   94.12979889    0.73000002    2.91000009
   15.28777790   98.29109955    0.73000002    2.93000007
   15.29111195   93.34040070    0.70999998    2.91000009
   15.29444504   94.36940002    0.73000002    2.91000009
   15.29750061   95.85340118    0.70999998    2.91000009
   15.30083370   95.31510162    0.70999998    2.91000009
   15.30388927  100.46199799    0.70999998    2.91000009
   15.30722237   94.94219971    0.69000000    2.93000007
   15.31166649   94.94219971    0.69000000    2.93000007
   15.31583309  104.74600220    0.69000000    2.93000007
   15.31916618   98.24169922    0.69000000    2.93000007
   15.32222176   97.63569641    0.69000000    2.93000007
   15.32555580   95.81439972    0.67000002    2.93000007
   15.32888889   97.17859650    0.69000000    2.91000009
   15.33222198   95.72440338    0.67000002    2.93000007
   15.33527756   91.16000366    0.69000000    2.93000007
   15.33861065   91.48899841    0.67000002    2.91000009
   15.34166622   85.54010010    0.69000000    2.93000007
   15.34638882   85.54010010    0.67000002    2.93000007
   15.35027790   86.99629974    0.67000002    2.93000007
   15.35361195   83.54250336    0.67000002    2.91000009
   15.35694504   86.90709686    0.67000002    2.93000007
   15.36000061   89.87529755    0.67000002    2.91000009
   15.36333370   85.02480316    0.64999998    2.91000009
   15.36666679   89.35079956    0.67000002    2.93000007
   15.36972237   84.65059662    0.67000002    2.93000007
   15.37305546   90.08350372    0.67000002    2.93000007
   15.37611103   92.69730377    0.69000000    2.93000007
   15.38083363   92.69730377    0.69000000    2.91000009
   15.38500023   89.79119873    0.69000000    2.91000009
   15.38805580   87.41059875    0.73000002    2.91000009
   15.39138889   84.64209747    0.73000002    2.93000007
   15.39472198   85.54489899    0.73000002    2.91000009
   15.39777756   91.76360321    0.70999998    2.91000009
   15.40111065   91.83779907    0.73000002    2.93000007
   15.40416622   89.70169830    0.70999998    2.93000007
   15.40749931   88.21080017    0.70999998    2.91000009
   15.41083336   90.81950378    0.70999998    2.91000009
   15.41527748   90.81950378    0.70999998    2.91000009
   15.41944504   91.16059875    0.73000002    2.91000009
   15.42277813   97.67970276    0.73000002    2.93000007
   15.42583370   93.80619812    0.70999998    2.93000007
   15.42916679   93.12349701    0.70999998    2.93000007
   15.43249989   93.95230103    0.70999998    2.93000007
   15.43555546   97.08200073    0.70999998    2.91000009
   15.43888855   92.08709717    0.70999998    2.91000009
   15.44222260   98.01490021    0.69000000    2.93000007
   15.44555569   85.75540161    0.69000000    2.91000009
   15.44972229   85.75540161    0.70999998    2.93000007
   15.45388889   92.56749725    0.70999998    2.93000007
   15.45722198   89.61990356    0.70999998    2.93000007
   15.46027756   83.71829987    0.70999998    2.93000007
   15.46361065   83.93759918    0.70999998    2.93000007
   15.46694374   81.95860291    0.70999998    2.93000007
   15.46999931   82.64959717    0.70999998    2.91000009
   15.47333336   85.53639984    0.70999998    2.91000009
   15.47638798   80.39279938    0.70999998    2.91000009
   15.47972202   83.67839813    0.70999998    2.93000007
   15.48444462   83.67839813    0.70999998    2.91000009
   15.48833370   83.76899719    0.70999998    2.93000007
   15.49166679   87.12979889    0.70999998    2.93000007
   15.49499989   94.92179871    0.69000000    2.93000007
   15.49833393   90.68900299    0.69000000    2.94000006
   15.50166702   95.28399658    0.69000000    2.93000007
   15.50472260   89.54010010    0.70999998    2.93000007
   15.50805569   89.30889893    0.69000000    2.93000007
   15.51111126   80.53700256    0.69000000    2.93000007
   15.51444435   83.87259674    0.69000000    2.93000007
   15.51888847   83.87259674    0.69000000    2.93000007
   15.52305508   90.24130249    0.67000002    2.94000006
   15.52611065   80.33409882    0.69000000    2.94000006
   15.52944374   90.08979797    0.69000000    2.93000007
   15.53277779   82.72419739    0.67000002    2.93000007
   15.53583336   82.64270020    0.69000000    2.93000007
   15.53916740   79.32679749    0.69000000    2.93000007
   15.54222298   82.06919861    0.69000000    2.93000007
   15.54555607   78.85569763    0.69000000    2.93000007
   15.54888916   83.59079742    0.67000002    2.93000007
   15.55333328   83.59079742    0.69000000    2.91000009
   15.55749989   81.43280029    0.69000000    2.93000007
   15.56055546   89.04720306    0.70999998    2.91000009
   15.56388950   86.27619934    0.70999998    2.93000007
   15.56722260   83.70110321    0.70999998    2.93000007
   15.58805561   83.70110321    0.69000000    2.93000007
   15.59222221   81.47219849    0.70999998    2.91000009
   15.59527779   83.08129883    0.69000000    2.93000007
   15.59861088   79.48950195    0.69000000    2.93000007
   15.60194492   83.00270081    0.69000000    2.94000006
   15.60500050   81.82209778    0.69000000    2.93000007
   15.60833359   84.74819946    0.69000000    2.93000007
   15.61166668   86.38430023    0.69000000    2.94000006
   15.61472225   83.58460236    0.69000000    2.93000007
   15.61805534   82.84320068    0.67000002    2.91000009
   15.62250042   82.84320068    0.67000002    2.93000007
   15.62666702   89.40470123    0.67000002    2.93000007
   15.62972260   79.92800140    0.64999998    2.93000007
   15.63305569   80.05470276    0.64999998    2.91000009
   15.63638878   89.46360016    0.64999998    2.93000007
   15.63944435   83.67530060    0.64999998    2.93000007
   15.64277744   81.54769897    0.63000000    2.93000007
   15.64583302   83.79399872    0.63000000    2.93000007
   15.64916611   82.47280121    0.63000000    2.93000007
   15.65249920   83.14489746    0.64999998    2.93000007
   15.65694427   83.14489746    0.64999998    2.93000007
   15.66111088   84.49530029    0.64999998    2.93000007
   15.66444397   87.27249908    0.63000000    2.93000007
   15.66750050   86.38580322    0.63000000    2.93000007
   15.67083359   87.95089722    0.63000000    2.93000007
   15.67388916   84.94589996    0.63000000    2.94000006
   15.67722225   95.97260284    0.64999998    2.94000006
   15.68055630   83.14299774    0.63000000    2.94000006
   15.68361092   82.86669922    0.63000000    2.93000007
   15.68694496   91.45379639    0.63000000    2.93000007
   15.69138908   91.45379639    0.63000000    2.93000007
   15.69555569   76.46360016    0.63000000    2.93000007
   15.69888878   82.53610229    0.63000000    2.93000007
   15.70222187   92.29799652    0.63000000    2.93000007
   15.70527744   83.58309937    0.63000000    2.93000007
   15.70861053   78.29350281    0.63000000    2.93000007
   15.71166611   85.77410126    0.61000001    2.93000007
   15.71500015   87.36430359    0.61000001    2.94000006
   15.71833324   89.97019958    0.63000000    2.93000007
   15.72138882   91.18930054    0.63000000    2.94000006
   15.72611046   91.18930054    0.67000002    2.93000007
   15.72999954   87.41609955    0.69000000    2.93000007
   15.73361111   90.98690033    0.69000000    2.93000007
   15.73694515   93.37689972    0.69000000    2.93000007
   15.74000072   86.45529938    0.67000002    2.93000007
   15.74333382   85.80319977    0.67000002    2.93000007
   15.74694443   94.58409882    0.67000002    2.93000007
   15.75000000   87.26799774    0.67000002    2.93000007
   15.75333309   89.02770233    0.64999998    2.93000007
   15.75666714   87.78730011    0.64999998    2.93000007
   15.76055527   87.78730011    0.64999998    2.93000007
   15.76472187   82.63130188    0.64999998    2.93000007
   15.76805496   88.59040070    0.64999998    2.93000007
   15.77138901   82.62709808    0.64999998    2.93000007
   15.77444458   79.88770294    0.63000000    2.93000007
   15.77777767   81.23079681    0.63000000    2.93000007
   15.78083324   88.35749817    0.63000000    2.94000006
   15.78416729   82.95709991    0.61000001    2.93000007
   15.78750038   84.08300018    0.58999997    2.94000006
   15.79055595   91.61170197    0.61000001    2.94000006
   15.79527855   91.61170197    0.58999997    2.94000006
   15.79944515   85.68509674    0.61000001    2.93000007
   15.80249977   86.00679779    0.61000001    2.94000006
   15.80583382   93.20529938    0.61000001    2.93000007
   15.80916691   84.34539795    0.61000001    2.93000007
   15.81222248   85.30870056    0.61000001    2.94000006
   15.81555557   83.76480103    0.58999997    2.93000007
   15.81861115   81.32129669    0.58999997    2.94000006
   15.82194424   94.10630035    0.61000001    2.94000006
   15.82527733   85.21880341    0.61000001    2.94000006
   15.82972240   85.21880341    0.61000001    2.94000006
   15.83388901   91.22370148    0.61000001    2.94000006
   15.83694458   80.26909637    0.58999997    2.94000006
   15.84027767   89.93350220    0.58999997    2.94000006
   15.84361076   81.37680054    0.61000001    2.93000007
   15.84666634   93.36889648    0.56999999    2.93000007
   15.85000038   84.28749847    0.56999999    2.94000006
   15.85333347   88.22959900    0.56999999    2.94000006
   15.85638905   82.27680206    0.56999999    2.94000006
   15.85972214   81.07039642    0.56999999    2.93000007
   15.86416721   81.07039642    0.55000001    2.94000006
   15.86833382   80.91310120    0.55000001    2.94000006
   15.87166691   83.68240356    0.52999997    2.94000006
   15.87472248   77.68609619    0.52999997    2.94000006
   15.87805557   76.91429901    0.52999997    2.94000006
   15.88138866   79.34449768    0.51999998    2.94000006
   15.88444424   78.72530365    0.52999997    2.94000006
   15.88777733   73.91400146    0.51999998    2.94000006
   15.89083290   82.70159912    0.51999998    2.96000004
   15.89416695   91.75099945    0.51999998    2.96000004
   15.89861107   91.75099945    0.51999998    2.94000006
   15.90277767   85.46900177    0.51999998    2.94000006
   15.90611076   90.11350250    0.51999998    2.96000004
   15.90944386   92.26080322    0.51999998    2.94000006
   15.91249943   83.86309814    0.51999998    2.94000006
   15.91583252   84.17130280    0.51999998    2.94000006
   15.91888905   87.89839935    0.52999997    2.94000006
   15.92250061   93.01629639    0.51999998    2.96000004
   15.92555618   80.80480194    0.52999997    2.94000006
   15.92888927   83.72270203    0.52999997    2.94000006
   15.93333340   83.72270203    0.52999997    2.94000006
   15.93722248   80.60810089    0.56999999    2.94000006
   15.94055557   84.59999847    0.56999999    2.94000006
   15.94388866   87.81819916    0.56999999    2.94000006
   15.94694424   92.27839661    0.56999999    2.94000006
   15.95027733   88.00879669    0.56999999    2.93000007
   15.95361137   93.54100037    0.56999999    2.94000006
   15.95666695   83.72100067    0.56999999    2.94000006
   15.96000004   94.50460052    0.56999999    2.94000006
   15.96305561   85.98400116    0.56999999    2.94000006
   15.96777725   85.98400116    0.58999997    2.94000006
   15.97194386   86.10150146    0.58999997    2.94000006
   15.97499943   86.17919922    0.58999997    2.94000006
   15.97833252   81.87220001    0.58999997    2.94000006
   15.98166656   83.71379852    0.58999997    2.93000007
   15.98472214   88.08560181    0.61000001    2.93000007
   15.98805618   79.98500061    0.61000001    2.94000006
   15.99138927   74.49349976    0.61000001    2.94000006
   15.99444485   82.83290100    0.63000000    2.94000006
   15.99777794   77.07579803    0.63000000    2.93000007
   16.00222206   77.07579803    0.63000000    2.93000007
   16.00638962   81.52970123    0.63000000    2.93000007
   16.00972176   81.81729889    0.63000000    2.93000007
   16.01277733   80.65809631    0.64999998    2.93000007
   16.01611137   80.76170349    0.64999998    2.94000006
   16.01916695   92.07379913    0.64999998    2.93000007
   16.02249908   85.66929626    0.64999998    2.94000006
   16.02583313   82.60189819    0.63000000    2.93000007
   16.02888870   86.31250000    0.64999998    2.93000007
   16.03222275   88.98110199    0.64999998    2.94000006
   16.03666687   88.98110199    0.64999998    2.93000007
   16.04083252   82.87830353    0.63000000    2.93000007
   16.04416656   79.31629944    0.63000000    2.94000006
   16.04722214   80.30500031    0.63000000    2.93000007
   16.05055428   81.51850128    0.63000000    2.93000007
   16.05388832   87.26129913    0.63000000    2.93000007
   16.05694389   87.27549744    0.64999998    2.93000007
   16.06027794   86.93109894    0.63000000    2.93000007
   16.06361008   78.62429810    0.64999998    2.94000006
   16.06666756   85.31310272    0.63000000    2.94000006
   16.07139015   85.31310272    0.64999998    2.94000006
   16.07527924   78.33950043    0.63000000    2.94000006
   16.07861137   83.21080017    0.64999998    2.93000007
   16.08194542   78.70249939    0.64999998    2.94000006
   16.08500099   77.81620026    0.64999998    2.94000006
   16.08833313   78.01609802    0.64999998    2.93000007
   16.09166718   73.00009918    0.67000002    2.93000007
   16.09472275   81.06050110    0.67000002    2.93000007
   16.09805679   79.74019623    0.67000002    2.94000006
   16.10138893   81.37509918    0.67000002    2.93000007
   16.10583305   81.37509918    0.69000000    2.93000007
   16.11000061   84.10449982    0.69000000    2.93000007
   16.11305618   81.64430237    0.70999998    2.94000006
   16.11638832   82.51899719    0.70999998    2.93000007
   16.11972237   83.98459625    0.70999998    2.93000007
   16.12277794   76.87349701    0.70999998    2.93000007
   16.12611198   84.62419891    0.70999998    2.93000007
   16.12916756   81.23200226    0.73000002    2.93000007
   16.13249969   88.52100372    0.73000002    2.93000007
   16.13583374   89.46779633    0.73000002    2.93000007
   16.14027786   89.46779633    0.73000002    2.94000006
   16.14444351   82.40660095    0.75000000    2.94000006
   16.14749908   82.31680298    0.73000002    2.93000007
   16.15083313   86.48989868    0.75000000    2.93000007
   16.15416718   83.44460297    0.75000000    2.93000007
   16.15722275   88.71530151    0.75000000    2.93000007
   16.16055489   70.90280151    0.75000000    2.91000009
   16.16388893   77.22709656    0.75000000    2.93000007
   16.16694450   78.93740082    0.76999998    2.93000007
   16.17027664   88.80300140    0.76999998    2.93000007
   16.17472076   88.80300140    0.76999998    2.94000006
   16.17888832   80.78679657    0.76999998    2.93000007
   16.18222237   84.72679901    0.76999998    2.94000006
   16.18527603   86.32720184    0.76999998    2.93000007
   16.18861008   79.20500183    0.76999998    2.94000006
   16.19194412   77.05079651    0.76999998    2.94000006
   16.19499969   78.44589996    0.79000002    2.93000007
   16.19833183   74.24420166    0.79000002    2.93000007
   16.20166779   83.20570374    0.79000002    2.93000007
   16.20472336   79.38009644    0.76999998    2.93000007
   16.20916748   79.38009644    0.76999998    2.93000007
   16.21333504   87.06259918    0.76999998    2.93000007
   16.21666718   87.36879730    0.76999998    2.94000006
   16.22000122   82.08229828    0.75000000    2.93000007
   16.22305679   81.26190186    0.75000000    2.93000007
   16.22638893   88.30349731    0.75000000    2.94000006
   16.22944450   86.58350372    0.75000000    2.94000006
   16.23277855   83.13899994    0.73000002    2.93000007
   16.23611069   88.69059753    0.73000002    2.93000007
   16.23916626   85.42430115    0.73000002    2.93000007
   16.24388885   85.42430115    0.73000002    2.94000006
   16.24805641   85.31179810    0.73000002    2.93000007
   16.25111198   78.58879852    0.70999998    2.93000007
   16.25444412   85.35639954    0.70999998    2.94000006
   16.25749969   74.44429779    0.70999998    2.93000007
   16.26083374   80.96269989    0.70999998    2.93000007
   16.26416588   85.35749817    0.70999998    2.93000007
   16.26722145   85.33679962    0.70999998    2.94000006
   16.27055550   87.62339783    0.70999998    2.94000006
   16.27388954   85.50920105    0.70999998    2.93000007
   16.27833366   85.50920105    0.70999998    2.94000006
   16.28249931   79.01110077    0.70999998    2.93000007
   16.28555489   83.62950134    0.70999998    2.94000006
   16.28888893   81.93199921    0.70999998    2.94000006
   16.29222107   83.37879944    0.73000002    2.94000006
   16.29527664   88.78880310    0.73000002    2.93000007
   16.29861069   78.89520264    0.73000002    2.94000006
   16.30166626   78.15360260    0.73000002    2.93000007
   16.30499840   85.35009766    0.75000000    2.93000007
   16.30833244   77.67340088    0.75000000    2.93000007
   16.31277657   77.67340088    0.75000000    2.93000007
   16.31694603   79.28130341    0.76999998    2.93000007
   16.32027817   89.77490234    0.76999998    2.93000007
   16.32333374   89.93250275    0.79000002    2.93000007
   16.32666779   77.21230316    0.79000002    2.93000007
   16.32972336   82.36599731    0.76999998    2.93000007
   16.33305550   82.71630096    0.79000002    2.93000007
   16.33638954   84.38500214    0.79000002    2.93000007
   16.33944511   80.54900360    0.79000002    2.93000007
   16.34277916   79.85500336    0.79000002    2.93000007
   16.34722328   79.85500336    0.79000002    2.93000007
   16.35138893   78.74569702    0.79000002    2.94000006
   16.35472298   86.05049896    0.79000002    2.94000006
   16.35777855   86.92400360    0.79000002    2.93000007
   16.36111069   84.51380157    0.79000002    2.93000007
   16.36444473   81.72810364    0.76999998    2.93000007
   16.36750031   80.59729767    0.76999998    2.94000006
   16.37083435   80.05110168    0.75000000    2.94000006
   16.37416649   86.89900208    0.76999998    2.94000006
   16.37722206   83.27549744    0.75000000    2.93000007
   16.38194466   83.27549744    0.73000002    2.93000007
   16.38583374   82.75589752    0.73000002    2.93000007
   16.38916588   88.30359650    0.73000002    2.93000007
   16.39249992   82.58860016    0.73000002    2.94000006
   16.39555550   84.73480225    0.73000002    2.94000006
   16.39888954   85.36519623    0.73000002    2.93000007
   16.40222168   79.32350159    0.73000002    2.93000007
   16.40527725   87.29949951    0.70999998    2.93000007
   16.40861130   82.58070374    0.73000002    2.93000007
   16.41166687   84.38259888    0.73000002    2.93000007
   16.41638756   84.38259888    0.75000000    2.93000007
   16.42055511   78.56510162    0.73000002    2.94000006
   16.42361069   78.70639801    0.75000000    2.93000007
   16.42694473   71.98069763    0.73000002    2.94000006
   16.43027687   84.05390167    0.73000002    2.94000006
   16.43333244   84.72789764    0.75000000    2.94000006
   16.43666649   84.30999756    0.75000000    2.93000007
   16.43972206   88.40319824    0.75000000    2.93000007
   16.44305420   88.59819794    0.73000002    2.93000007
   16.44638824   83.98259735    0.73000002    2.94000006
   16.45083427   83.98259735    0.73000002    2.93000007
   16.45499992   81.70030212    0.75000000    2.94000006
   16.45833397   88.15529633    0.75000000    2.94000006
   16.46138954   88.10630035    0.75000000    2.94000006
   16.46472359   91.67919922    0.75000000    2.94000006
   16.46777916   80.12380219    0.75000000    2.93000007
   16.47111130   76.48940277    0.75000000    2.93000007
   16.47444534   83.51920319    0.75000000    2.93000007
   16.47750092   89.53170013    0.75000000    2.93000007
   16.48083305   95.79250336    0.75000000    2.93000007
   16.48527718   95.79250336    0.75000000    2.93000007
   16.48944473   83.16560364    0.75000000    2.93000007
   16.49277878   93.18939972    0.75000000    2.93000007
   16.49583435   79.55280304    0.73000002    2.93000007
   16.49916649   75.97280121    0.73000002    2.94000006
   16.50250053   83.88580322    0.75000000    2.94000006
   16.50555611   84.49289703    0.73000002    2.93000007
   16.50888824   87.58850098    0.73000002    2.93000007
   16.51194382   83.75039673    0.70999998    2.94000006
   16.51527786   83.33910370    0.70999998    2.93000007
   16.52000046   83.33910370    0.69000000    2.94000006
   16.52388954   87.59619904    0.67000002    2.94000006
   16.52722168   72.93350220    0.64999998    2.94000006
   16.53055573   85.29900360    0.63000000    2.94000006
   16.53361130   84.73210144    0.63000000    2.96000004
   16.53694344   82.54789734    0.61000001    2.94000006
   16.54027748   84.79609680    0.61000001    2.94000006
   16.54333305   80.13459778    0.61000001    2.94000006
   16.54666710   82.42209625    0.58999997    2.94000006
   16.54999924   83.99040222    0.58999997    2.94000006
   16.55444336   83.99040222    0.56999999    2.94000006
   16.55861092   79.88520050    0.56999999    2.94000006
   16.56166649   80.43209839    0.56999999    2.96000004
   16.56499863   78.42389679    0.56999999    2.94000006
   16.56833458   78.93640137    0.55000001    2.94000006
   16.57139015   78.21859741    0.56999999    2.96000004
   16.57472229   86.00250244    0.56999999    2.96000004
   16.57805634   85.98770142    0.56999999    2.94000006
   16.58139038   81.41300201    0.56999999    2.94000006
   16.60083389   85.86350250    0.61000001    2.94000006
   16.60499954   85.86350250    0.61000001    2.94000006
   16.60916710   84.73750305    0.61000001    2.94000006
   16.61250114   81.32920074    0.61000001    2.94000006
   16.61555672   81.96949768    0.61000001    2.94000006
   16.61888885   83.03859711    0.61000001    2.94000006
   16.62222290   80.41200256    0.63000000    2.94000006
   16.62527847   89.08840179    0.63000000    2.94000006
   16.62861061   83.76589966    0.61000001    2.94000006
   16.63166618   81.43669891    0.63000000    2.94000006
   16.63500023   80.92939758    0.61000001    2.96000004
   16.63944435   80.92939758    0.63000000    2.94000006
   16.64361191   83.19719696    0.63000000    2.94000006
   16.64694405   88.60040283    0.63000000    2.94000006
   16.64999962   87.06199646    0.63000000    2.94000006
   16.65333366   85.19550323    0.63000000    2.93000007
   16.65666580   77.58020020    0.63000000    2.93000007
   16.65972137   80.38809967    0.63000000    2.94000006
   16.66305542   85.90100098    0.63000000    2.94000006
   16.66638756   86.96089935    0.61000001    2.94000006
   16.66944313   84.31310272    0.61000001    2.94000006
   16.67416573   84.31310272    0.63000000    2.94000006
   16.67805481   83.53060150    0.63000000    2.94000006
   16.68138885   81.71109772    0.63000000    2.94000006
   16.68472099   80.42420197    0.63000000    2.94000006
   16.68777657   81.19290161    0.63000000    2.93000007
   16.69111061   79.90249634    0.63000000    2.93000007
   16.69444275   77.02549744    0.61000001    2.94000006
   16.69749832   80.20980072    0.63000000    2.94000006
   16.70083427   79.57510376    0.63000000    2.94000006
   16.70388985   81.21679688    0.61000001    2.94000006
   16.70861244   81.21679688    0.61000001    2.94000006
   16.71277809   82.14510345    0.61000001    2.94000006
   16.71583366   81.83300018    0.63000000    2.94000006
   16.71916771   84.09380341    0.63000000    2.94000006
   16.72249985   79.77069855    0.63000000    2.93000007
   16.72555542   80.92299652    0.63000000    2.94000006
   16.72888947   76.21399689    0.64999998    2.94000006
   16.73194504   78.34200287    0.64999998    2.93000007
   16.73527718   78.96810150    0.64999998    2.93000007
   16.73861122   80.20690155    0.64999998    2.94000006
   16.74305534   80.20690155    0.64999998    2.94000006
   16.74722290   88.27320099    0.67000002    2.94000006
   16.75055504   81.76190186    0.67000002    2.94000006
   16.75361061   84.04609680    0.67000002    2.93000007
   16.75694466   84.06079865    0.67000002    2.94000006
   16.76027870   80.94920349    0.67000002    2.94000006
   16.76333427   81.07900238    0.64999998    2.93000007
   16.76666641   78.53579712    0.67000002    2.94000006
   16.76972198   76.37239838    0.67000002    2.94000006
   16.77305603   73.83180237    0.67000002    2.93000007
   16.77750015   73.83180237    0.67000002    2.94000006
   16.78166580   76.16259766    0.67000002    2.94000006
   16.78499985   78.45549774    0.69000000    2.94000006
   16.78805542   80.25360107    0.69000000    2.94000006
   16.79138756   85.81169891    0.67000002    2.94000006
   16.79472160   79.58080292    0.69000000    2.94000006
   16.79777718   81.85870361    0.67000002    2.94000006
   16.80111122   83.98249817    0.69000000    2.94000006
   16.80444336   86.88999939    0.69000000    2.93000007
   16.80749893   78.85880280    0.69000000    2.94000006
   16.81222153   78.85880280    0.69000000    2.94000006
   16.81611061   82.52629852    0.69000000    2.94000006
   16.81944466   86.90830231    0.69000000    2.94000006
   16.82277870   81.63220215    0.69000000    2.93000007
   16.82583427   85.95220184    0.69000000    2.94000006
   16.82916832   90.08679962    0.69000000    2.93000007
   16.83250046   85.03379822    0.70999998    2.93000007
   16.83555603   90.80519867    0.70999998    2.94000006
   16.83889008   80.81999969    0.70999998    2.93000007
   16.84194565   81.78029633    0.70999998    2.93000007
   16.84666824   81.78029633    0.70999998    2.94000006
   16.85083389   82.94309998    0.70999998    2.94000006
   16.85388947   82.04139709    0.70999998    2.94000006
   16.85722351   84.29530334    0.70999998    2.94000006
   16.86027908   77.78189850    0.70999998    2.94000006
   16.86361122   81.85559845    0.70999998    2.93000007
   16.86694527   80.50830078    0.70999998    2.93000007
   16.87000084   79.74230194    0.70999998    2.93000007
   16.87333298   85.11569977    0.70999998    2.94000006
   16.87666702   84.75700378    0.70999998    2.93000007
   16.88111115   84.75700378    0.70999998    2.93000007
   16.88527679   84.90280151    0.70999998    2.93000007
   16.88833237   77.70200348    0.70999998    2.94000006
   16.89166641   82.36969757    0.69000000    2.93000007
   16.89500046   74.42790222    0.69000000    2.93000007
   16.89805603   79.89289856    0.69000000    2.94000006
   16.90138817   78.67359924    0.69000000    2.93000007
   16.90472221   93.83799744    0.69000000    2.94000006
   16.90777779   80.44309998    0.69000000    2.93000007
   16.91110992   79.04840088    0.69000000    2.94000006
   16.91555595   79.04840088    0.69000000    2.94000006
   16.91972160   81.00589752    0.67000002    2.94000006
   16.92305565   85.94380188    0.69000000    2.93000007
   16.92611122   89.93309784    0.69000000    2.94000006
   16.92944336   84.64270020    0.67000002    2.93000007
   16.93277740   83.03780365    0.69000000    2.94000006
   16.93583298   84.09449768    0.67000002    2.94000006
   16.93916512   83.44609833    0.67000002    2.94000006
   16.94249916   79.52989960    0.67000002    2.94000006
   16.94555473   80.14649963    0.67000002    2.94000006
   16.95000076   80.14649963    0.67000002    2.94000006
   16.95416832   83.37010193    0.70999998    2.94000006
   16.95750046   85.85859680    0.69000000    2.94000006
   16.96083450   80.37010193    0.67000002    2.94000006
   16.96389008   82.57990265    0.67000002    2.94000006
   16.96722221   78.00559998    0.69000000    2.94000006
   16.97027779   88.93360138    0.67000002    2.94000006
   16.97361183   80.95659637    0.67000002    2.94000006
   16.97694588   83.73159790    0.67000002    2.94000006
   16.98000145   81.50589752    0.69000000    2.94000006
   16.98472214   81.50589752    0.69000000    2.94000006
   16.98888969   76.94480133    0.69000000    2.94000006
   16.99194527   86.40589905    0.69000000    2.94000006
   16.99527740   88.55280304    0.69000000    2.94000006
   16.99861145   86.73040009    0.69000000    2.94000006
   17.00166702   80.33419800    0.69000000    2.96000004
   17.00499916   87.22779846    0.69000000    2.94000006
   17.00805473   79.45449829    0.69000000    2.94000006
   17.01138878   85.34230042    0.67000002    2.94000006
   17.01472282   75.82180023    0.67000002    2.93000007
   17.01916695   75.82180023    0.67000002    2.94000006
   17.02333260   84.43139648    0.67000002    2.96000004
   17.02638817   88.43080139    0.67000002    2.94000006
   17.02972221   82.98139954    0.67000002    2.94000006
   17.03305435   77.57879639    0.67000002    2.94000006
   17.03610992   85.98609924    0.67000002    2.94000006
   17.03944397   79.34269714    0.67000002    2.94000006
   17.04249954   75.57929993    0.67000002    2.94000006
   17.04583359   80.26820374    0.67000002    2.93000007
   17.04916573   76.99800110    0.67000002    2.93000007
   17.05360985   76.99800110    0.67000002    2.94000006
   17.05777740   75.85590363    0.69000000    2.94000006
   17.06110954   74.30059814    0.67000002    2.94000006
   17.06416512   82.70629883    0.67000002    2.93000007
   17.06750107   76.95510101    0.67000002    2.94000006
   17.07055664   83.06269836    0.67000002    2.94000006
   17.07389069   72.97769928    0.67000002    2.96000004
   17.07722282   78.20159912    0.69000000    2.94000006
   17.08027840   80.54579926    0.67000002    2.96000004
   17.08361244   82.89659882    0.64999998    2.93000007
   17.08805656   82.89659882    0.67000002    2.94000006
   17.09222221   77.24970245    0.67000002    2.94000006
   17.09555626   81.36150360    0.67000002    2.93000007
   17.09861183   77.19619751    0.67000002    2.94000006
   17.10194397   76.40419769    0.67000002    2.93000007
   17.10527802   82.48709869    0.67000002    2.94000006
   17.10833359   81.40899658    0.67000002    2.93000007
   17.11166763   78.41760254    0.67000002    2.94000006
   17.11499977   78.78900146    0.67000002    2.94000006
   17.11805534   74.35520172    0.67000002    2.94000006
   17.12277794   74.35520172    0.67000002    2.94000006
   17.12666702   94.60009766    0.67000002    2.94000006
   17.13000107   82.44830322    0.67000002    2.94000006
   17.13333321   81.87079620    0.67000002    2.94000006
   17.13666725   86.30529785    0.67000002    2.94000006
   17.13999939   82.82350159    0.67000002    2.94000006
   17.14305496   81.81909943    0.64999998    2.94000006
   17.14638901   77.54799652    0.64999998    2.93000007
   17.14944458   90.81929779    0.64999998    2.94000006
   17.15277672   78.58219910    0.64999998    2.93000007
   17.15722275   78.58219910    0.64999998    2.94000006
   17.16138840   78.98539734    0.64999998    2.94000006
   17.16444397   83.60089874    0.64999998    2.94000006
   17.16777802   81.66059875    0.67000002    2.94000006
   17.17111015   77.77020264    0.64999998    2.94000006
   17.17416573   81.64080048    0.63000000    2.94000006
   17.17749977   84.72119904    0.63000000    2.94000006
   17.18083191   84.03359985    0.63000000    2.94000006
   17.18388748   85.51959991    0.63000000    2.94000006
   17.18722153   78.01000214    0.63000000    2.94000006
   17.19166565   78.01000214    0.63000000    2.94000006
   17.19583321   85.39309692    0.64999998    2.94000006
   17.19888878   82.98419952    0.64999998    2.96000004
   17.20222282   80.51850128    0.64999998    2.94000006
   17.20555687   82.63809967    0.64999998    2.94000006
   17.20861244   84.99610138    0.67000002    2.96000004
   17.21194458   81.29730225    0.64999998    2.94000006
   17.21527863   82.61239624    0.64999998    2.94000006
   17.21833420   77.05110168    0.67000002    2.94000006
   17.22166634   78.04389954    0.64999998    2.96000004
   17.22611237   78.04389954    0.67000002    2.94000006
   17.23027802   79.84040070    0.64999998    2.94000006
   17.23361206   83.78450012    0.64999998    2.94000006
   17.23666763   87.23459625    0.67000002    2.94000006
   17.23999977   81.50420380    0.69000000    2.94000006
   17.24333382   87.80699921    0.69000000    2.94000006
   17.24638939   81.88670349    0.67000002    2.94000006
   17.24972153   84.14009857    0.67000002    2.93000007
   17.25305557   76.76719666    0.67000002    2.93000007
   17.25611115   81.75240326    0.67000002    2.94000006
   17.26055527   81.75240326    0.67000002    2.94000006
   17.26472282   85.98770142    0.67000002    2.94000006
   17.26805496   75.16290283    0.69000000    2.93000007
   17.27138901   76.04429626    0.67000002    2.94000006
   17.27444458   73.37760162    0.69000000    2.96000004
   17.27777672   79.22470093    0.69000000    2.94000006
   17.28083229   77.17179871    0.67000002    2.94000006
   17.28416634   78.67440033    0.67000002    2.94000006
   17.28750038   81.81980133    0.67000002    2.94000006
   17.29055595   86.29740143    0.64999998    2.94000006
   17.29527664   86.29740143    0.67000002    2.94000006
   17.29944420   81.19380188    0.67000002    2.93000007
   17.30249977   84.47519684    0.64999998    2.94000006
   17.30583191   82.08370209    0.64999998    2.94000006
   17.30888748   80.76879883    0.64999998    2.94000006
   17.31222153   84.52899933    0.64999998    2.94000006
   17.31555557   89.10420227    0.64999998    2.96000004
   17.31861115   78.05380249    0.64999998    2.94000006
   17.32194519   80.12120056    0.63000000    2.94000006
   17.32527924   84.45459747    0.64999998    2.94000006
   17.32972336   84.45459747    0.64999998    2.94000006
   17.33388901   85.23390198    0.63000000    2.94000006
   17.33694458   75.87840271    0.63000000    2.94000006
   17.34027863   77.91660309    0.63000000    2.94000006
   17.34361267   77.75949860    0.63000000    2.94000006
   17.34666824   81.57720184    0.63000000    2.93000007
   17.35000038   82.49240112    0.64999998    2.94000006
   17.35333443   86.42769623    0.64999998    2.94000006
   17.35639000   99.20059967    0.64999998    2.94000006
   17.35972214   85.25099945    0.64999998    2.94000006
   17.36416626   85.25099945    0.63000000    2.94000006
   17.36833382   85.07830048    0.63000000    2.96000004
   17.37166595   75.09780121    0.63000000    2.94000006
   17.37472153   74.65059662    0.63000000    2.94000006
   17.37805557   77.42939758    0.63000000    2.94000006
   17.38111115   78.21669769    0.63000000    2.94000006
   17.38444519   79.69200134    0.64999998    2.94000006
   17.38777733   79.34349823    0.64999998    2.94000006
   17.39083290   82.33570099    0.64999998    2.94000006
   17.39416695   72.23249817    0.64999998    2.94000006
   17.39861107   72.23249817    0.64999998    2.94000006
   17.40277672   79.59449768    0.64999998    2.94000006
   17.40611076   78.68399811    0.64999998    2.96000004
   17.40916634   78.63099670    0.64999998    2.94000006
   17.41250038   74.72679901    0.64999998    2.93000007
   17.41555595   84.67610168    0.64999998    2.94000006
   17.41888809   78.76149750    0.64999998    2.94000006
   17.42222214   75.73770142    0.64999998    2.94000006
   17.42527771   83.01380157    0.64999998    2.94000006
   17.42860985   83.32859802    0.67000002    2.96000004
   17.43333244   83.32859802    0.64999998    2.94000006
   17.43722153   86.37480164    0.67000002    2.96000004
   17.44055557   81.51159668    0.69000000    2.94000006
   17.44388771   80.11150360    0.69000000    2.93000007
   17.44694328   96.30210114    0.70999998    2.94000006
   17.45027924   76.37830353    0.70999998    2.94000006
   17.45333481   81.97190094    0.69000000    2.94000006
   17.45666695   78.43939972    0.69000000    2.94000006
   17.45972252   83.45729828    0.69000000    2.94000006
   17.46305656   79.98300171    0.69000000    2.94000006
   17.46777916   79.98300171    0.69000000    2.96000004
   17.47194481   82.33699799    0.69000000    2.94000006
   17.47500038   81.14630127    0.69000000    2.94000006
   17.47833443   80.17800140    0.70999998    2.94000006
   17.48139000   79.36129761    0.69000000    2.94000006
   17.48472214   83.00579834    0.69000000    2.94000006
   17.48805618   80.78369904    0.69000000    2.94000006
   17.49111176   80.74269867    0.67000002    2.94000006
   17.49444389   80.61019897    0.67000002    2.96000004
   17.49749947   82.18090057    0.69000000    2.94000006
   17.50222206   82.18090057    0.69000000    2.94000006
   17.50638962   77.34739685    0.69000000    2.96000004
   17.50972176   78.82980347    0.69000000    2.94000006
   17.51277733   77.94329834    0.69000000    2.94000006
   17.51611137   86.86569977    0.69000000    2.94000006
   17.51916695   86.76210022    0.70999998    2.93000007
   17.52249908   84.81520081    0.70999998    2.96000004
   17.52583313   82.89510345    0.70999998    2.93000007
   17.52888870   81.39890289    0.70999998    2.94000006
   17.53222275   86.26119995    0.70999998    2.94000006
   17.53666687   86.26119995    0.73000002    2.94000006
   17.54083252   82.24569702    0.73000002    2.94000006
   17.54416656   77.65110016    0.70999998    2.94000006
   17.54722214   77.56849670    0.70999998    2.93000007
   17.55055428   80.98130035    0.73000002    2.94000006
   17.55388832   81.73149872    0.73000002    2.93000007
   17.55694389   81.68000031    0.73000002    2.94000006
   17.56027794   87.99749756    0.73000002    2.93000007
   17.56361008   82.90720367    0.73000002    2.94000006
   17.56666756   81.45729828    0.73000002    2.94000006
   17.57111168   81.45729828    0.73000002    2.94000006
   17.57527924   80.79920197    0.73000002    2.94000006
   17.57861137   82.39700317    0.73000002    2.93000007
   17.58194542   80.48490143    0.73000002    2.94000006
   17.58500099   75.84310150    0.73000002    2.93000007
   17.58833313   82.90209961    0.75000000    2.96000004
   17.59138870   79.75180054    0.73000002    2.94000006
   17.59472275   85.97619629    0.75000000    2.91000009
   17.59805679   94.62030029    0.75000000    2.94000006
   17.60111237   89.12519836    0.75000000    2.94000006
   17.62194443   89.12519836    0.70999998    2.93000007
   17.62583351   85.54260254    0.70999998    2.93000007
   17.62916756   81.08200073    0.70999998    2.94000006
   17.63249969   77.95449829    0.69000000    2.94000006
   17.63555527   78.34629822    0.69000000    2.94000006
   17.63888931   81.94409943    0.67000002    2.94000006
   17.64222145   84.08730316    0.67000002    2.94000006
   17.64527702   85.15489960    0.69000000    2.94000006
   17.64861107   82.82420349    0.67000002    2.93000007
   17.65166664   86.37850189    0.67000002    2.94000006
   17.65611076   86.37850189    0.69000000    2.94000006
   17.66027832   86.62030029    0.67000002    2.94000006
   17.66361046   86.80539703    0.67000002    2.94000006
   17.66694450   83.41619873    0.67000002    2.94000006
   17.67000008   82.14270020    0.67000002    2.94000006
   17.67333221   81.61720276    0.67000002    2.94000006
   17.67638779   82.36810303    0.67000002    2.94000006
   17.67972183   79.19139862    0.67000002    2.94000006
   17.68305397   77.28199768    0.67000002    2.94000006
   17.68610954   79.07279968    0.67000002    2.94000006
   17.69083214   79.07279968    0.67000002    2.94000006
   17.69499969   82.29840088    0.69000000    2.94000006
   17.69805527   75.07129669    0.67000002    2.94000006
   17.70138931   82.01719666    0.69000000    2.94000006
   17.70444489   80.14409637    0.69000000    2.93000007
   17.70777893   74.33730316    0.70999998    2.94000006
   17.71111107   88.23600006    0.70999998    2.94000006
   17.71416664   76.28250122    0.69000000    2.94000006
   17.71750069   77.52469635    0.69000000    2.94000006
   17.72083473   75.52880096    0.69000000    2.94000006
   17.72527885   75.52880096    0.70999998    2.94000006
   17.72944450   73.60530090    0.73000002    2.93000007
   17.73250008   76.98280334    0.73000002    2.94000006
   17.73583412   78.69580078    0.73000002    2.93000007
   17.73916626   85.29519653    0.75000000    2.94000006
   17.74222183   78.47830200    0.75000000    2.93000007
   17.74555588   75.23370361    0.75000000    2.93000007
   17.74888992   76.84680176    0.75000000    2.94000006
   17.75194359   80.28880310    0.75000000    2.94000006
   17.75527763   80.33229828    0.75000000    2.93000007
   17.75972176   80.33229828    0.73000002    2.94000006
   17.76388931   74.63469696    0.73000002    2.94000006
   17.76722145   83.69730377    0.73000002    2.94000006
   17.77027702   85.51580048    0.75000000    2.93000007
   17.77361107   87.94580078    0.75000000    2.93000007
   17.77666664   87.03639984    0.75000000    2.93000007
   17.78000069   76.15370178    0.75000000    2.94000006
   17.78333282   86.33360291    0.76999998    2.94000006
   17.78638840   78.40170288    0.76999998    2.94000006
   17.78972244   79.90630341    0.76999998    2.94000006
   17.79416656   79.90630341    0.76999998    2.94000006
   17.79833221   89.94290161    0.76999998    2.93000007
   17.80166626   83.04209900    0.79000002    2.93000007
   17.80472183   80.48439789    0.76999998    2.96000004
   17.80805397   81.01529694    0.76999998    2.94000006
   17.81138802   80.40630341    0.79000002    2.93000007
   17.81444359   81.69819641    0.79000002    2.93000007
   17.81777954   81.85140228    0.79000002    2.93000007
   17.82111168   87.78399658    0.79000002    2.93000007
   17.82416725   88.63970184    0.79000002    2.93000007
   17.82888985   88.63970184    0.80000001    2.93000007
   17.83277893   87.84339905    0.80000001    2.93000007
   17.83611107   85.69740295    0.81999999    2.93000007
   17.83944511   84.57839966    0.80000001    2.93000007
   17.84250069   83.05249786    0.80000001    2.93000007
   17.84583473   85.10849762    0.81999999    2.93000007
   17.84916687   83.24810028    0.83999997    2.94000006
   17.85222244   84.49949646    0.88000000    2.93000007
   17.85555649   86.13569641    0.88000000    2.93000007
   17.85861206   83.81009674    0.89999998    2.93000007
   17.86333466   83.81009674    0.92000002    2.93000007
   17.86750031   84.20110321    0.92000002    2.93000007
   17.87055588   82.19409943    0.92000002    2.93000007
   17.87388992   83.68479919    0.92000002    2.94000006
   17.87722206   83.73130035    0.92000002    2.91000009
   17.88027763   83.01419830    0.89999998    2.93000007
   17.88361168   81.70469666    0.92000002    2.93000007
   17.88666725   85.86029816    0.88000000    2.93000007
   17.88999939   82.71710205    0.86000001    2.93000007
   17.89333344   85.18659973    0.86000001    2.93000007
   17.89777756   85.18659973    0.86000001    2.93000007
   17.90194321   93.41649628    0.86000001    2.93000007
   17.90527725   77.64830017    0.86000001    2.93000007
   17.90833282   80.97619629    0.86000001    2.94000006
   17.91166687   84.76550293    0.83999997    2.93000007
   17.91472244   89.66549683    0.81999999    2.93000007
   17.91805458   83.09539795    0.81999999    2.93000007
   17.92138863   80.33290100    0.80000001    2.94000006
   17.92444420   86.51930237    0.80000001    2.93000007
   17.92777634   87.60630035    0.80000001    2.93000007
   17.93222237   87.60630035    0.80000001    2.93000007
   17.93638802   83.44010162    0.80000001    2.91000009
   17.93972206   81.33039856    0.80000001    2.93000007
   17.94277763   81.32649994    0.80000001    2.93000007
   17.94610977   75.09190369    0.80000001    2.93000007
   17.94944382   79.99739838    0.80000001    2.93000007
   17.95250130   85.10459900    0.80000001    2.94000006
   17.95583344   87.32499695    0.80000001    2.93000007
   17.95916748   81.52259827    0.80000001    2.93000007
   17.96222305   83.52729797    0.80000001    2.93000007
   17.96666718   83.52729797    0.80000001    2.93000007
   17.97083473   83.27539825    0.80000001    2.93000007
   17.97416687   79.64520264    0.80000001    2.93000007
   17.97750092   90.80580139    0.80000001    2.93000007
   17.98055649   87.19570160    0.80000001    2.93000007
   17.98388863   76.63110352    0.80000001    2.93000007
   17.98694420   87.51409912    0.80000001    2.93000007
   17.99027824   89.76380157    0.81999999    2.93000007
   17.99361229   83.50409698    0.81999999    2.93000007
   17.99666786   81.58190155    0.81999999    2.94000006
   18.00138855   81.58190155    0.83999997    2.93000007
   18.00555611   85.82550049    0.83999997    2.93000007
   18.00861168   77.37339783    0.83999997    2.93000007
   18.01194382   82.59940338    0.83999997    2.93000007
   18.01499939   83.41439819    0.83999997    2.93000007
   18.01833344   85.42590332    0.86000001    2.93000007
   18.02166557   89.10160065    0.86000001    2.93000007
   18.02472115   85.79419708    0.88000000    2.93000007
   18.02805519   82.15440369    0.89999998    2.93000007
   18.03138924   85.69129944    0.89999998    2.93000007
   18.03583336   85.69129944    0.89999998    2.94000006
   18.03999901   84.77210236    0.88000000    2.93000007
   18.04305458   81.49199677    0.88000000    2.93000007
   18.04638863   88.52610016    0.88000000    2.93000007
   18.04972076   90.32959747    0.86000001    2.93000007
   18.05277634   87.31829834    0.86000001    2.93000007
   18.05611038   86.06990051    0.86000001    2.93000007
   18.05944443   88.49369812    0.86000001    2.93000007
   18.06250000   84.28710175    0.83999997    2.93000007
   18.06583214   84.29199982    0.83999997    2.93000007
   18.07027817   84.29199982    0.83999997    2.93000007
   18.07444572   90.88610077    0.83999997    2.93000007
   18.07777786   90.27690125    0.83999997    2.93000007
   18.08083344   86.19809723    0.86000001    2.93000007
   18.08416748   97.52850342    0.83999997    2.93000007
   18.08750153   83.30750275    0.83999997    2.94000006
   18.09055710   87.81790161    0.83999997    2.93000007
   18.09388924   84.40640259    0.83999997    2.93000007
   18.09722328   80.11489868    0.81999999    2.93000007
   18.10027885   82.27799988    0.81999999    2.94000006
   18.10472298   82.27799988    0.81999999    2.93000007
   18.10888863   86.17739868    0.81999999    2.93000007
   18.11222267   82.60369873    0.81999999    2.93000007
   18.11555672   81.40059662    0.81999999    2.93000007
   18.11861038   86.37770081    0.81999999    2.93000007
   18.12194443   78.11889648    0.81999999    2.93000007
   18.12500000   85.10040283    0.86000001    2.93000007
   18.12833405   82.00039673    0.83999997    2.93000007
   18.13166618   85.84870148    0.83999997    2.93000007
   18.13472176   82.28179932    0.81999999    2.93000007
   18.13944435   82.28179932    0.83999997    2.93000007
   18.14333344   84.49659729    0.83999997    2.93000007
   18.14666748   86.89330292    0.83999997    2.93000007
   18.14999962   92.27130127    0.83999997    2.93000007
   18.15305519   84.49259949    0.83999997    2.93000007
   18.15638924   87.12699890    0.83999997    2.93000007
   18.15972137   92.09320068    0.86000001    2.93000007
   18.16277695   95.27120209    0.86000001    2.91000009
   18.16611099   82.37500000    0.86000001    2.93000007
   18.16944313   81.94309998    0.86000001    2.93000007
   18.17388916   81.94309998    0.86000001    2.94000006
   18.17805481   90.10759735    0.86000001    2.93000007
   18.18111038   86.20870209    0.86000001    2.93000007
   18.18444443   87.48919678    0.86000001    2.93000007
   18.18750000   87.14119720    0.86000001    2.93000007
   18.19083214   87.58999634    0.86000001    2.93000007
   18.19416618   86.34020233    0.88000000    2.93000007
   18.19722176   88.27230072    0.88000000    2.91000009
   18.20055580   84.34989929    0.88000000    2.93000007
   18.20388985   82.38950348    0.88000000    2.93000007
   18.20833397   82.38950348    0.86000001    2.93000007
   18.21250153   89.95079803    0.86000001    2.93000007
   18.21555710   78.55539703    0.86000001    2.93000007
   18.21888924   86.51779938    0.88000000    2.91000009
   18.22222328   86.50949860    0.88000000    2.93000007
   18.22555542   88.91500092    0.89999998    2.93000007
   18.22861099   84.55100250    0.89999998    2.91000009
   18.23194504   87.46399689    0.89999998    2.93000007
   18.23500061   89.38480377    0.89999998    2.93000007
   18.23833275   90.06929779    0.89999998    2.93000007
   18.24277878   90.06929779    0.89999998    2.93000007
   18.24694443   87.03610229    0.89999998    2.93000007
   18.25027847   87.12069702    0.88000000    2.93000007
   18.25333405   93.39679718    0.88000000    2.93000007
   18.25666618   94.25969696    0.88000000    2.93000007
   18.26000023   85.00879669    0.88000000    2.93000007
   18.26305580   84.79309845    0.88000000    2.91000009
   18.26638794  100.28900146    0.88000000    2.93000007
   18.26972198   80.50479889    0.88000000    2.93000007
   18.27277756   89.33190155    0.88000000    2.93000007
   18.27722168   89.33190155    0.88000000    2.93000007
   18.28138924   94.47640228    0.88000000    2.93000007
   18.28472137  110.25399780    0.88000000    2.91000009
   18.28805542   96.96019745    0.88000000    2.91000009
   18.29111099   90.39230347    0.88000000    2.93000007
   18.29444313   91.05180359    0.88000000    2.93000007
   18.29777718   94.05609894    0.88000000    2.93000007
   18.30083275   94.17579651    0.88000000    2.93000007
   18.30416679   83.41429901    0.88000000    2.91000009
   18.30722237   89.95629883    0.86000001    2.91000009
   18.31194305   89.95629883    0.86000001    2.93000007
   18.31611061   95.41780090    0.86000001    2.93000007
   18.31916809   95.55599976    0.86000001    2.93000007
   18.32250023  104.25299835    0.86000001    2.93000007
   18.32555580   91.76660156    0.86000001    2.93000007
   18.32888985   86.54720306    0.86000001    2.93000007
   18.33222389   94.32610321    0.86000001    2.91000009
   18.33527756   78.78330231    0.86000001    2.93000007
   18.33861160   84.02420044    0.83999997    2.93000007
   18.34194565   85.08049774    0.81999999    2.94000006
   18.34638977   85.08049774    0.81999999    2.93000007
   18.35055542   85.59149933    0.83999997    2.93000007
   18.35361099   83.94660187    0.86000001    2.93000007
   18.35694504   87.80599976    0.88000000    2.93000007
   18.36027908   90.05760193    0.89999998    2.91000009
   18.36333466   88.02179718    0.89999998    2.93000007
   18.36666679   88.65709686    0.89999998    2.93000007
   18.36972237   80.34079742    0.92000002    2.91000009
   18.37305641   79.22499847    0.89999998    2.93000007
   18.37638855   77.99510193    0.92000002    2.91000009
   18.38083267   77.99510193    0.92000002    2.93000007
   18.38500023   80.83159637    0.89999998    2.93000007
   18.38833237   86.71179962    0.89999998    2.94000006
   18.39138794   82.05989838    0.89999998    2.93000007
   18.39472198   78.48860168    0.89999998    2.91000009
   18.39777756   77.10810089    0.89999998    2.93000007
   18.40111160   81.47889709    0.89999998    2.93000007
   18.40444374   85.34200287    0.89999998    2.91000009
   18.40749931   83.19470215    0.89999998    2.93000007
   18.41083336   88.07589722    0.89999998    2.93000007
   18.41527748   88.07589722    0.92000002    2.93000007
   18.41944313   94.63379669    0.94000000    2.93000007
   18.42277718   84.60939789    0.98000002    2.91000009
   18.42611122   87.59850311    1.01999998    2.93000007
   18.42916679   80.14510345    1.01999998    2.94000006
   18.43249893   86.99060059    1.03999996    2.93000007
   18.43555450   85.61630249    1.03999996    2.93000007
   18.43888855   78.91089630    1.05999994    2.91000009
   18.44222069   92.36139679    1.03999996    2.91000009
   18.44527626   86.14779663    1.05999994    2.91000009
   18.45000076   86.14779663    1.05999994    2.91000009
   18.45388985   85.26679993    1.03999996    2.89000010
   18.45722389   81.41110229    1.01999998    2.93000007
   18.46055603   79.56179810    1.01999998    2.91000009
   18.46361160   87.94049835    1.00000000    2.91000009
   18.46694565   86.30639648    1.00000000    2.91000009
   18.47027779   84.70099640    0.98000002    2.91000009
   18.47333336   82.37090302    0.95999998    2.91000009
   18.47666740   80.25550079    0.94000000    2.91000009
   18.47972298   85.40200043    0.94000000    2.91000009
   18.48444557   85.40200043    0.94000000    2.91000009
   18.48861122   83.43789673    0.92000002    2.93000007
   18.49166679   92.66179657    0.92000002    2.91000009
   18.49500084   86.38569641    0.89999998    2.93000007
   18.49833298   84.00039673    0.89999998    2.93000007
   18.50138855   86.78749847    0.89999998    2.93000007
   18.50472260   85.71170044    0.88000000    2.93000007
   18.50777817   89.73719788    0.83999997    2.93000007
   18.51111031   84.30840302    0.81999999    2.93000007
   18.51444435   88.62550354    0.81999999    2.93000007
   18.51888847   88.62550354    0.81999999    2.93000007
   18.52305603   88.92700195    0.80000001    2.91000009
   18.52638817   84.68289948    0.81999999    2.93000007
   18.52944374   83.59220123    0.80000001    2.94000006
   18.53277779   79.83100128    0.80000001    2.93000007
   18.53583336   88.01049805    0.79000002    2.94000006
   18.53916550   85.38829803    0.79000002    2.93000007
   18.54249954   77.94129944    0.79000002    2.93000007
   18.54555511   84.51930237    0.79000002    2.93000007
   18.54888916   92.08889771    0.80000001    2.93000007
   18.55333328   92.08889771    0.80000001    2.93000007
   18.55749893   89.85900116    0.79000002    2.93000007
   18.56083298   83.50890350    0.80000001    2.93000007
   18.56388855   83.90280151    0.79000002    2.94000006
   18.56722260   91.95269775    0.76999998    2.93000007
   18.57055664   89.62819672    0.79000002    2.93000007
   18.57361221   87.77100372    0.80000001    2.93000007
   18.57694626   96.52249908    0.80000001    2.93000007
   18.58000183   85.19529724    0.80000001    2.94000006
   18.58333397   79.26899719    0.80000001    2.93000007
   18.58805656   79.26899719    0.80000001    2.93000007
   18.59194565   82.23870087    0.80000001    2.93000007
   18.59527779   89.72239685    0.80000001    2.93000007
   18.59861183   86.06060028    0.79000002    2.93000007
   18.60166740   83.55020142    0.80000001    2.94000006
   18.60499954   79.56970215    0.80000001    2.93000007
   18.60833359   81.41860199    0.80000001    2.93000007
   18.61138916   82.94200134    0.81999999    2.93000007
   18.61472321   79.91130066    0.80000001    2.93000007
   18.61777878   88.62079620    0.81999999    2.93000007
   18.63861084   88.62079620    0.81999999    2.93000007
   18.64277840   86.35530090    0.80000001    2.94000006
   18.64583397   84.79380035    0.80000001    2.93000007
   18.64916611   90.83969879    0.80000001    2.93000007
   18.65222168   81.88459778    0.80000001    2.93000007
   18.65555573   89.77909851    0.80000001    2.93000007
   18.65888786   94.79910278    0.81999999    2.93000007
   18.66194344   89.69190216    0.80000001    2.93000007
   18.66527748   89.36889648    0.79000002    2.93000007
   18.66860962   83.71230316    0.79000002    2.94000006
   18.67305565   83.71230316    0.79000002    2.94000006
   18.67694473   87.16529846    0.79000002    2.91000009
   18.68027687   88.65799713    0.79000002    2.93000007
   18.68361092   88.74829865    0.80000001    2.93000007
   18.68666649   84.76270294    0.81999999    2.93000007
   18.68999863   87.05359650    0.83999997    2.93000007
   18.69333267   87.75420380    0.86000001    2.93000007
   18.69638824   86.06690216    0.92000002    2.91000009
   18.69972038   85.28720093    0.92000002    2.91000009
   18.70305634   90.84980011    1.05999994    2.91000009
   18.70750046   90.84980011    1.19000006    2.91000009
   18.71166801   92.15309906    1.21000004    2.91000009
   18.71472359   86.65010071    1.21000004    2.91000009
   18.71805573   83.42710114    1.19000006    2.91000009
   18.72138977   85.51499939    1.14999998    2.91000009
   18.72444534   87.94239807    1.09000003    2.91000009
   18.72777748   82.54910278    1.05999994    2.91000009
   18.73083305   85.70089722    1.05999994    2.91000009
   18.73416710   81.82610321    1.05999994    2.91000009
   18.73750114   81.24099731    1.05999994    2.93000007
   18.74194527   81.24099731    0.95999998    2.91000009
   18.74611092   84.71649933    0.94000000    2.93000007
   18.74944496   79.00730133    0.95999998    2.93000007
   18.75250053   76.52390289    0.98000002    2.91000009
   18.75583267   78.95069885    0.98000002    2.91000009
   18.75916672   87.64240265    1.00000000    2.91000009
   18.76222229   77.90609741    0.98000002    2.91000009
   18.76555634   76.45469666    1.00000000    2.91000009
   18.76861000   77.35089874    0.95999998    2.91000009
   18.77194405   82.90290070    0.95999998    2.93000007
   18.77638817   82.90290070    0.92000002    2.93000007
   18.78055573   82.95709991    0.89999998    2.93000007
   18.78388786   78.22840118    0.89999998    2.91000009
   18.78694344   74.72080231    0.94000000    2.91000009
   18.79027748   80.48470306    0.94000000    2.91000009
   18.79361153   81.18199921    0.94000000    2.91000009
   18.79666710   82.20259857    1.00000000    2.93000007
   18.79999924   81.20880127    0.98000002    2.91000009
   18.80333328   76.35810089    0.92000002    2.93000007
   18.80638885   80.90080261    0.92000002    2.93000007
   18.81110954   80.90080261    0.92000002    2.93000007
   18.81499863   85.76090240    0.92000002    2.93000007
   18.81833458   86.98549652    0.92000002    2.93000007
   18.82166672   79.24960327    0.92000002    2.93000007
   18.82472229   82.80059814    0.89999998    2.93000007
   18.82805634   80.27690125    0.89999998    2.93000007
   18.83139038   81.08719635    0.89999998    2.93000007
   18.83444595   85.89399719    0.88000000    2.93000007
   18.83777809   79.97109985    0.88000000    2.93000007
   18.84083366   82.58540344    0.88000000    2.93000007
   18.84555626   82.58540344    0.86000001    2.93000007
   18.84972191   84.46820068    0.89999998    2.93000007
   18.85277748   84.77400208    0.92000002    2.93000007
   18.85611153   73.24440002    0.92000002    2.93000007
   18.85972214   77.57730103    0.89999998    2.91000009
   18.86333466   83.82330322    0.89999998    2.93000007
   18.86666679   79.51190186    0.89999998    2.93000007
   18.87000084   85.38800049    0.94000000    2.91000009
   18.87333298   73.34339905    0.95999998    2.91000009
   18.88000107   73.34339905    0.95999998    2.91000009
   18.88416672   86.29679871    0.95999998    2.93000007
   18.88750076   83.00350189    0.95999998    2.93000007
   18.89055634   90.77980042    1.25000000    2.89000010
   18.89388847   86.45999908    1.21000004    2.91000009
   18.89694405   81.36260223    1.28999996    2.93000007
   18.90027809   76.60019684    1.28999996    2.93000007
   18.90388870   77.57109833    1.28999996    2.91000009
   18.90749931   93.56359863    1.33000004    2.91000009
   18.91110992   83.79190063    1.34000003    2.91000009
   18.91638756   83.79190063    1.11000001    2.91000009
   18.92111015   83.18080139    1.05999994    2.91000009
   18.92416573   80.70919800    1.03999996    2.93000007
   18.92749977   83.49829865    1.03999996    2.93000007
   18.93083191   76.49520111    0.98000002    2.91000009
   18.93388748   84.26319885    0.94000000    2.93000007
   18.93722153   87.89600372    0.95999998    2.93000007
   18.94027710   85.17800140    0.98000002    2.91000009
   18.94361115   79.05629730    1.00000000    2.93000007
   18.95000076   79.05629730    1.03999996    2.91000009
   18.95416832   87.20739746    1.11000001    2.91000009
   18.95750046   85.87629700    1.11000001    2.91000009
   18.96138954   77.90119934    1.14999998    2.91000009
   18.96444511   80.57209778    1.14999998    2.91000009
   18.96777916   81.60279846    1.16999996    2.89000010
   18.97111130   83.88079834    1.16999996    2.91000009
   18.97416687   80.73930359    1.16999996    2.91000009
   18.97750092   80.55599976    1.16999996    2.91000009
   18.98055649   78.22889709    1.16999996    2.91000009
   18.98472214   78.22889709    1.16999996    2.91000009
   18.98888969   82.41739655    1.13000000    2.91000009
   18.99222183   76.01650238    1.11000001    2.89000010
   18.99527740   81.18599701    1.13000000    2.91000009
   18.99861145   88.16369629    1.13000000    2.91000009
   19.00166702   88.54039764    1.13000000    2.91000009
   19.00499916   82.33290100    1.13000000    2.91000009
   19.00861168   87.08660126    1.01999998    2.91000009
   19.01194382   88.24939728    1.00000000    2.91000009
   19.01527786   85.11830139    0.98000002    2.93000007
   19.01944351   85.11830139    0.95999998    2.91000009
   19.02333260   83.69290161    0.95999998    2.93000007
   19.02666664   79.77269745    0.95999998    2.91000009
   19.03000069   78.85160065    0.95999998    2.93000007
   19.03305435   78.87989807    0.95999998    2.91000009
   19.03638840   82.72730255    0.94000000    2.91000009
   19.03972244   81.70659637    0.94000000    2.91000009
   19.04277802   81.17790222    0.94000000    2.91000009
   19.04611015   80.86640167    0.94000000    2.91000009
   19.04972076   84.23989868    0.94000000    2.91000009
   19.05527687   84.23989868    0.92000002    2.91000009
   19.05944443   77.54630280    0.92000002    2.91000009
   19.06277657   79.59470367    0.92000002    2.93000007
   19.06583214   79.72810364    0.94000000    2.93000007
   19.06916809   81.97499847    0.94000000    2.93000007
   19.07250023   80.75250244    0.95999998    2.91000009
   19.07555580   77.48239899    0.95999998    2.91000009
   19.07888985   84.40869904    0.95999998    2.91000009
   19.08222389   83.53389740    0.95999998    2.91000009
   19.08861160   83.53389740    0.94000000    2.91000009
   19.09277916   84.43379974    0.94000000    2.93000007
   19.09583473   81.89710236    0.94000000    2.91000009
   19.09916687   83.95680237    0.94000000    2.91000009
   19.10250092   92.31900024    0.95999998    2.91000009
   19.10583305   86.86239624    0.95999998    2.93000007
   19.10888863   78.26229858    0.98000002    2.91000009
   19.11222267   79.68270111    1.00000000    2.91000009
   19.11527824   80.96360016    1.01999998    2.91000009
   19.11861038   78.36660004    1.05999994    2.91000009
   19.12277794   78.36660004    1.07000005    2.91000009
   19.12694550   80.44339752    1.05999994    2.91000009
   19.13027763   82.08450317    1.05999994    2.89000010
   19.13361168   82.43560028    1.05999994    2.91000009
   19.13666725   79.92949677    1.05999994    2.91000009
   19.13999939   79.52480316    1.07000005    2.91000009
   19.14305496   75.26249695    1.09000003    2.91000009
   19.14638901   82.82009888    1.09000003    2.91000009
   19.14972115   74.63819885    1.11000001    2.89000010
   19.15305519   81.40070343    1.11000001    2.91000009
   19.15749931   81.40070343    1.09000003    2.91000009
   19.16166687   84.36049652    1.13000000    2.91000009
   19.16472244   77.53569794    1.13000000    2.91000009
   19.16805458   83.39589691    1.14999998    2.91000009
   19.17111015   83.34249878    1.13000000    2.91000009
   19.17444420   80.51789856    1.11000001    2.93000007
   19.17777634   82.11509705    1.09000003    2.91000009
   19.18083191   84.37719727    1.09000003    2.91000009
   19.18416595   86.14859772    1.00000000    2.91000009
   19.18750000   85.97920227    0.95999998    2.93000007
   19.19194412   85.97920227    0.94000000    2.91000009
   19.19610977   81.60130310    0.94000000    2.91000009
   19.19916534   83.67269897    0.94000000    2.91000009
   19.20250130   80.94300079    0.94000000    2.91000009
   19.20583344   79.25740051    0.98000002    2.93000007
   19.20888901   79.06839752    1.00000000    2.93000007
   19.21222305   78.74610138    0.95999998    2.91000009
   19.21555710   83.80829620    0.98000002    2.93000007
   19.21861076   79.96540070    0.95999998    2.91000009
   19.22194481   79.40589905    0.95999998    2.91000009
   19.22638893   79.40589905    0.95999998    2.91000009
   19.23055649   78.99400330    0.94000000    2.93000007
   19.23388863   82.27349854    0.95999998    2.91000009
   19.23694420   79.65070343    0.95999998    2.91000009
   19.24027824   84.13790131    0.95999998    2.91000009
   19.24333382   86.57230377    0.98000002    2.91000009
   19.24666786   83.19979858    0.98000002    2.91000009
   19.25000000   82.15039825    0.98000002    2.91000009
   19.25305557   93.78379822    0.98000002    2.91000009
   19.25638962   88.43260193    1.01999998    2.89000010
   19.26083374   88.43260193    1.03999996    2.91000009
   19.26499939   85.51190186    1.09000003    2.89000010
   19.26833344   86.06150055    1.09000003    2.91000009
   19.27138901   80.45610046    1.09000003    2.91000009
   19.27472115   86.15170288    1.09000003    2.91000009
   19.27805519   89.46549988    1.07000005    2.91000009
   19.28111076   84.20539856    1.07000005    2.91000009
   19.28444481   77.11720276    1.07000005    2.91000009
   19.28777695   86.03510284    1.05999994    2.89000010
   19.29083252   91.94450378    1.03999996    2.89000010
   19.29555511   91.94450378    1.03999996    2.91000009
   19.29944420   92.86399841    1.05999994    2.89000010
   19.30277634   78.26540375    1.07000005    2.91000009
   19.30611038   83.42790222    1.09000003    2.89000010
   19.30916595   87.78189850    1.07000005    2.89000010
   19.31250000   83.82279968    1.03999996    2.91000009
   19.31583214   80.15019989    1.01999998    2.91000009
   19.31888962   83.84690094    1.01999998    2.91000009
   19.32222366   83.17160034    1.01999998    2.91000009
   19.32527924   87.38410187    1.01999998    2.91000009
   19.33000183   87.38410187    1.01999998    2.91000009
   19.33416748   89.43150330    1.00000000    2.91000009
   19.33722305   80.84439850    1.00000000    2.91000009
   19.34055710   88.08799744    1.00000000    2.89000010
   19.34361267   78.44249725    0.98000002    2.91000009
   19.34694481   91.96579742    0.98000002    2.89000010
   19.35027885   84.35209656    0.95999998    2.91000009
   19.35333443   86.42769623    0.95999998    2.91000009
   19.35666656   85.56250000    0.95999998    2.91000009
   19.36000061   84.41139984    0.94000000    2.91000009
   19.36444473   84.41139984    0.92000002    2.91000009
   19.36861038   86.64219666    0.92000002    2.91000009
   19.37166595   90.87380219    0.92000002    2.91000009
   19.37500000   92.03649902    0.89999998    2.91000009
   19.37833405   86.39399719    0.92000002    2.91000009
   19.38138962   81.29209900    0.92000002    2.91000009
   19.38472176   82.65160370    0.98000002    2.93000007
   19.38805580   86.10510254    0.98000002    2.91000009
   19.39111137   85.65119934    1.05999994    2.91000009
   19.39444351   84.73359680    1.05999994    2.91000009
   19.39916611   84.73359680    1.01999998    2.89000010
   19.40305519   88.70980072    1.05999994    2.91000009
   19.40638924   90.81999969    1.03999996    2.91000009
   19.40972137   81.39009857    1.03999996    2.91000009
   19.41277695   86.70429993    1.03999996    2.91000009
   19.41611099   84.77940369    1.05999994    2.89000010
   19.41944313   85.16079712    0.95999998    2.91000009
   19.42249870   82.29000092    0.95999998    2.89000010
   19.42583275   86.20780182    0.95999998    2.91000009
   19.42916679   82.55039978    0.94000000    2.91000009
   19.43361092   82.55039978    0.94000000    2.91000009
   19.43750000   88.77420044    0.94000000    2.91000009
   19.44083214   90.67880249    0.94000000    2.91000009
   19.44416618   87.19000244    0.94000000    2.89000010
   19.44722176   84.94190216    0.94000000    2.91000009
   19.45055580   89.07389832    0.95999998    2.91000009
   19.45388985   87.04389954    0.94000000    2.91000009
   19.45694542   85.24829865    0.94000000    2.89000010
   19.46027946   85.37239838    0.94000000    2.91000009
   19.46333504   88.58660126    0.94000000    2.89000010
   19.46805573   88.58660126    0.98000002    2.89000010
   19.47222328   88.72570038    0.98000002    2.89000010
   19.47527885   92.46350098    1.01999998    2.89000010
   19.47861099   86.41159821    1.01999998    2.89000010
   19.48166656   88.74150085    1.03999996    2.89000010
   19.48500061   93.20770264    1.05999994    2.89000010
   19.48833275   87.86560059    1.05999994    2.89000010
   19.49138832   77.18550110    1.09000003    2.89000010
   19.49472237   87.79010010    1.09000003    2.86999989
   19.49805641   84.30940247    1.09000003    2.86999989
   19.50250053   84.30940247    1.09000003    2.89000010
   19.50666618   83.13870239    1.11000001    2.86999989
   19.50972176   84.69509888    1.11000001    2.86999989
   19.51305580   92.53099823    1.11000001    2.86999989
   19.51638794   95.98899841    1.11000001    2.86999989
   19.51944351   88.68160248    1.11000001    2.86999989
   19.52277756   92.83830261    1.09000003    2.89000010
   19.52583313   86.77030182    1.09000003    2.86999989
   19.52916718   92.78700256    1.09000003    2.86999989
   19.53249931   94.78569794    1.09000003    2.89000010
   19.53694344   94.78569794    1.13000000    2.86999989
   19.54111099   86.76529694    1.11000001    2.86999989
   19.54444313   92.03900146    1.11000001    2.86999989
   19.54749870   91.29840088    1.07000005    2.86999989
   19.55083275   94.19409943    1.07000005    2.86999989
   19.55388832   93.61969757    1.07000005    2.89000010
   19.55722237   90.06069946    1.05999994    2.89000010
   19.56055450   82.68710327    1.01999998    2.86999989
   19.56361008   81.49590302    1.01999998    2.89000010
   19.56694603   87.55729675    1.01999998    2.89000010
   19.57139015   87.55729675    1.01999998    2.89000010
   19.57555580   90.83209991    0.98000002    2.89000010
   19.57888985   87.57980347    0.98000002    2.86999989
   19.58194542   91.69979858    0.98000002    2.89000010
   19.58527756   87.89520264    0.94000000    2.91000009
   19.58861160   92.69879913    0.95999998    2.89000010
   19.59166718   76.75679779    0.95999998    2.89000010
   19.59500122   87.97090149    0.94000000    2.89000010
   19.59833336   87.00530243    0.94000000    2.89000010
   19.60138893   88.41790009    0.95999998    2.91000009
   19.60611153   88.41790009    0.94000000    2.89000010
   19.61000061   93.61389923    0.94000000    2.89000010
   19.61333466   87.13680267    0.95999998    2.89000010
   19.61666679   85.86180115    0.95999998    2.89000010
   19.61972237   85.52580261    0.95999998    2.89000010
   19.62305641   85.25679779    0.95999998    2.89000010
   19.62638855   87.38169861    0.98000002    2.89000010
   19.62944412   92.08090210    1.00000000    2.89000010
   19.63277817   86.95580292    1.01999998    2.89000010
   19.65555573   86.95580292    1.09000003    2.86999989
   19.65972137   87.16519928    1.09000003    2.86999989
   19.66277695   92.42919922    1.11000001    2.84999990
   19.66611099   91.56849670    1.11000001    2.86999989
   19.66944313   82.05490112    1.11000001    2.86999989
   19.67249870   97.46150208    1.11000001    2.86999989
   19.67583275   94.50209808    1.11000001    2.86999989
   19.67888832   95.84790039    1.11000001    2.86999989
   19.68222237   97.90650177    1.09000003    2.86999989
   19.68555450   85.68270111    1.09000003    2.86999989
   19.68999863   85.68270111    1.07000005    2.89000010
   19.69416618   91.57340240    1.07000005    2.86999989
   19.69722176   86.94370270    1.07000005    2.86999989
   19.70055580   91.47329712    1.07000005    2.86999989
   19.70361137   91.56590271    1.09000003    2.86999989
   19.70694542   86.07929993    1.09000003    2.86999989
   19.71027946   81.83360291    1.11000001    2.86999989
   19.71361160   88.38929749    1.11000001    2.86999989
   19.71694565   81.03350067    1.09000003    2.86999989
   19.72000122   85.12110138    1.11000001    2.86999989
   19.72444534   85.12110138    1.11000001    2.86999989
   19.72861099   84.22470093    1.13000000    2.86999989
   19.73166656   92.83609772    1.13000000    2.86999989
   19.73500061   86.97869873    1.14999998    2.86999989
   19.73833275   91.15720367    1.14999998    2.86999989
   19.74138832   93.40239716    1.14999998    2.84999990
   19.74472237   82.05560303    1.16999996    2.86999989
   19.74805641   81.39679718    1.19000006    2.86999989
   19.75111198   85.82990265    1.16999996    2.86999989
   19.75444412   90.22889709    1.16999996    2.86999989
   19.75888824   90.22889709    1.16999996    2.86999989
   19.76305580   80.94329834    1.16999996    2.86999989
   19.76638794   98.71009827    1.16999996    2.86999989
   19.76944351   82.68659973    1.16999996    2.86999989
   19.77277756   81.69319916    1.16999996    2.86999989
   19.77583313   86.02549744    1.16999996    2.86999989
   19.77916718   80.00869751    1.16999996    2.86999989
   19.78249931   80.92060089    1.14999998    2.84999990
   19.78555489   84.12519836    1.14999998    2.84999990
   19.78888893   88.49900055    1.16999996    2.86999989
   19.79333305   88.49900055    1.16999996    2.86999989
   19.79749870   84.73190308    1.16999996    2.86999989
   19.80083275   88.37550354    1.19000006    2.86999989
   19.80388832   84.86969757    4.90999985    2.91000009
