    HOUR (UT)   FLARE FACTOR    SKY TESTER    SUN TESTER
   12.01555538   -1.00000000   -1.00000000   -1.00000000
   12.10444450  324.40100098    3.20000005    2.32999992
   12.10777855  335.46499634    3.23000002    2.30999994
   12.10972214  332.29598999    3.16000009    2.32999992
   12.11111164  340.55398560    3.21000004    2.30999994
   12.11250019  387.95401001    3.21000004    2.30999994
   12.11388969  369.04000854    3.20000005    2.30999994
   12.11527824  343.62298584    3.16000009    2.30999994
   12.11666679  338.59500122    3.21000004    2.32999992
   12.11805534  357.83599854    3.20000005    2.30999994
   12.11944485  319.25900269    3.25000000    2.30999994
   12.12083340  277.35699463    3.20000005    2.30999994
   12.12222195  295.52700806    3.20000005    2.30999994
   12.12361145  302.86401367    3.18000007    2.32999992
   12.12500000  266.18200684    3.21000004    2.32999992
   12.12638855  281.51998901    3.20000005    2.32999992
   12.12777805  266.73800659    3.20000005    2.30999994
   12.12916660  279.32699585    3.23000002    2.32999992
   12.13055611  256.45999146    3.21000004    2.32999992
   12.13194466  270.66000366    3.25000000    2.30999994
   12.13333321  279.01800537    3.25000000    2.32999992
   12.13472176  270.11401367    3.23000002    2.32999992
   12.13611126  273.19500732    3.25000000    2.32999992
   12.13749981  274.23699951    3.25000000    2.32999992
   12.13888836  269.62899780    3.23000002    2.30999994
   12.14027786  249.13699341    3.25000000    2.32999992
   12.14027786  335.46499634    3.23000002    2.30999994
   12.14083290  280.89801025    3.23000002    2.32999992
   12.14416695  245.91799927    3.21000004    2.32999992
   12.14750004  261.05200195    3.21000004    2.32999992
   12.15055561  259.35299683    3.25000000    2.32999992
   12.15388870  257.63598633    3.21000004    2.32999992
   12.15694427  247.70199585    3.26999998    2.34999990
   12.16111088  247.70199585    3.21000004    2.34999990
   12.16527748  260.30099487    3.23000002    2.34999990
   12.16861153  269.61898804    3.26999998    2.34999990
   12.17166710  258.84899902    3.26999998    2.34999990
   12.17416668  247.25300598    3.23000002    2.34999990
   12.17555618  252.30999756    3.26999998    2.34999990
   12.17861176  252.98699951    3.26999998    2.36999989
   12.18194485  276.92199707    3.26999998    2.34999990
   12.18500042  258.97198486    3.28999996    2.36999989
   12.18833351  250.11700439    3.28999996    2.36999989
   12.19166660  241.10899353    3.30999994    2.36999989
   12.19472218  271.29299927    3.30999994    2.36999989
   12.19805527  265.40100098    3.25000000    2.36999989
   12.20416641  265.40100098    3.30999994    2.36999989
   12.20805550  267.92199707    3.30999994    2.39000010
   12.21138859  266.37600708    3.39000010    2.36999989
   12.21472168  273.92199707    3.30999994    2.36999989
   12.21777725  275.03399658    3.36999989    2.36999989
   12.22111034  240.54400635    3.36999989    2.36999989
   12.22444439  267.32299805    3.36999989    2.36999989
   12.22749996  256.17098999    3.39000010    2.39000010
   12.23083305  258.82901001    3.43000007    2.36999989
   12.23416710  261.26000977    3.48000002    2.39000010
   12.23722267  237.50000000    3.43000007    2.39000010
   12.24055576  260.13699341    3.41000009    2.39000010
   12.24111176  252.40100098    3.41000009    2.39000010
   12.24694443  252.40100098    3.43000007    2.39000010
   12.25111103  262.26300049    3.41000009    2.39000010
   12.25416660  262.18301392    3.46000004    2.39000010
   12.25749969  236.11000061    3.48000002    2.39000010
   12.26083374  239.57200623    3.43000007    2.39000010
   12.26388931  249.64500427    3.48000002    2.39000010
   12.26722240  254.23399353    3.46000004    2.39000010
   12.27027798  245.12699890    3.50000000    2.39000010
   12.27361107  247.41299438    3.43000007    2.39000010
   12.27444458  248.54899597    3.48000002    2.39000010
   12.27722168  237.76499939    3.46000004    2.39000010
   12.28055573  259.46899414    3.50000000    2.40000010
   12.28388977  224.96600342    3.45000005    2.40000010
   12.28972244  224.96600342    3.55999994    2.40000010
   12.29388905  244.76199341    3.50000000    2.40000010
   12.29722309  238.74299622    3.53999996    2.40000010
   12.30027771  234.11300659    3.50000000    2.40000010
   12.30361176  235.02400208    3.51999998    2.40000010
   12.30666733  229.86500549    3.48000002    2.40000010
   12.30777836  241.48699951    3.55999994    2.40000010
   12.31027794  228.66299438    3.51999998    2.40000010
   12.31361103  245.72500610    3.57999992    2.40000010
   12.31694412  237.87899780    3.59999990    2.40000010
   12.31999969  245.25599670    3.61999989    2.40000010
   12.32333374  241.04299927    3.57999992    2.40000010
   12.32666683  234.02200317    3.66000009    2.40000010
   12.33249950  234.02200317    3.66000009    2.40000010
   12.33666611  235.16200256    3.68000007    2.40000010
   12.34000015  226.74499512    3.66000009    2.40000010
   12.34111118  223.55200195    3.73000002    2.40000010
   12.34333324  223.27400208    3.61999989    2.40000010
   12.34666634  219.33799744    3.66000009    2.40000010
   12.35000038  224.75799561    3.72000003    2.40000010
   12.35305595  218.45599365    3.68000007    2.40000010
   12.35638905  231.35800171    3.66000009    2.40000010
   12.35972214  218.61999512    3.75000000    2.40000010
   12.36277771  241.92599487    3.73000002    2.40000010
   12.36611176  233.27000427    3.70000005    2.40000010
   12.36916637  218.85800171    3.66000009    2.40000010
   12.37555599  218.85800171    3.66000009    2.40000010
   12.37972260  229.68600464    3.68000007    2.40000010
   12.37805557  236.63699341    3.64000010    2.42000008
   12.38138866  237.73199463    3.68000007    2.42000008
   12.38444424  241.02200317    3.64000010    2.42000008
   12.38777733  246.03399658    3.70000005    2.42000008
   12.39083290  233.30599976    3.73000002    2.42000008
   12.39416695  223.50799561    3.55999994    2.42000008
   12.39750004  204.35299683    3.72000003    2.42000008
   12.40055561  223.68200684    3.78999996    2.42000008
   12.40305519  217.74899292    3.78999996    2.42000008
   12.40416622  235.37600708    3.72000003    2.44000006
   12.40749931  212.40699768    3.75000000    2.42000008
   12.41361046  212.40699768    3.78999996    2.44000006
   12.41777802  223.91700745    3.78999996    2.44000006
   12.42083359  229.00700378    3.84999990    2.44000006
   12.42416668  244.67999268    3.82999992    2.46000004
   12.42722225  235.62300110    3.82999992    2.46000004
   12.43055630  209.89799500    3.91000009    2.46000004
   12.43388939  228.39599609    3.82999992    2.46000004
   12.43638897  216.40100098    3.84999990    2.44000006
   12.43750000  222.88200378    3.82999992    2.46000004
   12.44083309  218.49800110    3.89000010    2.44000006
   12.44388866  231.95300293    3.86999989    2.46000004
   12.44722271  223.61099243    3.86999989    2.46000004
   12.45055580  223.32400513    3.89000010    2.46000004
   12.45638847  223.32400513    3.91000009    2.46000004
   12.46055508  214.30799866    3.86999989    2.46000004
   12.46361065  218.15299988    3.89000010    2.46000004
   12.46694374  214.25500488    3.95000005    2.46000004
   12.46972179  217.02400208    3.95000005    2.46000004
   12.47055531  229.42700195    3.99000001    2.46000004
   12.47388840  220.66799927    3.95000005    2.46000004
   12.47694397  219.32000732    3.91000009    2.46000004
   12.48027706  224.80599976    3.93000007    2.46000004
   12.48361111  373.88699341    3.95000005    2.48000002
   12.48555565  352.27499390    4.03999996    2.46000004
   12.48694515  380.58999634    4.00000000    2.46000004
   12.48833370  343.46099854    4.07999992    2.46000004
   12.48972225  350.06201172    4.07999992    2.46000004
   12.49111176  386.36599731    3.99000001    2.46000004
   12.49250031  342.47500610    4.01999998    2.46000004
   12.49388885  389.08499146    4.07999992    2.46000004
   12.49527836  382.70999146    4.07999992    2.46000004
   12.49666691  363.20098877    4.05999994    2.46000004
   12.49805546  370.96099854    4.07999992    2.46000004
   12.49944496  409.06799316    4.09999990    2.46000004
   12.50083351  379.67199707    4.09999990    2.46000004
   12.50222206  386.68099976    4.13999987    2.46000004
   12.50361156  437.00000000    4.07999992    2.46000004
   12.50500011  459.20199585    4.07999992    2.46000004
   12.50638866  444.67001343    4.07999992    2.46000004
   12.50777817  413.51699829    4.03999996    2.46000004
   12.50916672  438.35800171    4.05999994    2.46000004
   12.51055527  474.10101318    4.05999994    2.46000004
   12.51194477  445.48901367    4.09999990    2.46000004
   12.51333332  464.55499268    4.03999996    2.48000002
   12.51472187  491.11199951    4.05999994    2.48000002
   12.51611137  495.71301270    4.13999987    2.48000002
   12.51749992  485.67199707    4.21999979    2.48000002
   12.51888847  454.59899902    4.13999987    2.48000002
   12.52027798  451.05899048    4.09999990    2.48000002
   12.52166653  534.01000977    4.15999985    2.48000002
   12.52305508  472.29501343    4.17999983    2.48000002
   12.52444458  443.36401367    4.21999979    2.48000002
   12.52583313  411.39898682    4.23999977    2.48000002
   12.52722168  452.55099487    4.13999987    2.46000004
   12.52861118  405.02600098    4.13999987    2.48000002
   12.52999973  344.75399780    4.13999987    2.46000004
   12.53138828  221.43899536    4.11999989    2.48000002
   12.53138828  373.88699341    3.95000005    2.48000002
   12.53138828  223.32400513    3.89000010    2.46000004
   12.53166676  214.30799866    3.86999989    2.46000004
   12.53166676  218.15299988    3.89000010    2.46000004
   12.53194427  214.25500488    3.95000005    2.46000004
   12.53194427  229.42700195    3.99000001    2.46000004
   12.53194427  220.66799927    3.95000005    2.46000004
   12.53222179  219.32000732    3.91000009    2.46000004
   12.53222179  224.80599976    3.93000007    2.46000004
   12.53277779  234.94999695    4.15999985    2.48000002
   12.53611183  204.42300415    4.17999983    2.48000002
   12.53916740  217.01300049    4.13999987    2.48000002
   12.54250050  230.33000183    4.21999979    2.48000002
   12.54555607  237.86500549    4.07999992    2.48000002
   12.55222225  237.86500549    4.15999985    2.48000002
   12.55638885  232.71800232    4.15999985    2.48000002
   12.55944443  215.48899841    4.23999977    2.50000000
   12.56277752  201.13000488    4.23999977    2.50000000
   12.56527805  238.86300659    4.19999981    2.48000002
   12.56638908  233.91000366    4.26999998    2.48000002
   12.56972218  225.74899292    4.19999981    2.50000000
   12.57305527  223.47799683    4.23999977    2.48000002
   12.57611084  212.85200500    4.28999996    2.50000000
   12.57944393  235.01300049    4.23999977    2.50000000
   12.58249950  104.68299866    4.26999998    2.48000002
   12.58583260  123.75299835    4.30999994    2.50000000
   12.58916664  110.04299927    4.30999994    2.50000000
   12.59499931  110.04299927    4.34999990    2.50000000
   12.59916592   70.68779755    4.38999987    2.51999998
   12.60222244   36.65750122    4.36999989    2.51999998
   12.60555553   -1.00000000   -1.00000000   -1.00000000
   12.60888958   -1.00000000   -1.00000000   -1.00000000
   12.61194515   -1.00000000    4.38999987    2.50000000
   12.61527824   -1.00000000    4.46999979    2.50000000
   12.61861134   -1.00000000    4.46999979    2.50000000
   12.62166691   -1.00000000    4.51000023    2.50000000
   12.62500000   -1.00000000    4.40999985    2.51999998
   12.62833309  214.12600708    4.40999985    2.51999998
   12.63138866  204.14799500    4.44999981    2.50000000
   12.63194466  199.40499878    4.44999981    2.50000000
   12.63777733  199.40499878    4.51000023    2.50000000
   12.64194393  202.69799805    4.53000021    2.50000000
   12.64527798  205.10200500    4.42999983    2.51999998
   12.64833355  199.72700500    4.53999996    2.51999998
   12.65166664  208.97599792    4.40999985    2.50000000
   12.65472221  210.88999939    4.55999994    2.50000000
   12.65805531  218.62100220    4.53999996    2.51999998
   12.66138840  210.47500610    4.53000021    2.51999998
   12.66444397  223.94999695    4.59999990    2.50000000
   12.66527748  221.40199280    4.61999989    2.51999998
   12.66833401  245.89100647    4.69999981    2.51999998
   12.67138958  255.13000488    4.57999992    2.51999998
   12.67472267  219.86000061    4.59999990    2.51999998
   12.68472195   -1.00000000    4.71999979    2.51999998
   12.68805599   -1.00000000    4.73999977    2.51999998
   12.69111156   -1.00000000    4.73999977    2.51999998
   12.69444466   -1.00000000    4.76000023    2.51999998
   12.69750023   -1.00000000    4.76000023    2.51999998
   12.70111084   -1.00000000    4.71999979    2.51999998
   12.70444393   -1.00000000    4.80000019    2.51999998
   12.70777798   -1.00000000    4.76000023    2.51999998
   12.71083355   -1.00000000    4.86999989    2.51999998
   12.71416664   -1.00000000    4.84999990    2.53999996
   12.71722221   -1.00000000    4.80999994    2.51999998
   12.72749996   -1.00000000    4.80000019    2.53999996
   12.73083305  200.32400513    4.82999992    2.53999996
   12.73194408  201.75100708    4.80999994    2.53999996
   12.73444462  202.50199890    4.90999985    2.53999996
   12.73750019  205.20899963    4.84999990    2.53999996
   12.74083328  207.20199585    4.88999987    2.53999996
   12.74416733  232.17700195    4.86999989    2.55999994
   12.74722290  206.70199585    4.90999985    2.53999996
   12.75055599  206.17999268    4.90999985    2.53999996
   12.75361156  193.70799255    4.90999985    2.53999996
   12.75694466  227.57899475    4.90999985    2.53999996
   12.76027775  219.87100220    4.90999985    2.53999996
   12.76638889  219.87100220    4.90999985    2.53999996
   12.77055550  195.40199280    4.90999985    2.53999996
   12.77361107  215.93899536    4.90999985    2.53999996
   12.77694416  218.77400208    4.90999985    2.55999994
   12.78027725   -1.00000000    4.90999985    2.55999994
   12.78333378   -1.00000000    4.90999985    2.53999996
   12.78666687   -1.00000000    4.90999985    2.55999994
   12.79000092  197.01699829    4.90999985    2.55999994
   12.79305553  198.23199463    4.90999985    2.55999994
   12.79638958  206.29800415    4.90999985    2.55999994
   12.79861164  203.94599915    4.90999985    2.55999994
   12.80000019  199.07099915    4.90999985    2.55999994
   12.80305576  213.36399841    4.90999985    2.55999994
   12.80916691  213.36399841    4.90999985    2.55999994
   12.81333351  206.50900269    4.90999985    2.55999994
   12.81666660  198.66000366    4.90999985    2.55999994
   12.81972218  211.64700317    4.90999985    2.55999994
   12.82305527  226.86399841    4.90999985    2.55999994
   12.82638836  203.92599487    4.90999985    2.55999994
   12.82944393  205.31900024    4.90999985    2.55999994
   12.83194447  194.92900085    4.90999985    2.55999994
   12.83333302  202.62199402    4.90999985    2.55999994
   12.83638859  194.92599487    4.90999985    2.55999994
   12.83972168  212.52499390    4.90999985    2.55999994
   12.84305477  201.16099548    4.90999985    2.57999992
   12.84611034  198.63900757    4.90999985    2.57999992
   12.85194492  198.63900757    4.90999985    2.57999992
   12.85611153  203.36199951    4.90999985    2.55999994
   12.85944462  191.61700439    4.90999985    2.55999994
   12.86277771  197.73699951    4.90999985    2.55999994
   12.86527824  196.31500244    4.90999985    2.55999994
   12.86638927  202.89100647    4.90999985    2.57999992
   12.86944485  226.55200195    4.90999985    2.55999994
   12.87277794  198.89199829    4.90999985    2.57999992
   12.87611103  224.96800232    4.90999985    2.57999992
   12.87916660  228.13200378    4.90999985    2.57999992
   12.88249969  191.10800171    4.90999985    2.57999992
   12.88555527  204.11999512    4.90999985    2.57999992
   12.88888836  201.95100403    4.90999985    2.57999992
   12.89499950  201.95100403    4.90999985    2.55999994
   12.89916611  224.97700500    4.90999985    2.55999994
   12.90222168  186.34100342    4.90999985    2.55999994
   12.90555477  248.17300415    4.90999985    2.57999992
   12.90861034  212.96899414    4.90999985    2.57999992
   12.91194439  222.91000366    4.90999985    2.57999992
   12.91527748  264.36401367    4.90999985    2.57999992
   12.91833401  266.37100220    4.90999985    2.57999992
   12.92166710  216.93499756    4.90999985    2.57999992
   12.92500019  199.11599731    4.90999985    2.57999992
   12.92805576  210.08599854    4.90999985    2.57999992
   12.93138885  229.05900574    4.90999985    2.55999994
   12.93194485  250.09500122    4.90999985    2.55999994
   12.93777752  250.09500122    4.90999985    2.57999992
   12.94194412  206.58500671    4.90999985    2.57999992
   12.94499969  216.24600220    4.90999985    2.57999992
   12.94833374  185.91000366    4.90999985    2.55999994
   12.95166683  199.27600098    4.90999985    2.57999992
   12.95472240  210.88800049    4.90999985    2.55999994
   12.95805550  213.69900513    4.90999985    2.57999992
   12.96111107  206.58200073    4.90999985    2.57999992
   12.96444416  192.65400696    4.90999985    2.57999992
   12.96527767  198.59300232    4.90999985    2.57999992
   12.96805477  205.89500427    4.90999985    2.57999992
   12.97111034  198.30400085    4.90999985    2.57999992
   12.97444439  195.44900513    4.90999985    2.57999992
   12.98055553  195.44900513    4.90999985    2.57999992
   12.98472214  194.25599670    4.90999985    2.59999990
   12.98805618  194.44299316    4.90999985    2.59999990
   12.99111176  201.63299561    4.90999985    2.59999990
   12.99444485  191.51899719    4.90999985    2.59999990
   12.99750042  204.46600342    4.90999985    2.59999990
   12.99861145  191.01199341    4.90999985    2.61999989
   13.00138855  193.13299561    4.90999985    2.59999990
   13.00444412  195.49800110    4.90999985    2.59999990
   13.00777817  183.57000732    4.90999985    2.59999990
   13.01111126  193.23699951    4.90999985    2.59999990
   13.01416683  191.39300537    4.90999985    2.59999990
   13.01749992  199.41499329    4.90999985    2.61999989
   13.02333355  199.41499329    4.90999985    2.59999990
   13.02750015  212.23199463    4.90999985    2.61999989
   13.03083324  193.76300049    4.90999985    2.61999989
   13.03194427  206.75599670    4.90999985    2.61999989
   13.03444481  199.80200195    4.90999985    2.61999989
   13.03750038  185.83200073    4.90999985    2.61999989
   13.04083347  210.38800049    4.90999985    2.61999989
   13.04416752  193.16499329    4.90999985    2.61999989
   13.04722309  197.34700012    4.90999985    2.61999989
   13.05055618  197.70300293    4.90999985    2.61999989
   13.05388927  196.03799438    4.90999985    2.61999989
   13.05694485  195.07499695    4.90999985    2.64000010
   13.06027794  195.85099792    4.90999985    2.64000010
   13.06638908  195.85099792    4.90999985    2.13000011
   13.07027817  246.20199585    4.90999985    2.19000006
   13.07361126  232.79100037    4.90999985    2.30999994
   13.07694435  204.45700073    4.90999985    2.40000010
   13.07999992  195.31500244    4.90999985    2.64000010
   13.08333302  196.18299866    4.90999985    2.64000010
   13.08666611  190.35800171    4.90999985    2.61999989
   13.08972168  173.59300232    4.90999985    2.64000010
   13.09305477  196.96200562    4.90999985    2.61999989
   13.09611034  195.82099915    4.90999985    2.61999989
   13.09861088  204.97700500    4.90999985    2.61999989
   13.10000038  243.74899292    4.90999985    2.61999989
   13.12055588  243.74899292    4.90999985    2.66000009
   13.12472248  193.33000183    4.90999985    2.67000008
   13.12805557  243.58099365    4.90999985    2.50000000
   13.13111115   -1.00000000    4.90999985    2.39000010
   13.13472176   -1.00000000    4.90999985    1.25000000
   13.13777733   -1.00000000    4.90999985    0.95999998
   13.14111137  307.95901489    4.90999985    1.11000001
   13.14305496  126.26000214    4.90999985    1.78999996
   13.14333344  196.96200562    4.90999985    2.61999989
   13.14333344  195.82099915    4.90999985    2.61999989
   13.14333344  243.74899292    4.90999985    2.61999989
   13.14361095  193.33000183    4.90999985    2.67000008
   13.14361095  243.58099365    4.90999985    2.50000000
   13.14388847   -1.00000000    4.90999985    2.39000010
   13.14388847   -1.00000000    4.90999985    1.25000000
   13.14388847   -1.00000000    4.90999985    0.95999998
   13.14416695  307.95901489    4.90999985    1.11000001
   13.14611053  185.34399414    4.90999985    1.25000000
   13.14916611  265.59698486    4.90999985    1.78999996
   13.15249920  268.35198975    4.90999985    2.40000010
   13.15583324   31.68799973    4.90999985    1.96000004
   13.15888882   -1.00000000    4.90999985    0.83999997
   13.16388893   -1.00000000    4.90999985    1.16999996
   13.16805553   -1.00000000    4.90999985    0.79000002
   13.17138958   -1.00000000    4.90999985    1.16999996
   13.17444515   -1.00000000    4.90999985    1.16999996
   13.17694473  304.45700073    4.90999985    1.76999998
   13.17833328  229.26800537    4.90999985    2.34999990
   13.18166733  307.95901489    4.90999985    2.64000010
   13.18361092  265.59698486    4.90999985    1.78999996
   13.18361092  268.35198975    4.90999985    2.40000010
   13.18388939   31.68799973    4.90999985    1.96000004
   13.18388939   -1.00000000    4.90999985    0.83999997
   13.18416691   -1.00000000    4.90999985    0.79000002
   13.18416691   -1.00000000    4.90999985    1.16999996
   13.18416691   -1.00000000    4.90999985    1.16999996
   13.18444443  229.26800537    4.90999985    2.34999990
   13.18638897   -1.00000000    4.90999985    0.58999997
   13.18944454   -1.00000000    4.90999985    0.25000000
   13.19277763   -1.00000000    4.90999985    0.23000000
   13.19583321   -1.00000000    4.90999985    0.07000000
   13.19916630   -1.00000000    2.46000004    0.03000000
   13.20833302   -1.00000000    1.09000003    0.01000000
   13.21166611   -1.00000000    1.07000005    0.01000000
   13.21472168   -1.00000000    1.07000005    0.01000000
   13.21833324   -1.00000000    1.07000005    0.01000000
   13.22138882   -1.00000000    1.07000005    0.01000000
   13.22472191   -1.00000000    1.07000005    0.01000000
   13.22805500   -1.00000000    1.07000005    0.01000000
   13.23111057   -1.00000000    1.07000005    0.01000000
   13.23444462   -1.00000000    1.07000005    0.01000000
   13.23777771   -1.00000000    1.07000005    0.01000000
   13.24083328   -1.00000000    1.07000005    0.01000000
   13.25111103   -1.00000000    4.44999981    0.03000000
   13.25444412   -1.00000000    4.90999985    0.05000000
   13.25777817   -1.00000000    4.90999985    0.09000000
   13.26083374   -1.00000000    4.90999985    0.11000000
   13.26416683   -1.00000000    4.90999985    0.19000000
   13.26722240   -1.00000000    4.90999985    0.38000000
   13.27055550   -1.00000000    4.90999985    0.25000000
   13.27388859   -1.00000000    4.90999985    0.23000000
   13.27694416   -1.00000000    4.90999985    0.23000000
   13.28027725   -1.00000000    4.90999985    0.23000000
   13.28361130  209.55700684    4.90999985    0.80000001
   13.28416729  375.12600708    4.90999985    1.07000005
   13.29000092  375.12600708    4.90999985    2.76999998
   13.29416752  239.25599670    4.90999985    2.71000004
   13.29750061  296.23800659    4.90999985    2.67000008
   13.30055618  257.27301025    4.90999985    2.64000010
   13.30388927  274.39599609    4.90999985    2.61999989
   13.30694485  295.30300903    4.90999985    2.61999989
   13.31027794  248.68099976    4.90999985    2.64000010
   13.31361103  216.04299927    4.90999985    2.64000010
   13.31666660  308.17800903    4.90999985    2.66000009
   13.31888866  222.63900757    4.90999985    2.64000010
   13.31888866  239.25599670    4.90999985    2.71000004
   13.31888866  296.23800659    4.90999985    2.67000008
   13.31916618  257.27301025    4.90999985    2.64000010
   13.31916618  274.39599609    4.90999985    2.61999989
   13.31944466  295.30300903    4.90999985    2.61999989
   13.31944466  248.68099976    4.90999985    2.64000010
   13.31944466  216.04299927    4.90999985    2.64000010
   13.31972218  308.17800903    4.90999985    2.66000009
   13.31972218  209.55700684    4.90999985    0.80000001
   13.32166672  283.92098999    4.90999985    2.66000009
   13.32499981  242.27600098    4.90999985    2.64000010
   13.32805538  220.76100159    4.90999985    2.66000009
   13.33138847  220.41600037    4.90999985    2.67000008
   13.33444405  225.14900208    4.90999985    2.67000008
   13.33972168  225.14900208    4.90999985    2.69000006
   13.34361076  258.84799194    4.90999985    2.71000004
   13.34694386  224.10299683    4.90999985    2.50000000
   13.35027790  294.46600342    4.90999985    2.34999990
   13.35277843  333.43200684    4.90999985    2.36999989
   13.35388947  227.88299561    4.90999985    2.42000008
   13.35722256  214.14799500    4.90999985    2.64000010
   13.36083412  203.65800476    4.90999985    2.75000000
   13.36388969  315.24200439    4.90999985    2.76999998
   13.36611176  221.98300171    4.90999985    2.59999990
   13.36611176  214.14799500    4.90999985    2.64000010
   13.36611176  203.65800476    4.90999985    2.75000000
   13.36638927  315.24200439    4.90999985    2.76999998
   13.36638927  220.41600037    4.90999985    2.67000008
   13.36638927  225.14900208    4.90999985    2.67000008
   13.36666679  258.84799194    4.90999985    2.71000004
   13.36666679  224.10299683    4.90999985    2.50000000
   13.36694431  294.46600342    4.90999985    2.34999990
   13.36694431  227.88299561    4.90999985    2.42000008
   13.36888885   -1.00000000    4.90999985    1.91999996
   13.37222195   -1.00000000    4.90999985    1.13000000
   13.37527752   -1.00000000    4.90999985    0.46000001
   13.37861156   -1.00000000    4.90999985    0.23000000
   13.38194466   -1.00000000    4.90999985    0.17000000
   13.39083290   -1.00000000    4.90999985    0.17000000
   13.39416695   -1.00000000    4.90999985    0.17000000
   13.39722252   -1.00000000    4.90999985    0.20999999
   13.40083313   -1.00000000    4.90999985    0.23000000
   13.40416622   -1.00000000    4.90999985    0.23000000
   13.40722179   70.74929810    4.90999985    0.50000000
   13.41055489   89.29450226    4.90999985    1.50000000
   13.41361046  294.27301025    4.90999985    1.83000004
   13.41694450  106.27300262    4.90999985    2.53999996
   13.42027855  316.35101318    4.90999985    2.59999990
   13.42222214  237.76499939    4.90999985    2.46000004
   13.42222214   -1.00000000    4.90999985    0.23000000
   13.42250061   70.74929810    4.90999985    0.50000000
   13.42250061   89.29450226    4.90999985    1.50000000
   13.42277813  294.27301025    4.90999985    1.83000004
   13.42277813  106.27300262    4.90999985    2.53999996
   13.42277813  316.35101318    4.90999985    2.59999990
   13.42305565   -1.00000000    4.90999985    0.17000000
   13.42305565   -1.00000000    4.90999985    0.20999999
   13.42305565   -1.00000000    4.90999985    0.23000000
   13.42500019  196.75000000    4.90999985    2.71000004
   13.42833328  217.14999390    4.90999985    2.75000000
   13.43166733  270.26199341    4.90999985    2.71000004
   13.43472195  234.90400696    4.90999985    2.71000004
   13.43805599  265.13800049    4.90999985    2.71000004
   13.44305515  265.13800049    4.90999985    2.69000006
   13.44722271  237.80499268    4.90999985    2.69000006
   13.45027733  218.06199646    4.90999985    2.67000008
   13.45361137  299.46398926    4.90999985    2.69000006
   13.45611095  208.46200562    4.90999985    2.69000006
   13.45749950  220.47799683    4.90999985    2.69000006
   13.46055508  242.54299927    4.90999985    2.69000006
   13.46388912  254.15199280    4.90999985    2.69000006
   13.46722221  229.94799805    4.90999985    2.75000000
   13.47027779  220.39100647    4.90999985    2.75000000
   13.47361088   -1.00000000    4.90999985    2.36999989
   13.47666645   -1.00000000    4.90999985    0.69000000
   13.47999954   -1.00000000    4.90999985    1.25000000
   13.48583317   -1.00000000    4.90999985    2.03999996
   13.49000072  252.59500122    4.90999985    2.71000004
   13.49333382  256.01000977    4.90999985    2.71000004
   13.49638939  205.50500488    4.90999985    2.69000006
   13.49972248  236.45700073    4.90999985    2.69000006
   13.50305557  218.18200684    4.90999985    2.69000006
   13.50611115  213.05700684    4.90999985    2.67000008
   13.50944424  236.01199341    4.90999985    2.67000008
   13.51249981  224.07200623    4.90999985    2.67000008
   13.51583290  215.88000488    4.90999985    2.69000006
   13.51916599  214.36900330    4.90999985    2.69000006
   13.52222157  219.93699646    4.90999985    2.69000006
   13.52277756  194.27499390    4.90999985    2.67000008
   13.52861118  194.27499390    4.90999985    2.69000006
   13.53277779  193.76199341    4.90999985    2.69000006
   13.53611183  207.20500183    4.90999985    2.71000004
   13.53944492  191.73699951    4.90999985    2.71000004
   13.54250050  189.93800354    4.90999985    2.69000006
   13.54583359  200.71000671    4.90999985    2.71000004
   13.54888916  205.70100403    4.90999985    2.71000004
   13.55222225  208.47599792    4.90999985    2.69000006
   13.55555534  193.12600708    4.90999985    2.71000004
   13.55611134  195.04400635    4.90999985    2.69000006
   13.55916691  205.27200317    4.90999985    2.69000006
   13.56250000  204.95799255    4.90999985    2.71000004
   13.56555557  201.48199463    4.90999985    2.71000004
   13.57166672  201.48199463    4.90999985    2.71000004
   13.57583332  192.52099609    4.90999985    2.73000002
   13.57888889  195.27699280    4.90999985    2.76999998
   13.58222198  138.29200745    4.90999985    2.78999996
   13.58527756   76.48960114    4.90999985    1.51999998
   13.58861065   -1.00000000    4.90999985    1.33000004
   13.59222221   -1.00000000    4.90999985    0.31999999
   13.59527779   -1.00000000    4.90999985    1.61000001
   13.59861088  183.55700684    4.90999985    1.25000000
   13.60166740   -1.00000000    4.90999985    1.38000000
   13.60500050  130.96899414    4.90999985    1.46000004
   13.60833359  106.70500183    4.90999985    2.32999992
   13.61833382   -1.00000000    4.90999985    0.83999997
   13.62166691   -1.00000000    4.90999985    0.25000000
   13.62527752   -1.00000000    4.90999985    0.07000000
   13.62833309   -1.00000000    4.76000023    0.03000000
   13.63166714   -1.00000000    0.83999997    0.01000000
   13.63472176   -1.00000000    0.76999998    0.01000000
   13.63805580   -1.00000000    0.73000002    0.01000000
   13.64138889   -1.00000000    0.63000000    0.01000000
   13.64444447   -1.00000000    1.05999994    0.01000000
   13.64777756   -1.00000000    4.90999985    0.01000000
   13.65111065   -1.00000000    4.90999985    0.07000000
   13.66138840  310.80999756    4.90999985    0.75000000
   13.66333294  258.62100220    4.90999985    1.73000002
   13.66472149  376.30200195    4.90999985    2.11999989
   13.66611099  371.61801147    4.90999985    1.96000004
   13.66750050  317.48199463    4.90999985    1.78999996
   13.66888905  447.69699097    4.90999985    1.71000004
   13.67027855  380.38299561    4.90999985    1.94000006
   13.67166710  148.99899292    4.90999985    2.17000008
   13.67166710   -1.00000000    0.76999998    0.01000000
   13.67166710   -1.00000000    0.73000002    0.01000000
   13.67194462   -1.00000000    0.63000000    0.01000000
   13.67194462   -1.00000000    1.05999994    0.01000000
   13.67222214   -1.00000000    4.90999985    0.01000000
   13.67222214   -1.00000000    4.90999985    0.07000000
   13.67222214  310.80999756    4.90999985    0.75000000
   13.67250061   -1.00000000    4.76000023    0.03000000
   13.67250061   -1.00000000    0.83999997    0.01000000
   13.67305565  224.94999695    4.90999985    2.39000010
   13.67638874  195.17399597    4.90999985    2.73000002
   13.67944431  207.17999268    4.90999985    2.80999994
   13.68277836  145.26199341    4.90999985    2.82999992
   13.68583298  205.15199280    4.90999985    2.73000002
   13.69250011  205.15199280    4.90999985    2.80999994
   13.69666672  354.97299194    4.90999985    2.57999992
   13.69861126  225.17199707    4.90999985    2.26999998
   13.69861126  224.94999695    4.90999985    2.39000010
   13.69888878  195.17399597    4.90999985    2.73000002
   13.69888878  207.17999268    4.90999985    2.80999994
   13.69888878  145.26199341    4.90999985    2.82999992
   13.69916630  205.15199280    4.90999985    2.73000002
   13.69916630  354.97299194    4.90999985    2.57999992
   13.70111084   -1.00000000    4.90999985    2.26999998
   13.70444393   -1.00000000    4.90999985    1.50000000
   13.70749950   -1.00000000    4.90999985    1.19000006
   13.71083355   -1.00000000    4.90999985    0.40000001
   13.71416664   -1.00000000    4.90999985    0.17000000
   13.72333336   -1.00000000    4.90999985    0.15000001
   13.72666645   -1.00000000    4.90999985    0.20999999
   13.72999954   -1.00000000    4.90999985    0.20999999
   13.73333359   -1.00000000    4.90999985    0.19000000
   13.73666668   -1.00000000    4.90999985    0.19000000
   13.73972225   -1.00000000    4.90999985    0.28000000
   13.74305534   -1.00000000    4.90999985    0.50000000
   13.74638939   58.34170151    4.90999985    0.95999998
   13.74944496   96.05719757    4.90999985    1.14999998
   13.75277805  234.50900269    4.90999985    1.80999994
   13.75611115  219.10000610    4.90999985    2.76999998
   13.76222229  219.10000610    4.90999985    2.75000000
   13.76638889  199.13499451    4.90999985    2.73000002
   13.76972198  240.41099548    4.90999985    2.73000002
   13.77277756  199.92399597    4.90999985    2.73000002
   13.77611065  241.38600159    4.90999985    2.73000002
   13.77916622  255.86399841    4.90999985    2.50000000
   13.78249931  213.52900696    4.90999985    2.71000004
   13.78583336  211.18800354    4.90999985    2.73000002
   13.78888893  223.48500061    4.90999985    2.75000000
   13.79222298  209.44799805    4.90999985    2.73000002
   13.79555607  242.12800598    4.90999985    2.75000000
   13.79861164  219.96400452    4.90999985    2.75000000
   13.79916668  210.67799377    4.90999985    2.75000000
   13.80500031  210.67799377    4.90999985    2.76999998
   13.80916691  218.75900269    4.90999985    2.78999996
   13.81250000  189.16600037    4.90999985    2.78999996
   13.81555557  385.65600586    4.90999985    2.51999998
   13.81777763  218.75900269    4.90999985    2.78999996
   13.81777763  189.16600037    4.90999985    2.78999996
   13.81805515  385.65600586    4.90999985    2.51999998
   13.81805515  213.52900696    4.90999985    2.71000004
   13.81805515  211.18800354    4.90999985    2.73000002
   13.81833363  223.48500061    4.90999985    2.75000000
   13.81833363  209.44799805    4.90999985    2.73000002
   13.81833363  242.12800598    4.90999985    2.75000000
   13.81861115  219.96400452    4.90999985    2.75000000
   13.82055569  152.22900391    4.90999985    1.28999996
   13.82361126   -1.00000000    4.90999985    1.60000002
   13.82694435  242.05999756    4.90999985    1.55999994
   13.83027744  270.82501221    4.90999985    2.86999989
   13.83333302  245.25199890    4.90999985    2.84999990
   13.83833313  245.25199890    4.90999985    2.84999990
   13.84249973  366.76501465    4.90999985    2.80999994
   13.84472179  336.26501465    4.90999985    2.78999996
   13.84583282  376.22601318    4.90999985    2.80999994
   13.84722233  404.60000610    4.90999985    2.78999996
   13.84861088  415.02700806    4.90999985    2.80999994
   13.85000038  403.27999878    4.90999985    2.82999992
   13.85138893  404.95098877    4.90999985    2.80999994
   13.85277843  462.19900513    4.90999985    2.84999990
   13.85416698  418.12100220    4.90999985    2.84999990
   13.85555553  368.25601196    4.90999985    2.84999990
   13.85694504  422.03298950    4.90999985    2.86999989
   13.85833359  389.94299316    4.90999985    2.86999989
   13.85972214  517.61297607    4.90999985    2.86999989
   13.86111164  596.52502441    4.90999985    2.53999996
   13.86250019  552.37500000    4.90999985    2.36999989
   13.86388969  491.33099365    4.90999985    1.98000002
   13.86527824  315.39199829    4.90999985    2.46000004
   13.86666679  152.22900391    4.90999985    1.28999996
   13.86694431   -1.00000000    4.90999985    1.60000002
   13.86694431  242.05999756    4.90999985    1.55999994
   13.86694431  270.82501221    4.90999985    2.86999989
   13.86722279  245.25199890    4.90999985    2.84999990
   13.86722279  366.76501465    4.90999985    2.80999994
   13.86777782   -1.00000000    4.90999985    2.61999989
   13.87111092   -1.00000000    4.90999985    0.38000000
   13.87416649   -1.00000000    4.90999985    0.20999999
   13.87750053   -1.00000000    4.90999985    0.23000000
   13.88083363   -1.00000000    4.90999985    0.25999999
   13.88749981   -1.00000000    4.90999985    1.30999994
   13.89166641  216.88800049    4.90999985    2.80999994
   13.89472198  207.52900696    4.90999985    2.86999989
   13.89805508  221.39599609    4.90999985    2.82999992
   13.90055561  200.10400391    4.90999985    2.78999996
   13.90194416  212.12399292    4.90999985    2.76999998
   13.90499973  196.15299988    4.90999985    2.75000000
   13.90833282  203.64500427    4.90999985    2.75000000
   13.91138840  207.84599304    4.90999985    2.75000000
   13.91472149  204.86500549    4.90999985    2.75000000
   13.91805553  206.10299683    4.90999985    2.75000000
   13.92111111  209.61399841    4.90999985    2.75000000
   13.92444515  206.16600037    4.90999985    2.75000000
   13.93027782  206.16600037    4.90999985    2.76999998
   13.93444443  204.99699402    4.90999985    2.76999998
   13.93777752  202.65699768    4.90999985    2.75000000
   13.94083309  193.31700134    4.90999985    2.76999998
   13.94416714  225.94999695    4.90999985    2.76999998
   13.94750023  196.04600525    4.90999985    2.75000000
   13.95055580  217.19500732    4.90999985    2.76999998
   13.95388889  208.97599792    4.90999985    2.76999998
   13.95694447  207.41000366    4.90999985    2.76999998
   13.96027756  195.53900146    4.90999985    2.76999998
   13.96361065  196.95500183    4.90999985    2.76999998
   13.96666622  202.19500732    4.90999985    2.78999996
   13.96722221  201.10400391    4.90999985    2.76999998
   13.97305489  201.10400391    4.90999985    2.78999996
   13.97722149  218.40400696    4.90999985    2.80999994
   13.98055553  199.24800110    4.90999985    2.80999994
   13.98388958  184.47300720    4.90999985    2.80999994
   13.98694515  204.91999817    4.90999985    2.76999998
   13.99027824  209.41999817    4.90999985    2.76999998
   13.99333382  209.71000671    4.90999985    2.76999998
   13.99666691  234.10000610    4.90999985    2.76999998
   14.00000000  225.11500549    4.90999985    2.69000006
   14.00055599  237.16999817    4.90999985    2.69000006
   14.00361156  259.31600952    4.90999985    2.76999998
   14.00694466  237.53900146    4.90999985    2.69000006
   14.01000023   -1.00000000    4.90999985    2.67000008
   14.01611137   -1.00000000    4.90999985    1.80999994
   14.02027798  272.16299438    4.90999985    1.91999996
   14.02333355  260.96899414    4.90999985    2.80999994
   14.02666664  331.31100464    4.90999985    2.78999996
   14.02861118  288.62399292    4.90999985    2.78999996
   14.02999973  311.42599487    4.90999985    2.76999998
   14.03138828  290.02899170    4.90999985    2.76999998
   14.03277779  265.50799561    4.90999985    2.78999996
   14.03416729  247.99299622    4.90999985    2.76999998
   14.03416729  237.53900146    4.90999985    2.69000006
   14.03444481   -1.00000000    4.90999985    2.67000008
   14.03444481  272.16299438    4.90999985    1.91999996
   14.03444481  260.96899414    4.90999985    2.80999994
   14.03472233  331.31100464    4.90999985    2.78999996
   14.03472233  209.71000671    4.90999985    2.76999998
   14.03472233  234.10000610    4.90999985    2.76999998
   14.03500080  225.11500549    4.90999985    2.69000006
   14.03500080  259.31600952    4.90999985    2.76999998
   14.03555584  252.69099426    4.90999985    2.75000000
   14.03888893  269.11401367    4.90999985    2.75000000
   14.04194450  228.47900391    4.90999985    2.75000000
   14.04527855  241.45300293    4.90999985    2.75000000
   14.04861164  252.58700562    4.90999985    2.76999998
   14.05500031  252.58700562    4.90999985    2.76999998
   14.05916691  287.69699097    4.90999985    2.78999996
   14.06222248  256.29598999    4.90999985    2.78999996
   14.06555557  307.70901489    4.90999985    2.80999994
   14.06750011  261.69400024    4.90999985    2.80999994
   14.06888866  211.15199280    4.90999985    2.80999994
   14.06888866  252.69099426    4.90999985    2.75000000
   14.06916618  269.11401367    4.90999985    2.75000000
   14.06916618  228.47900391    4.90999985    2.75000000
   14.06916618  241.45300293    4.90999985    2.75000000
   14.06944466  252.58700562    4.90999985    2.76999998
   14.06944466  287.69699097    4.90999985    2.78999996
   14.06972218  256.29598999    4.90999985    2.78999996
   14.06972218  307.70901489    4.90999985    2.80999994
   14.07083321  229.30900574    4.90999985    2.82999992
   14.07416630  240.69400024    4.90999985    2.84999990
   14.07722187   -1.00000000    4.90999985    2.84999990
   14.08055592  336.66101074    4.90999985    1.33000004
   14.08249950  157.13099670    4.90999985    2.21000004
   14.08277798  229.30900574    4.90999985    2.82999992
   14.08277798  240.69400024    4.90999985    2.84999990
   14.08277798   -1.00000000    4.90999985    2.84999990
   14.08305550  336.66101074    4.90999985    1.33000004
   14.08500004   92.33550262    4.90999985    2.39000010
   14.08805561  209.55599976    4.90999985    2.28999996
   14.09138870  171.15899658    4.90999985    2.91000009
   14.09472179   -1.00000000    4.90999985    1.03999996
   14.09777737   -1.00000000    4.90999985    0.30000001
   14.10750008   -1.00000000    4.90999985    0.25999999
   14.11055565   -1.00000000    4.90999985    0.73000002
   14.11388969  323.88800049    4.90999985    0.63000000
   14.11583328  230.62399292    4.90999985    1.50000000
   14.11611176   92.33550262    4.90999985    2.39000010
   14.11611176  209.55599976    4.90999985    2.28999996
   14.11611176  171.15899658    4.90999985    2.91000009
   14.11638927   -1.00000000    4.90999985    1.03999996
   14.11638927   -1.00000000    4.90999985    0.30000001
   14.11638927   -1.00000000    4.90999985    0.25999999
   14.11666679   -1.00000000    4.90999985    0.73000002
   14.11666679  323.88800049    4.90999985    0.63000000
   14.13777733  323.88800049    4.90999985    2.89000010
   14.14194393   -1.00000000    4.90999985    2.57999992
   14.14499950   -1.00000000    4.90999985    0.31999999
   14.14833355   -1.00000000    4.90999985    0.30000001
   14.15166664   -1.00000000    4.90999985    0.75000000
   14.15499973   92.63939667    4.90999985    0.89999998
   14.15833282  283.86700439    4.90999985    1.69000006
   14.16138840  187.16600037    4.90999985    2.26999998
   14.16472149  181.30799866    4.90999985    2.80999994
   14.16805553  238.28700256    4.90999985    2.82999992
   14.17111111  205.06799316    4.90999985    2.76999998
   14.17444515   67.29399872    4.90999985    2.61999989
   14.18055630   67.29399872    4.90999985    2.69000006
   14.18472195  210.93200684    4.90999985    2.76999998
   14.18777752  196.56399536    4.90999985    2.75000000
   14.19111156  207.50000000    4.90999985    2.76999998
   14.19416714  196.37899780    4.90999985    2.75000000
   14.19750023  215.03799438    4.90999985    2.76999998
   14.20083332  197.51699829    4.90999985    2.76999998
   14.20388889  197.36300659    4.90999985    2.80999994
   14.20722198  137.96099854    4.90999985    2.84999990
   14.21055508  181.56199646    4.90999985    2.09999990
   14.21361065   -1.00000000    4.90999985    2.28999996
   14.21749973   -1.00000000    4.90999985    0.51999998
   14.22749996  421.02499390    4.90999985    1.46000004
   14.22944355  238.78300476    4.90999985    1.78999996
   14.22944355  137.96099854    4.90999985    2.84999990
   14.22972202  181.56199646    4.90999985    2.09999990
   14.22972202   -1.00000000    4.90999985    2.28999996
   14.22972202   -1.00000000    4.90999985    0.51999998
   14.22999954  421.02499390    4.90999985    1.46000004
   14.22999954  196.37899780    4.90999985    2.75000000
   14.22999954  215.03799438    4.90999985    2.76999998
   14.23027706  197.51699829    4.90999985    2.76999998
   14.23027706  197.36300659    4.90999985    2.80999994
   14.23222160  235.75500488    4.90999985    2.75000000
   14.23555565  203.73199463    4.90999985    2.80999994
   14.23888874  201.48800659    4.90999985    2.76999998
   14.24194431  186.87199402    4.90999985    2.78999996
   14.24527836  192.11000061    4.90999985    2.76999998
   14.25027752  192.11000061    4.90999985    2.76999998
   14.25444412  228.34500122    4.90999985    2.76999998
   14.25749969  224.86399841    4.90999985    2.78999996
   14.26083374  197.69400024    4.90999985    2.78999996
   14.26333332  201.19099426    4.90999985    2.76999998
   14.26472187  190.91999817    4.90999985    2.78999996
   14.26777744  201.36999512    4.90999985    2.76999998
   14.27111053  204.90899658    4.90999985    2.75000000
   14.27416611  202.58700562    4.90999985    2.76999998
   14.27750015  207.33299255    4.90999985    2.76999998
   14.28083324  204.37300110    4.90999985    2.76999998
   14.28388977  196.77200317    4.90999985    2.78999996
   14.28722286  196.51899719    4.90999985    2.78999996
   14.29305553  196.51899719    4.90999985    2.78999996
   14.29722309  194.92999268    4.90999985    2.80999994
   14.30055618  193.88499451    4.90999985    2.80999994
   14.30361176  199.82800293    4.90999985    2.78999996
   14.30694485  191.12399292    4.90999985    2.80999994
   14.31000042  180.35200500    4.90999985    2.78999996
   14.31333351  187.27000427    4.90999985    2.80999994
   14.31666660  198.54800415    4.90999985    2.78999996
   14.31972218  196.01100159    4.90999985    2.78999996
   14.32305527  199.25599670    4.90999985    2.78999996
   14.32638836  193.94599915    4.90999985    2.78999996
   14.32944393  201.76300049    4.90999985    2.78999996
   14.32999992  190.94000244    4.90999985    2.78999996
   14.33583260  190.94000244    4.90999985    2.80999994
   14.34000015  205.14999390    4.90999985    2.78999996
   14.34333324  200.94099426    4.90999985    2.78999996
   14.34638882  188.37699890    4.90999985    2.78999996
   14.34972191  194.95599365    4.90999985    2.80999994
   14.35305595  198.61999512    4.90999985    2.78999996
   14.35611153  188.92100525    4.90999985    2.80999994
   14.35944462  190.90899658    4.90999985    2.80999994
   14.36277771  200.12699890    4.90999985    2.80999994
   14.36333370  197.10099792    4.90999985    2.82999992
   14.36638927  197.84199524    4.90999985    2.82999992
   14.36944485  208.77000427    4.90999985    2.82999992
   14.37277794  221.84300232    4.90999985    2.82999992
   14.37888908  221.84300232    4.90999985    2.78999996
   14.38277817  194.99299622    4.90999985    2.78999996
   14.38611126  181.28999329    4.90999985    2.80999994
   14.38944435  189.73599243    4.90999985    2.80999994
   14.39249992  199.35499573    4.90999985    2.80999994
   14.39583302  196.31700134    4.90999985    2.78999996
   14.39666653  190.75399780    4.90999985    2.78999996
   14.39944458  190.77000427    4.90999985    2.78999996
   14.40249920  194.76199341    4.90999985    2.78999996
   14.40583324  204.01300049    4.90999985    2.76999998
   14.40916634  190.50999451    4.90999985    2.78999996
   14.41222191  191.17399597    4.90999985    2.78999996
   14.41555500  200.14399719    4.90999985    2.78999996
   14.42166710  200.14399719    4.90999985    2.80999994
   14.42583370  196.40400696    4.90999985    2.80999994
   14.42888927  209.50700378    4.90999985    2.80999994
   14.43000031  201.52099609    4.90999985    2.80999994
   14.43277836  188.72500610    4.90999985    2.80999994
   14.43583298  198.84300232    4.90999985    2.80999994
   14.43916702  201.43699646    4.90999985    2.80999994
   14.44250011  211.08500671    4.90999985    2.80999994
   14.44555569  197.25799561    4.90999985    2.78999996
   14.44888878  193.83700562    4.90999985    2.80999994
   14.45194435  204.10099792    4.90999985    2.80999994
   14.45527744  196.07200623    4.90999985    2.80999994
   14.45861053  189.55599976    4.90999985    2.80999994
   14.46444416  189.55599976    4.90999985    2.80999994
   14.46861076  193.35000610    4.90999985    2.80999994
   14.47166634  187.57099915    4.90999985    2.80999994
   14.47499943  199.65600586    4.90999985    2.80999994
   14.47833252  198.05499268    4.90999985    2.80999994
   14.48138809  209.14399719    4.90999985    2.80999994
   14.48472214  204.88099670    4.90999985    2.82999992
   14.48805618  196.06399536    4.90999985    2.80999994
   14.49111176  196.11599731    4.90999985    2.80999994
   14.49444485  203.24099731    4.90999985    2.80999994
   14.49666691  200.06199646    4.90999985    2.80999994
   14.49805546  207.28399658    4.90999985    2.78999996
   14.50111103  194.84800720    4.90999985    2.80999994
   14.50722218  194.84800720    4.90999985    2.80999994
   14.51138878  188.28599548    4.90999985    2.82999992
   14.51472187  203.51400757    4.90999985    2.82999992
   14.51777744  199.94500732    4.90999985    2.80999994
   14.52111053  202.73500061    4.90999985    2.80999994
   14.52444458  189.60899353    4.90999985    2.80999994
   14.52750015  189.10400391    4.90999985    2.80999994
   14.52999973  191.75799561    4.90999985    2.80999994
   14.53138828  195.77200317    4.90999985    2.80999994
   14.53444481  189.04299927    4.90999985    2.80999994
   14.53805637  190.78399658    4.90999985    2.80999994
   14.54138947  191.24800110    4.90999985    2.78999996
   14.54444504  193.81799316    4.90999985    2.80999994
   14.55000019  193.81799316    4.90999985    2.80999994
   14.55416679  190.69999695    4.90999985    2.80999994
   14.55749989  191.48300171    4.90999985    2.80999994
   14.56083393  194.45700073    4.90999985    2.80999994
   14.56333351  194.97700500    4.90999985    2.80999994
   14.56444454  190.21499634    4.90999985    2.80999994
   14.56750011  196.89599609    4.90999985    2.80999994
   14.57083321  199.64300537    4.90999985    2.80999994
   14.57416630  202.41799927    4.90999985    2.80999994
   14.57722187  197.95100403    4.90999985    2.80999994
   14.58055592  202.26899719    4.90999985    2.80999994
   14.58361053  199.87600708    4.90999985    2.80999994
   14.58694458  184.15499878    4.90999985    2.80999994
   14.59305477  184.15499878    4.90999985    2.80999994
   14.59722233  195.58900452    4.90999985    2.80999994
   14.60027790  193.58099365    4.90999985    2.80999994
   14.60361195  193.06599426    4.90999985    2.82999992
   14.60666752  197.53199768    4.90999985    2.80999994
   14.61000061  192.58399963    4.90999985    2.82999992
   14.61333370  187.74200439    4.90999985    2.80999994
   14.61638927  192.30700684    4.90999985    2.82999992
   14.61972237  188.77999878    4.90999985    2.80999994
   14.62305546  198.32499695    4.90999985    2.82999992
   14.62611103  195.18200684    4.90999985    2.82999992
   14.62944412  200.96400452    4.90999985    2.80999994
   14.63000011  192.02499390    4.90999985    2.82999992
   14.63583279  192.02499390    4.90999985    2.82999992
   14.64000034  199.51300049    4.90999985    2.82999992
   14.64305496  199.35499573    4.90999985    2.80999994
   14.64638901  193.94400024    4.90999985    2.82999992
   14.64972210  189.36000061    4.90999985    2.80999994
   14.65277767  192.95599365    4.90999985    2.82999992
   14.65611076  192.85800171    4.90999985    2.82999992
   14.65944386  194.13999939    4.90999985    2.82999992
   14.66249943  187.94200134    4.90999985    2.82999992
   14.66333294  194.93400574    4.90999985    2.82999992
   14.66611099  201.76600647    4.90999985    2.82999992
   14.66916656  197.13699341    4.90999985    2.82999992
   14.67250061  198.56399536    4.90999985    2.82999992
   14.67861176  198.56399536    4.90999985    2.82999992
   14.68277836  191.85899353    4.90999985    2.82999992
   14.68611145  187.52000427    4.90999985    2.82999992
   14.68916702  187.43699646    4.90999985    2.82999992
   14.69250011  191.61500549    4.90999985    2.84999990
   14.78888893   -1.00000000   -1.00000000   -1.00000000
   14.92638874   -1.00000000   -1.00000000   -1.00000000
   15.03333378   -1.00000000   -1.00000000   -1.00000000
   15.15333271   -1.00000000   -1.00000000   -1.00000000
   15.26888847   83.34929657    4.90999985    2.84999990
   15.27194405  191.53900146    4.90999985    2.86999989
   15.27527714  190.09800720    4.90999985    2.86999989
   15.27861118  187.36900330    4.90999985    2.84999990
   15.28166676  196.12500000    4.90999985    2.86999989
   15.28500080  195.98699951    4.90999985    2.84999990
   15.28916740  195.98699951    4.90999985    2.84999990
   15.29333401  189.11700439    4.90999985    2.84999990
   15.29638958  193.88600159    4.90999985    2.86999989
   15.29972267  185.51400757    4.90999985    2.86999989
   15.30222225  191.99200439    4.90999985    2.84999990
   15.30333328  186.62699890    4.90999985    2.86999989
   15.30666733  189.04100037    4.90999985    2.86999989
   15.31000042  198.18899536    4.90999985    2.86999989
   15.31305599  193.74699402    4.90999985    2.86999989
   15.31638908  183.51300049    4.90999985    2.86999989
   15.31944466  189.77299500    4.90999985    2.86999989
   15.32277775  191.79299927    4.90999985    2.84999990
   15.32611084  191.10099792    4.90999985    2.86999989
   15.33194447  191.10099792    4.90999985    2.84999990
   15.33611107  198.61199951    4.90999985    2.86999989
   15.33916664  190.81500244    4.90999985    2.84999990
   15.34249973  192.75599670    4.90999985    2.84999990
   15.34583282  192.55999756    4.90999985    2.86999989
   15.34888840  192.12800598    4.90999985    2.84999990
   15.35222244  186.81799316    4.90999985    2.84999990
   15.35555553  213.29699707    4.90999985    2.86999989
   15.35861111  172.52299500    4.90999985    2.86999989
   15.36194515  196.27900696    4.90999985    2.86999989
   15.36500072  201.65499878    4.90999985    2.84999990
   15.36833382  201.58500671    4.90999985    2.84999990
   15.36888885  195.66400146    4.90999985    2.84999990
   15.37472248  195.66400146    4.90999985    2.84999990
   15.37888908  192.92999268    4.90999985    2.86999989
   15.38222218  192.76600647    4.90999985    2.86999989
   15.38527775  186.41099548    4.90999985    2.86999989
   15.38861084  192.20500183    4.90999985    2.84999990
   15.39194393  207.67199707    4.90999985    2.86999989
   15.39499950  188.79899597    4.90999985    2.84999990
   15.39833355  202.48800659    4.90999985    2.86999989
   15.40138817  190.76699829    4.90999985    2.86999989
   15.40222168  191.03700256    4.90999985    2.84999990
   15.40527725  186.15800476    4.90999985    2.84999990
   15.40833282  199.63200378    4.90999985    2.84999990
   15.41166592  195.03100586    4.90999985    2.84999990
   15.41750050  195.03100586    4.90999985    2.86999989
   15.42166710  194.37399292    4.90999985    2.86999989
   15.42500019  192.98500061    4.90999985    2.86999989
   15.42833328  188.15100098    4.90999985    2.86999989
   15.43138885  206.68400574    4.90999985    2.86999989
   15.43472195  193.00599670    4.90999985    2.86999989
   15.43555546  189.73100281    4.90999985    2.91000009
   15.43833351  191.56599426    4.90999985    2.89000010
   15.44138908  195.25399780    4.90999985    2.89000010
   15.44472218  185.02900696    4.90999985    2.91000009
   15.44805527  186.13900757    4.90999985    2.93000007
   15.45111084  174.81700134    4.90999985    2.94000006
   15.45444393   97.19989777    4.90999985    2.91000009
   15.46055508   97.19989777    4.90999985    1.51999998
   15.46472168   -1.00000000    4.90999985    1.76999998
   15.46777725  219.41799927    4.90999985    1.30999994
   15.46888828  110.47399902    4.90999985    1.34000003
   15.47166634  210.16200256    4.90999985    2.26999998
   15.47472191  201.73199463    4.90999985    2.78999996
   15.47805500  189.29800415    4.90999985    2.84999990
   15.48138809  175.68800354    4.90999985    2.84999990
   15.48444462  188.77799988    4.90999985    2.84999990
   15.48777771  188.80000305    4.90999985    2.84999990
   15.49083328  190.97300720    4.90999985    2.84999990
   15.49416733  170.33000183    4.90999985    2.86999989
   15.49750042  179.84300232    4.90999985    2.84999990
   15.50333309  179.84300232    4.90999985    2.84999990
   15.50749969  193.19799805    4.90999985    2.84999990
   15.51055527  198.04499817    4.90999985    2.86999989
   15.51388931  185.04800415    4.90999985    2.84999990
   15.51722240  195.14999390    4.90999985    2.86999989
   15.52027798  197.36700439    4.90999985    2.86999989
   15.52361107  198.13400269    4.90999985    2.84999990
   15.52694416  186.88800049    4.90999985    2.86999989
   15.52999973  187.06700134    4.90999985    2.86999989
   15.53333378  190.48599243    4.90999985    2.86999989
   15.53555584  187.16099548    4.90999985    2.86999989
   15.53694534  194.20599365    4.90999985    2.84999990
   15.54000092  195.11700439    4.90999985    2.86999989
   15.54611111  195.11700439    4.90999985    2.86999989
   15.55027771  193.08799744    4.90999985    2.86999989
   15.55361176  195.82499695    4.90999985    2.86999989
   15.55666733  200.94099426    4.90999985    2.86999989
   15.56000042  237.13600159    4.90999985    2.86999989
   15.56333351  204.09300232    4.90999985    2.86999989
   15.56638908  212.78599548    4.90999985    2.86999989
   15.56888866  222.65100098    4.90999985    2.86999989
   15.57027817  222.74499512    4.90999985    2.86999989
   15.57333374  247.23800659    4.90999985    2.86999989
   15.57666683  214.67999268    4.90999985    2.86999989
   15.57999992  230.57099915    4.90999985    2.86999989
   15.58305550  256.00299072    4.90999985    2.86999989
   15.58888817  256.00299072    4.90999985    2.86999989
   15.59305477  220.66900635    4.90999985    2.86999989
   15.59638882  210.57099915    4.90999985    2.86999989
   15.59972191  208.05999756    4.90999985    2.86999989
   15.60222244  202.23100281    4.90999985    2.86999989
   15.60333347  209.98199463    4.90999985    2.86999989
   15.60638905  200.66000366    4.90999985    2.86999989
   15.60972214  197.61000061    4.90999985    2.84999990
   15.61305618  217.80900574    4.90999985    2.86999989
   15.61611176  195.21299744    4.90999985    2.86999989
   15.61944485  195.48699951    4.90999985    2.86999989
   15.62250042  204.08700562    4.90999985    2.84999990
   15.62583351  204.00199890    4.90999985    2.86999989
   15.63194466  204.00199890    4.90999985    2.86999989
   15.63611126  225.43499756    4.90999985    2.86999989
   15.63916683  213.43299866    4.90999985    2.86999989
   15.64249992  213.74600220    4.90999985    2.86999989
   15.64555550  199.61500549    4.90999985    2.84999990
   15.64888859  209.82499695    4.90999985    2.86999989
   15.65222168  201.60600281    4.90999985    2.86999989
   15.65527725  203.68499756    4.90999985    2.86999989
   15.65861034  213.86500549    4.90999985    2.86999989
   15.66166592  209.13099670    4.90999985    2.84999990
   15.66499996  202.32099915    4.90999985    2.84999990
   15.66833401  182.19700623    4.90999985    2.86999989
   15.66888905  178.21200562    4.90999985    2.84999990
   15.67472267  178.21200562    4.90999985    2.86999989
   15.67888927  203.82099915    4.90999985    2.86999989
   15.68194485  199.71800232    4.90999985    2.86999989
   15.68527794  214.72099304    4.90999985    2.86999989
   15.68861103  203.31700134    4.90999985    2.86999989
   15.69166660  244.55099487    4.90999985    2.86999989
   15.69499969  210.87600708    4.90999985    2.86999989
   15.69805527  205.92999268    4.90999985    2.84999990
   15.70138836  205.62699890    4.90999985    2.86999989
   15.70222187  223.16799927    4.90999985    2.86999989
   15.70499992  204.33099365    4.90999985    2.89000010
   15.70805550  213.17799377    4.90999985    2.86999989
   15.71138859  212.69900513    4.90999985    2.86999989
   15.71749973  212.69900513    4.90999985    2.86999989
   15.72166634  235.41200256    4.90999985    2.86999989
   15.72499943  198.93899536    4.90999985    2.86999989
   15.72805500  218.69400024    4.90999985    2.86999989
   15.73138809  209.89900208    4.90999985    2.86999989
   15.73472214  226.74099731    4.90999985    2.86999989
   15.73555565  210.77499390    4.90999985    2.86999989
   15.73833370  226.05599976    4.90999985    2.84999990
   15.74138927  220.78300476    4.90999985    2.86999989
   15.74472237  222.61900330    4.90999985    2.86999989
   15.74805546  220.44400024    4.90999985    2.89000010
   15.75111103  228.20500183    4.90999985    2.86999989
   15.75444412  215.90699768    4.90999985    2.86999989
   15.76027775  215.90699768    4.90999985    2.84999990
   15.76444435  219.71000671    4.90999985    2.84999990
   15.76777744  215.93499756    4.90999985    2.86999989
   15.76888847  216.88299561    4.90999985    2.84999990
   15.77138901  215.25700378    4.90999985    2.86999989
   15.77444458  200.23399353    4.90999985    2.84999990
   15.77777767  228.70300293    4.90999985    2.86999989
   15.78111076  212.05299377    4.90999985    2.86999989
   15.78416729  229.90699768    4.90999985    2.86999989
   15.78750038  214.94299316    4.90999985    2.84999990
   15.79083347  212.28900146    4.90999985    2.86999989
   15.79388905  221.22799683    4.90999985    2.86999989
   15.79722309  222.29600525    4.90999985    2.86999989
   15.80333328  222.29600525    4.90999985    2.86999989
   15.80749989  211.94999695    4.90999985    2.86999989
   15.81055546  222.17999268    4.90999985    2.86999989
   15.81388950  221.43299866    4.90999985    2.84999990
   15.81694412  213.91799927    4.90999985    2.86999989
   15.82027817  210.14799500    4.90999985    2.86999989
   15.82361126  201.32899475    4.90999985    2.86999989
   15.82694435  221.24400330    4.90999985    2.86999989
   15.82999992  207.42199707    4.90999985    2.86999989
   15.83333302  223.94599915    4.90999985    2.86999989
   15.83555508  206.15100098    4.90999985    2.86999989
   15.83694458  206.60800171    4.90999985    2.86999989
   15.84000015  216.33200073    4.90999985    2.86999989
   15.84611034  216.33200073    4.90999985    2.86999989
   15.85027790  210.16299438    4.90999985    2.86999989
   15.85333347  244.75700378    4.90999985    2.86999989
   15.85666752  202.41600037    4.90999985    2.86999989
   15.86000061  211.57800293    4.90999985    2.84999990
   15.86305618  233.04299927    4.90999985    2.84999990
   15.86638927  212.81799316    4.90999985    2.84999990
   15.86888885  223.13900757    4.90999985    2.84999990
   15.86999989  214.20799255    4.90999985    2.84999990
   15.87305546  225.72000122    4.90999985    2.86999989
   15.87638855  205.97900391    4.90999985    2.86999989
   15.87972260  213.64900208    4.90999985    2.86999989
   15.88277817  212.96400452    4.90999985    2.86999989
   15.88888836  212.96400452    4.90999985    2.86999989
   15.89305496  216.84399414    4.90999985    2.86999989
   15.89638901  214.22099304    4.90999985    2.86999989
   15.89944458  234.47099304    4.90999985    2.86999989
   15.90222168  221.52099609    4.90999985    2.86999989
   15.90333271  234.09800720    4.90999985    2.86999989
   15.90638828  222.91700745    4.90999985    2.86999989
   15.90972137  228.60499573    4.90999985    2.86999989
   15.91305542  214.36700439    4.90999985    2.86999989
   15.91611099  223.43299866    4.90999985    2.89000010
   15.91944504  230.16200256    4.90999985    2.89000010
   15.92250061  238.20899963    4.90999985    2.86999989
   15.92583370  256.27499390    4.90999985    2.84999990
   15.93166733  256.27499390    4.90999985    2.86999989
   15.93583298  242.06700134    4.90999985    2.86999989
   15.93916702  219.43400574    4.90999985    2.86999989
   15.94222260  219.19500732    4.90999985    2.84999990
   15.94555569  237.56100464    4.90999985    2.86999989
   15.94888878  229.55499268    4.90999985    2.84999990
   15.95194435  249.88200378    4.90999985    2.86999989
   15.95527744  235.91600037    4.90999985    2.86999989
   15.95861053  245.42799377    4.90999985    2.82999992
   15.96166611  247.11399841    4.90999985    2.84999990
   15.96500015  231.73500061    4.90999985    2.86999989
   15.96805477  247.42199707    4.90999985    2.84999990
   15.96888828  243.23100281    4.90999985    2.86999989
   15.97472191  243.23100281    4.90999985    2.86999989
   15.97861099  249.56900024    4.90999985    2.82999992
   15.98194408  218.37600708    4.90999985    2.86999989
   15.98527813  248.17599487    4.90999985    2.86999989
   15.98833370  248.21099854    4.90999985    2.86999989
   15.99166679  243.77600098    4.90999985    2.84999990
   15.99499989  264.31298828    4.90999985    2.84999990
   15.99805546  234.24600220    4.90999985    2.86999989
   16.00138855  236.74699402    4.90999985    2.86999989
   16.00222206  232.49800110    4.90999985    2.86999989
   16.00499916  241.29899597    4.90999985    2.96000004
