    HOUR (UT)   FLARE FACTOR    SKY TESTER    SUN TESTER
   11.28555584   -1.00000000   -1.00000000   -1.00000000
   11.30861092  134.89500427    1.13000000    1.66999996
   11.31361103  127.74199677    1.13000000    1.69000006
   11.31694412  143.21499634    1.13000000    1.69000006
   11.31999969  131.09700012    1.14999998    1.69000006
   11.32333374  166.02000427    1.14999998    1.71000004
   11.32666683  156.21099854    1.13000000    1.71000004
   11.32972240  177.51499939    1.13000000    1.71000004
   11.33305550  176.50100708    1.14999998    1.73000002
   11.33638859  211.10899353    1.14999998    1.73000002
   11.33944416  227.65400696    1.14999998    1.75000000
   11.34111118  236.29400635    1.16999996    1.75000000
   11.34305477  222.01400757    1.19000006    1.75000000
   11.34638882  235.28799438    1.19000006    1.75000000
   11.34944439  254.47399902    1.19000006    1.75000000
   11.35277843  287.54098511    1.16999996    1.76999998
   11.35583401  272.03100586    1.16999996    1.76999998
   11.35916710  295.12600708    1.14999998    1.76999998
   11.36250019  312.94900513    1.13000000    1.76999998
   11.36555576  356.39599609    1.09000003    1.76999998
   11.36888885  330.02600098    1.05999994    1.78999996
   11.37222195  362.58801270    1.01999998    1.78999996
   11.37444496  372.08300781    1.00000000    1.80999994
   11.37583351  333.08898926    0.98000002    1.80999994
   11.37916660  369.81399536    0.95999998    1.83000004
   11.38222218  368.00399780    0.94000000    1.83000004
   11.38555527  345.95199585    0.92000002    1.80999994
   11.38861084  392.32998657    0.92000002    1.80999994
   11.39194393  374.99700928    0.92000002    1.83000004
   11.39527798  395.29098511    0.89999998    1.83000004
   11.39833355  376.82598877    0.88000000    1.83000004
   11.40166664  359.16598511    0.86000001    1.85000002
   11.40499973  354.77398682    4.90999985    1.78999996
   11.40777779  371.45300293    4.76000023    1.76999998
   11.40861034  378.61898804    4.76000023    1.76999998
   11.41194439  372.84799194    4.19999981    1.76999998
   11.41499996  381.15100098    4.17999983    1.76999998
   11.41833401  357.28399658    4.15999985    1.76999998
   11.42138958  394.61801147    4.26000023    1.76999998
   11.42472267  382.95199585    4.21999979    1.76999998
   11.42805576  356.60598755    4.26999998    1.78999996
   11.43111134  341.50900269    4.23999977    1.78999996
   11.43444443  363.53100586    4.21999979    1.78999996
   11.43777752  360.61999512    4.23999977    1.78999996
   11.44083309  364.60800171    4.26999998    1.78999996
   11.44138908  367.93899536    4.26999998    1.78999996
   11.44472218  362.54800415    4.28999996    1.80999994
   11.44777775  363.10699463    4.34999990    1.83000004
   11.45111084  358.70199585    4.34999990    1.80999994
   11.45444393  352.58200073    4.26999998    1.80999994
   11.45749950  341.36999512    4.30999994    1.83000004
   11.46083355  339.85998535    4.28999996    1.83000004
   11.46388912  350.16198730    4.32999992    1.83000004
   11.46722221  328.13800049    4.36999989    1.85000002
   11.47055531  331.68899536    4.34999990    1.85000002
   11.47361088  319.25799561    4.36999989    1.85000002
   11.47472191  339.09399414    4.40999985    1.85000002
   11.47749996  329.18798828    4.38999987    1.85000002
   11.48055553  330.16699219    4.42999983    1.86000001
   11.48388958  327.71499634    4.36999989    1.86000001
   11.48722267  306.28201294    4.53000021    1.86000001
   11.49027824  305.95098877    4.55999994    1.86000001
   11.49361134  305.64099121    4.63999987    1.86000001
   11.49694443  331.24099731    4.73999977    1.86000001
   11.50000000  320.30599976    4.78000021    1.86000001
   11.50333309  307.14099121    4.84999990    1.88000000
   11.50666714  307.90301514    4.84999990    1.88000000
   11.50805569  319.81600952    4.82999992    1.88000000
   11.51027775  301.55200195    4.82999992    1.89999998
   11.51333332  326.98300171    4.84999990    1.89999998
   11.51666641  328.61999512    4.80000019    1.88000000
   11.51999950  301.38699341    4.90999985    1.88000000
   11.52305508  284.14898682    4.86999989    1.89999998
   11.52638817  295.86401367    4.78000021    1.89999998
   11.52972221  289.03799438    4.76000023    1.89999998
   11.53277779  294.49099731    4.86999989    1.91999996
   11.53611183  296.64999390    4.80000019    1.91999996
   11.53916740  305.56600952    4.80999994    1.91999996
   11.54138947  296.56201172    4.82999992    1.94000006
   11.54305553  288.73599243    4.84999990    1.91999996
   11.54611111  287.55999756    4.69999981    1.94000006
   11.54944515  292.40600586    4.69999981    1.94000006
   11.55277824  300.88900757    4.73999977    1.94000006
   11.55583382  275.28399658    4.73999977    1.94000006
   11.55916691  292.23999023    4.67999983    1.94000006
   11.56250000  290.85998535    4.73999977    1.94000006
   11.56555557  276.27700806    4.73999977    1.96000004
   11.56888866  279.79598999    4.80000019    1.94000006
   11.57194424  284.51599121    4.80000019    1.96000004
   11.57472229  279.40798950    4.67999983    1.96000004
   11.57583332  280.06298828    4.73999977    1.96000004
   11.57888889  274.76199341    4.88999987    1.96000004
   11.58222198  279.64099121    4.86999989    1.98000002
   11.58555508  277.85501099    4.90999985    1.98000002
   11.58861065  271.32998657    4.90999985    1.98000002
   11.59194374  276.60998535    4.90999985    2.00000000
   11.59527779  266.99499512    4.90999985    2.00000000
   11.59833336  261.07699585    4.90999985    2.00000000
   11.60166740  253.62100220    4.88999987    1.98000002
   11.60472298  262.02899170    4.90999985    2.00000000
   11.60805607  259.82299805    4.86999989    2.00000000
   11.60861111  257.48199463    4.86999989    2.00000000
   11.61166668  253.49699402    4.90999985    2.00000000
   11.61500072  246.39500427    4.80999994    2.00000000
   11.61833382  252.21200562    4.71999979    2.00000000
   11.62138939  247.32600403    4.71999979    2.00000000
   11.62472248  270.30099487    4.67999983    2.01999998
   11.62805557  249.61199951    4.65999985    2.01999998
   11.63111115  247.84399414    4.57999992    2.01999998
   11.63444424  253.15299988    4.42999983    2.01999998
   11.63749981  246.75999451    4.51000023    2.01999998
   11.64083290  247.00900269    4.40999985    2.01999998
   11.64138889  255.42599487    4.36999989    2.01999998
   11.64444447  243.86300659    4.32999992    2.03999996
   11.64750004  267.18499756    4.34999990    2.03999996
   11.65083313  242.63800049    4.30999994    2.03999996
   11.65416622  247.38999939    4.26999998    2.05999994
   11.65722179  243.60600281    4.26999998    2.05999994
   11.66055489  257.03900146    4.21999979    2.03999996
   11.66388893  244.98899841    4.19999981    2.05999994
   11.66694450  247.36000061    4.26999998    2.05999994
   11.67027855  241.59399414    4.21999979    2.05999994
   11.67333412  226.61500549    4.19999981    2.05999994
   11.67472267  245.70799255    4.19999981    2.05999994
   11.67722225  245.13099670    4.28999996    2.05999994
   11.68027782  247.71000671    4.09999990    2.05999994
   11.68361092  250.58599854    4.11999989    2.07999992
   11.68694496  255.61199951    4.17999983    2.07999992
   11.69000053  256.93399048    4.11999989    2.07999992
   11.69333363  261.65499878    4.09999990    2.07999992
   11.69666672  246.66400146    3.95000005    2.07999992
   11.69972229  243.66299438    3.91000009    2.07999992
   11.70305538  243.35899353    3.89000010    2.07999992
   11.70611095  258.38198853    3.84999990    2.07999992
   11.70805550  247.56700134    3.82999992    2.09999990
   11.71000004  248.57499695    3.75000000    2.07999992
   11.71333313  240.20799255    3.68000007    2.09999990
   11.71638870  266.89498901    3.68000007    2.09999990
   11.71972179  245.98599243    3.59999990    2.09999990
   11.72277737  247.33700562    3.51999998    2.09999990
   11.72611046  240.47399902    3.50000000    2.09999990
   11.72944355  236.44000244    3.50000000    2.09999990
   11.73249912  250.26699829    3.45000005    2.11999989
   11.73583317  237.98199463    3.41000009    2.11999989
   11.73916721  224.86099243    3.34999990    2.11999989
   11.74138927  225.37399292    3.25000000    2.11999989
   11.74277782  239.83700562    3.28999996    2.11999989
   11.74611092  240.61999512    3.32999992    2.13000011
   11.74916649  245.16600037    3.21000004    2.11999989
   11.75249958  227.30900574    3.11999989    2.13000011
   11.75555515  234.47599792    3.14000010    2.13000011
   11.75888920  248.75000000    3.18000007    2.13000011
   11.76222229  255.98100281    3.20000005    2.13000011
   11.76527786  251.74800110    3.14000010    2.13000011
   11.76861095  234.82699585    3.09999990    2.13000011
   11.77194405  268.59399414    3.09999990    2.13000011
   11.77472210  251.72799683    3.01999998    2.13000011
   11.77555561  261.64801025    3.01999998    2.13000011
   11.77861118  240.88499451    2.96000004    2.15000010
   11.78194427  272.41598511    2.91000009    2.15000010
   11.78527832  257.98999023    2.89000010    2.15000010
   11.78833389  273.49099731    2.80999994    2.15000010
   11.79166698  254.53900146    2.75000000    2.15000010
   11.79500008  244.01199341    2.71000004    2.17000008
   11.79805565  251.00199890    2.69000006    2.17000008
   11.80138874  252.52699280    2.71000004    2.17000008
   11.80444431  239.97500610    2.75000000    2.17000008
   11.80777836  245.91299438    2.73000002    2.17000008
   11.80833340  257.78100586    2.73000002    2.17000008
   11.81166649  241.99200439    2.69000006    2.17000008
   11.81472206  250.96600342    2.67000008    2.19000006
   11.81805515  249.69700623    2.66000009    2.17000008
   11.82138920  228.71600342    2.71000004    2.17000008
   11.82444477  245.80499268    2.69000006    2.17000008
   11.82777786  231.00500488    2.67000008    2.19000006
   11.83083344  251.29800415    2.66000009    2.19000006
   11.83416653  227.09199524    2.71000004    2.19000006
   11.83749962  230.22000122    2.76999998    2.19000006
   11.84055519  230.48699951    2.75000000    2.19000006
   11.84166622  241.05200195    2.76999998    2.19000006
   11.84444427  267.92001343    2.76999998    2.19000006
   11.84749985  245.88400269    2.84999990    2.21000004
   11.85083389  240.45700073    2.91000009    2.19000006
   11.85416698  243.08599854    2.93000007    2.21000004
   11.85722256  250.94099426    2.98000002    2.21000004
   11.86055565  239.48399353    2.98000002    2.21000004
   11.86361122  242.46099854    3.05999994    2.21000004
   11.86694431  250.17399597    3.01999998    2.21000004
   11.87027836  256.16000366    3.03999996    2.21000004
   11.87333393  269.16500854    3.01999998    2.21000004
   11.87500000  271.81900024    3.03999996    2.23000002
   11.87722206  247.00799561    3.01999998    2.23000002
   11.88027763  221.73199463    3.03999996    2.23000002
   11.88361073  223.24699402    3.07999992    2.21000004
   11.88694477  215.56100464    3.05999994    2.23000002
   11.89000034  223.15499878    3.03999996    2.25000000
   11.89333344  227.11300659    3.00000000    2.25000000
   11.89638901  240.97399902    3.00000000    2.23000002
   11.89972210  225.53700256    2.98000002    2.23000002
   11.90305519  212.81900024    3.05999994    2.23000002
   11.90611076  241.19000244    2.98000002    2.23000002
   11.90833282  226.56100464    2.98000002    2.23000002
   11.90999985  225.35699463    2.98000002    2.25000000
   11.91305542  226.60000610    3.01999998    2.23000002
   11.91638851  209.16600037    3.03999996    2.25000000
   11.91972256  226.05099487    3.11999989    2.25000000
   11.92277813  212.75199890    3.07999992    2.25000000
   11.92611122  201.92500305    3.18000007    2.23000002
   11.92916679  200.32600403    3.25000000    2.25000000
   11.93249989  225.05700684    3.25000000    2.25000000
   11.93583298  228.85099792    3.26999998    2.25000000
   11.93888855  213.66999817    3.23000002    2.25000000
   11.94166660  209.64999390    3.32999992    2.25000000
   11.94277763  225.04400635    3.32999992    2.25000000
   11.94583321  238.28300476    3.36999989    2.25000000
   11.94916630  223.44700623    3.43000007    2.26999998
   11.95249939  227.35400391    3.51999998    2.26999998
   11.95555496  212.42999268    3.41000009    2.25000000
   11.95888901  222.59399414    3.45000005    2.26999998
   11.96194458  217.00500488    3.45000005    2.28999996
   11.96527767  231.00300598    3.43000007    2.26999998
   11.96861076  212.35899353    3.39000010    2.26999998
   11.97166634  224.50999451    3.43000007    2.26999998
   11.97499943  212.61399841    3.43000007    2.26999998
   11.97555542  211.30299377    3.43000007    2.26999998
   11.97861099  221.46200562    3.45000005    2.26999998
   11.98194408  226.82699585    3.45000005    2.28999996
   11.98527813  225.26899719    3.46000004    2.28999996
   11.98833370  206.71499634    3.48000002    2.28999996
   11.99166679  231.81300354    3.51999998    2.28999996
   11.99472237  207.02900696    3.50000000    2.28999996
   11.99805546  214.36099243    3.50000000    2.30999994
   12.00138855  216.05000305    3.59999990    2.30999994
   12.00444412  206.45100403    3.68000007    2.30999994
   12.00777817  202.58000183    3.64000010    2.30999994
   12.00833321  221.30299377    3.66000009    2.28999996
   12.01138878  195.68099976    3.75000000    2.30999994
   12.01444435  214.07699585    3.75000000    2.28999996
   12.01777744  221.87699890    3.80999994    2.30999994
   12.02111053  208.94700623    3.86999989    2.30999994
   12.02416611  213.93099976    3.95000005    2.30999994
   12.02750015  214.52400208    4.01999998    2.30999994
   12.03055573  206.16400146    4.21999979    2.32999992
   12.03388977  200.47000122    4.11999989    2.30999994
   12.03722286  212.15699768    4.17999983    2.32999992
   12.04027843  198.85600281    4.30999994    2.30999994
   12.04166698  220.08700562    4.36999989    2.30999994
   12.04416752  217.18299866    4.40999985    2.30999994
   12.04722309  214.63900757    4.46999979    2.32999992
   12.05055618  209.92700195    4.40999985    2.30999994
   12.05388927  204.12100220    4.53999996    2.32999992
   12.05694485  198.45899963    4.57999992    2.32999992
   12.06027794  204.16999817    4.57999992    2.32999992
   12.06333351  208.46899414    4.53999996    2.32999992
   12.06666660  192.32099915    4.53000021    2.32999992
   12.06999969  203.11300659    4.55999994    2.32999992
   12.07305527  202.34899902    4.53999996    2.34999990
   12.07499981  197.92900085    4.59999990    2.32999992
   12.07694435  201.49400330    4.51000023    2.32999992
   12.07999992  198.81199646    4.55999994    2.32999992
   12.08333302  193.24600220    4.53999996    2.32999992
   12.08666611  193.09399414    4.59999990    2.34999990
   12.08972168  199.01400757    4.59999990    2.34999990
   12.09305477  190.64799500    4.53000021    2.34999990
   12.09611034  205.26199341    4.61999989    2.34999990
   12.09944439  195.76699829    4.61999989    2.34999990
   12.10277843  198.13999939    4.67999983    2.34999990
   12.10583401  195.19200134    4.73999977    2.36999989
   12.10833359  215.78700256    4.80000019    2.36999989
   12.10972214  193.86300659    4.73999977    2.34999990
   12.11277771  208.43699646    4.88999987    2.34999990
   12.11611176  210.58999634    4.82999992    2.34999990
   12.11944485  200.07600403    4.88999987    2.34999990
   12.12250042  187.26199341    4.90999985    2.34999990
   12.12583351  202.44700623    4.90999985    2.36999989
   12.12916660  176.08999634    4.90999985    2.34999990
   12.13222218  204.52299500    4.90999985    2.36999989
   12.13555527  194.73500061    4.90999985    2.36999989
   12.13861084  189.70700073    4.90999985    2.36999989
   12.14166641  189.69599915    4.90999985    2.39000010
   12.14249992  199.66799927    4.90999985    2.36999989
   12.14555550  187.39599609    4.90999985    2.39000010
   12.14888859  185.55000305    4.90999985    2.36999989
   12.15222168  173.25500488    4.90999985    2.36999989
   12.15527725  192.76699829    4.90999985    2.39000010
   12.15861034  187.93200684    4.90999985    2.39000010
   12.16194439  180.09800720    4.90999985    2.36999989
   12.16499996  203.27699280    4.90999985    2.39000010
   12.16833401  189.21299744    4.90999985    2.39000010
   12.17138958  192.94299316    4.90999985    2.39000010
   12.17472267  189.27099609    4.90999985    2.39000010
   12.17527771  202.52900696    4.90999985    2.39000010
   12.17861176  213.77499390    4.90999985    2.39000010
   12.18166733  197.92999268    4.90999985    2.39000010
   12.18500042  196.13999939    4.90999985    2.39000010
   12.18833351  195.97300720    4.90999985    2.39000010
   12.19138908  183.47799683    4.90999985    2.39000010
   12.19472218  193.00100708    4.90999985    2.39000010
   12.19777775  193.96299744    4.90999985    2.39000010
   12.20111084  187.10099792    4.90999985    2.39000010
   12.20444393  215.22500610    4.90999985    2.39000010
   12.20749950  193.86199951    4.90999985    2.39000010
   12.20861053  198.08999634    4.90999985    2.39000010
   12.21138859  204.03900146    4.90999985    2.39000010
   12.21444416  183.86099243    4.90999985    2.40000010
   12.21777725  181.67300415    4.90999985    2.40000010
   12.22111034  215.12699890    4.90999985    2.39000010
   12.22416592  206.26400757    4.90999985    2.40000010
   12.22749996  189.16499329    4.90999985    2.39000010
   12.23055553  196.18600464    4.90999985    2.40000010
   12.23388958  190.23399353    4.90999985    2.42000008
   12.23722267  193.65699768    4.90999985    2.40000010
   12.24027824  182.19599915    4.90999985    2.40000010
   12.24194431  180.75900269    4.90999985    2.40000010
   12.24416733  173.89599609    4.90999985    2.40000010
   12.24722290  189.36199951    4.90999985    2.40000010
   12.25055599  186.33299255    4.90999985    2.40000010
   12.25388908  184.49000549    4.90999985    2.40000010
   12.25694466  181.26199341    4.90999985    2.40000010
   12.26027775  175.79899597    4.90999985    2.40000010
   12.26333332  195.46099854    4.90999985    2.42000008
   12.26666641  191.84599304    4.90999985    2.42000008
   12.26999950  197.06199646    4.90999985    2.42000008
   12.27305508  179.43499756    4.90999985    2.42000008
   12.27527714  198.40100098    4.90999985    2.42000008
   12.27694416  200.78700256    4.90999985    2.44000006
   12.27999973  191.37199402    4.90999985    2.42000008
   12.28333378  191.21099854    4.90999985    2.42000008
   12.28666687  196.71600342    4.90999985    2.42000008
   12.28972244  203.14599609    4.90999985    2.42000008
   12.29305553  186.08399963    4.90999985    2.42000008
   12.29611111  184.92100525    4.90999985    2.42000008
   12.29944515  176.43600464    4.90999985    2.44000006
   12.30277824  180.77200317    4.90999985    2.42000008
   12.30583382  178.62699890    4.90999985    2.44000006
   12.32472229  177.52499390    4.90999985    2.44000006
   12.32583332  173.27200317    4.90999985    2.44000006
   12.32916641  186.59100342    4.90999985    2.44000006
   12.33222198  189.68299866    4.90999985    2.44000006
   12.33555508  194.17599487    4.90999985    2.44000006
   12.33888817  188.55200195    4.90999985    2.44000006
   12.34194374  187.45199585    4.90999985    2.46000004
   12.34527779  178.52699280    4.90999985    2.44000006
   12.34861088  194.74000549    4.90999985    2.44000006
   12.35166740  180.04600525    4.90999985    2.44000006
   12.35500050  185.73800659    4.90999985    2.44000006
   12.35777855  188.54200745    4.90999985    2.46000004
   12.35861111  172.42399597    4.90999985    2.46000004
   12.36166668  177.83299255    4.90999985    2.46000004
   12.36500072  176.44599915    4.90999985    2.46000004
   12.36833382  193.15199280    4.90999985    2.46000004
   12.37138939  198.88200378    4.90999985    2.46000004
   12.37472248  196.59500122    4.90999985    2.46000004
   12.37805557  181.73300171    4.90999985    2.46000004
   12.38111115  179.70500183    4.90999985    2.46000004
   12.38444424  172.37399292    4.90999985    2.46000004
   12.38749981  181.05799866    4.90999985    2.46000004
   12.39083290  190.10200500    4.90999985    2.46000004
   12.39138889  183.02200317    4.90999985    2.46000004
   12.39472198  185.04100037    4.90999985    2.46000004
   12.39777756  182.73699951    4.90999985    2.46000004
   12.40111065  194.39199829    4.90999985    2.46000004
   12.40444374  179.60299683    4.90999985    2.46000004
   12.40749931  197.16600037    4.90999985    2.46000004
   12.41083336  203.43899536    4.90999985    2.48000002
   12.41416645  212.15699768    4.90999985    2.48000002
   12.41722298  193.02000427    4.90999985    2.48000002
   12.42055607  214.08000183    4.90999985    2.48000002
   12.42361164  199.96899414    4.90999985    2.48000002
   12.42472267  205.84899902    4.90999985    2.48000002
   12.42750072  204.50300598    4.90999985    2.46000004
   12.43083382  216.27400208    4.90999985    2.46000004
   12.43388939  203.54499817    4.90999985    2.48000002
   12.43722248  211.28799438    4.90999985    2.46000004
   12.44027805  213.41499329    4.90999985    2.48000002
   12.44361115  202.61300659    4.90999985    2.48000002
   12.44694424  209.98199463    4.90999985    2.48000002
   12.44999981  210.55700684    4.90999985    2.48000002
   12.45333290  195.58099365    4.90999985    2.48000002
   12.45666695  197.72000122    4.90999985    2.48000002
   12.45805550  179.41400146    4.90999985    2.48000002
   12.46027756  201.17300415    4.90999985    2.50000000
   12.46361065  188.96600342    4.90999985    2.48000002
   12.46666622  186.06300354    4.90999985    2.48000002
   12.46999931  182.44799805    4.90999985    2.48000002
   12.47305489  190.10800171    4.90999985    2.48000002
   12.47638798  173.29600525    4.90999985    2.50000000
   12.47972202  189.24200439    4.90999985    2.48000002
   12.48277760  188.19700623    4.90999985    2.50000000
   12.48611164  193.30999756    4.90999985    2.50000000
   12.48944473  189.24699402    4.90999985    2.48000002
   12.49138927  196.03500366    4.90999985    2.48000002
   12.49305534  187.48100281    4.90999985    2.48000002
   12.49638939  191.16900635    4.90999985    2.50000000
   12.49944496  209.79899597    4.90999985    2.48000002
   12.50277805  197.49299622    4.90999985    2.48000002
   12.50583363  184.57499695    4.90999985    2.50000000
   12.50916672  201.95500183    4.90999985    2.50000000
   12.51249981  179.44299316    4.90999985    2.50000000
   12.51555538  194.96899414    4.90999985    2.50000000
   12.51888847  186.64500427    4.90999985    2.51999998
   12.52222157  180.05799866    4.90999985    2.51999998
   12.52472210  183.52699280    4.90999985    2.50000000
   12.52583313  200.97799683    4.90999985    2.51999998
   12.52916622  199.96400452    4.90999985    2.50000000
   12.53222179  174.98599243    4.90999985    2.50000000
   12.53555584  178.82200623    4.90999985    2.50000000
   12.53861141  183.24200439    4.90999985    2.50000000
   12.54194450  187.72700500    4.90999985    2.50000000
   12.54527855  188.27600098    4.90999985    2.50000000
   12.54833412  215.85899353    4.90999985    2.51999998
   12.55166721  202.37600708    4.90999985    2.51999998
   12.55500031  191.52000427    4.90999985    2.50000000
   12.55805588  186.03700256    4.90999985    2.51999998
   12.55861092  189.22599792    4.90999985    2.51999998
   12.56194496  189.58500671    4.90999985    2.53999996
   12.56500053  197.70899963    4.90999985    2.51999998
   12.56833363  179.40899658    4.90999985    2.51999998
   12.57166672  213.39399719    4.90999985    2.51999998
   12.57472229  198.44000244    4.90999985    2.51999998
   12.57805538  190.01800537    4.90999985    2.51999998
   12.58138847  199.63699341    4.90999985    2.51999998
   12.58444405  200.94900513    4.90999985    2.51999998
   12.58777714  191.14300537    4.90999985    2.53999996
   12.59083271  185.35299683    4.90999985    2.51999998
   12.59138870  183.89100647    4.90999985    2.53999996
   12.59444427  197.76300049    4.90999985    2.51999998
   12.59777737  203.97099304    4.90999985    2.51999998
   12.60083389  207.64500427    4.90999985    2.53999996
   12.60416698  196.37899780    4.90999985    2.51999998
   12.60750008  199.94900513    4.90999985    2.51999998
   12.61055565  186.63099670    4.90999985    2.51999998
   12.61388969  195.73800659    4.90999985    2.51999998
   12.61694431  200.74000549    4.90999985    2.53999996
   12.62027836  196.07000732    4.90999985    2.51999998
   12.62361145  191.21000671    4.90999985    2.53999996
   12.62472248  197.42300415    4.90999985    2.53999996
   12.62722206  187.09300232    4.90999985    2.53999996
   12.63055611  204.90100098    4.90999985    2.53999996
   12.63361073  208.52900696    4.90999985    2.53999996
   12.63694477  201.12899780    4.90999985    2.53999996
   12.64027786  211.91499329    4.90999985    2.53999996
   12.64333344  199.05999756    4.90999985    2.51999998
   12.64666653  198.46600342    4.90999985    2.53999996
   12.64972210  175.44599915    4.90999985    2.53999996
   12.65305519  189.27000427    4.90999985    2.53999996
   12.65638828  180.50199890    4.90999985    2.53999996
   12.65805531  188.84800720    4.90999985    2.53999996
   12.65999985  192.83900452    4.90999985    2.53999996
   12.66333294  211.59199524    4.90999985    2.53999996
   12.66638851  191.12699890    4.90999985    2.53999996
   12.66972256  196.54499817    4.90999985    2.55999994
   12.67305565  186.05599976    4.90999985    2.53999996
   12.67611122  188.95199585    4.90999985    2.53999996
   12.67944431  195.07899475    4.90999985    2.55999994
   12.68249989  176.49800110    4.90999985    2.53999996
   12.68583298  179.01899719    4.90999985    2.55999994
   12.68916702  192.31599426    4.90999985    2.55999994
   12.69138908  195.92199707    4.90999985    2.55999994
   12.69277763  198.24400330    4.90999985    2.53999996
   12.69611073  207.02299500    4.90999985    2.55999994
   12.69916630  211.29400635    4.90999985    2.55999994
   12.70249939  192.48800659    4.90999985    2.53999996
   12.70583344  194.91600037    4.90999985    2.55999994
   12.70888901  176.45199585    4.90999985    2.55999994
   12.71222210  190.09300232    4.90999985    2.55999994
   12.71527767  192.88900757    4.90999985    2.55999994
   12.71861076  198.18699646    4.90999985    2.55999994
   12.72194386  200.35200500    4.90999985    2.55999994
   12.72472191  203.64199829    4.90999985    2.55999994
   12.72555542  183.83099365    4.90999985    2.55999994
   12.72888851  197.41900635    4.90999985    2.55999994
   12.73194408  189.68800354    4.90999985    2.55999994
   12.73527813  181.86900330    4.90999985    2.55999994
   12.73861122  185.94299316    4.90999985    2.57999992
   12.74166679  197.36900330    4.90999985    2.57999992
   12.74499989  186.79600525    4.90999985    2.55999994
   12.74805546  169.70100403    4.90999985    2.55999994
   12.75138855  188.82499695    4.90999985    2.55999994
   12.75472260  186.98100281    4.90999985    2.55999994
   12.75777817  170.91700745    4.90999985    2.55999994
   12.75833321  179.82899475    4.90999985    2.57999992
   12.76166630  198.92900085    4.90999985    2.57999992
   12.76500034  195.32600403    4.90999985    2.55999994
   12.76805496  192.60000610    4.90999985    2.57999992
   12.77138901  172.23100281    4.90999985    2.55999994
   12.77444458  166.02000427    4.90999985    2.57999992
   12.77777767  190.62399292    4.90999985    2.57999992
   12.78111076  194.60600281    4.90999985    2.57999992
   12.78416729  195.81799316    4.90999985    2.57999992
   12.78750038  183.53599548    4.90999985    2.57999992
   12.79083347  193.69999695    4.90999985    2.57999992
   12.79166698  199.80599976    4.90999985    2.57999992
   12.79444504  205.45599365    4.90999985    2.57999992
   12.79777813  208.73500061    4.90999985    2.59999990
   12.80083370  183.67500305    4.90999985    2.57999992
   12.80416679  194.48500061    4.90999985    2.57999992
   12.80722237  225.62800598    4.90999985    2.57999992
   12.81055546  234.17399597    4.90999985    2.57999992
   12.81388950  241.27499390    4.90999985    2.57999992
   12.81722260  233.63400269    4.90999985    2.57999992
   12.82027817  246.89799500    4.90999985    2.57999992
   12.82361126  245.68600464    4.90999985    2.57999992
   12.82499981  255.65499878    4.90999985    2.57999992
   12.82722187  270.16900635    4.90999985    2.57999992
   12.83055592  265.64001465    4.90999985    2.59999990
   12.83361053  251.17100525    4.90999985    2.57999992
   12.83694458  224.89599609    4.90999985    2.57999992
   12.84000015  241.71600342    4.90999985    2.57999992
   12.84333324  217.80200195    4.90999985    2.57999992
   12.84666634  207.59100342    4.90999985    2.57999992
   12.84972191  193.10699463    4.90999985    2.59999990
   12.85305595  219.90899658    4.90999985    2.57999992
   12.85638905  218.65800476    4.90999985    2.57999992
   12.85833359  214.39700317    4.90999985    2.59999990
   12.86000061  212.65899658    4.90999985    2.59999990
   12.86333370  199.18899536    4.90999985    2.59999990
   12.86638927  189.74499512    4.90999985    2.59999990
   12.86972237  189.31900024    4.90999985    2.59999990
   12.87277794  203.35699463    4.90999985    2.59999990
   12.87611103  181.97099304    4.90999985    2.59999990
   12.87944412  206.67900085    4.90999985    2.59999990
   12.88249969  188.72799683    4.90999985    2.57999992
   12.88583279  169.91700745    4.90999985    2.57999992
   12.88916683  193.65400696    4.90999985    2.59999990
   12.89166641  172.97399902    4.90999985    2.59999990
   12.89277744  182.26100159    4.90999985    2.59999990
   12.89611053  181.70199585    4.90999985    2.59999990
   12.89916611  190.39700317    4.90999985    2.59999990
   12.90249920  200.71499634    4.90999985    2.61999989
   12.90555477  152.28399658    4.90999985    2.59999990
   12.90888882  196.11500549    4.90999985    2.59999990
   12.91222191  176.27900696    4.90999985    2.59999990
   12.91527748  193.23399353    4.90999985    2.59999990
   12.91861153  192.14100647    4.90999985    2.61999989
   12.92194462  206.15100098    4.90999985    2.59999990
   12.92500019  186.56700134    4.90999985    2.59999990
   12.92555618  206.17599487    4.90999985    2.59999990
   12.92888927  205.73899841    4.90999985    2.61999989
   12.93194485  182.50000000    4.90999985    2.59999990
   12.93527794  185.71499634    4.90999985    2.61999989
   12.93833351  171.96699524    4.90999985    2.59999990
   12.94166660  173.73699951    4.90999985    2.59999990
   12.94499969  199.41400146    4.90999985    2.59999990
   12.94805527  182.41000366    4.90999985    2.59999990
   12.95138836  171.99600220    4.90999985    2.61999989
   12.95472240  192.33399963    4.90999985    2.61999989
   12.95777798  184.68899536    4.90999985    2.61999989
   12.95833302  191.75900269    4.90999985    2.61999989
   12.96138859  175.83700562    4.90999985    2.61999989
   12.96472168  176.50900269    4.90999985    2.61999989
   12.96777725  185.27400208    4.90999985    2.61999989
   12.97111034  181.57499695    4.90999985    2.61999989
   12.97416592  187.22399902    4.90999985    2.61999989
   12.97749996  185.92500305    4.90999985    2.59999990
   12.98083305  191.97999573    4.90999985    2.61999989
   12.98388958  178.98300171    4.90999985    2.59999990
   12.98722267  171.62399292    4.90999985    2.64000010
   12.99055576  171.33900452    4.90999985    2.61999989
   12.99166679  183.25799561    4.90999985    2.61999989
   12.99416733  172.40199280    4.90999985    2.61999989
   12.99750042  178.26699829    4.90999985    2.61999989
   13.00055599  161.23899841    4.90999985    2.61999989
   13.00388908  161.48199463    4.90999985    2.61999989
   13.00694466  169.79699707    4.90999985    2.61999989
   13.01027775  171.33399963    4.90999985    2.61999989
   13.01361084  173.29499817    4.90999985    2.64000010
   13.01666641  165.69200134    4.90999985    2.61999989
   13.01999950  165.75999451    4.90999985    2.61999989
   13.02333355  159.82800293    4.90999985    2.61999989
   13.02499962  178.99200439    4.90999985    2.61999989
   13.02694416  162.65400696    4.90999985    2.64000010
   13.03027725  162.37300110    4.90999985    2.61999989
   13.03333378  171.53799438    4.90999985    2.64000010
   13.03666687  171.55000305    4.90999985    2.64000010
   13.04000092  182.26800537    4.90999985    2.61999989
   13.04305553  173.67799377    4.90999985    2.64000010
   13.04638958  164.75199890    4.90999985    2.61999989
   13.04944515  169.47300720    4.90999985    2.61999989
   13.05277824  183.32200623    4.90999985    2.61999989
   13.05611134  169.02799988    4.90999985    2.61999989
   13.05833340  179.70899963    4.90999985    2.61999989
   13.05972195  162.07200623    4.90999985    2.64000010
   13.06305599  174.97300720    4.90999985    2.61999989
   13.06611156  166.80700684    4.90999985    2.64000010
   13.06944466  160.65899658    4.90999985    2.64000010
   13.07277775  174.92199707    4.90999985    2.64000010
   13.07583332  171.64799500    4.90999985    2.64000010
   13.07916641  176.80700684    4.90999985    2.64000010
   13.08222198  178.28999329    4.90999985    2.61999989
   13.08555508  180.69099426    4.90999985    2.64000010
   13.08888817  158.18800354    4.90999985    2.61999989
   13.09166622  168.92399597    4.90999985    2.64000010
   13.09249973  170.78799438    4.90999985    2.61999989
   13.09583282  163.31700134    4.90999985    2.61999989
   13.09888840  166.09899902    4.90999985    2.64000010
   13.10222244  175.76600647    4.90999985    2.61999989
   13.10555553  167.42799377    4.90999985    2.64000010
   13.10861111  172.37600708    4.90999985    2.64000010
   13.11194515  167.08700562    4.90999985    2.64000010
   13.11500072  156.46200562    4.90999985    2.64000010
   13.11833382  162.37399292    4.90999985    2.64000010
   13.12166691  167.07099915    4.90999985    2.64000010
   13.12472248  148.57800293    4.90999985    2.64000010
   13.12527752  154.39100647    4.90999985    2.64000010
   13.12861156  160.89300537    4.90999985    2.75000000
   13.13194466  160.35099792    0.13000000    0.61000001
   13.13500023  160.61700439    0.13000000    0.34000000
   13.13833332  156.20599365    0.13000000    0.20999999
   13.14138889  159.58799744    0.15000001    0.01000000
   13.14472198  169.66299438    0.15000001    0.01000000
   13.14805508  163.67999268    0.15000001    0.01000000
   13.15138817  169.63999939    0.15000001    0.01000000
   13.15444374  172.25100708    0.15000001    0.01000000
   13.15777779  164.36099243    0.15000001    0.01000000
   13.15861034  182.01600647    0.15000001    0.01000000
   13.16138840  175.09899902    0.15000001    0.01000000
   13.16472149  174.57699585    0.15000001    0.01000000
   13.16777802  161.44099426    0.15000001    0.01000000
   13.17111111  164.03999329    0.15000001    0.01000000
   13.17416668  165.20599365    0.15000001    0.01000000
   13.17750072  169.70599365    0.15000001    0.01000000
   13.18083382  169.99200439    0.15000001    0.01000000
   13.18388939  172.41999817    0.15000001    0.01000000
   13.18722248  165.81100464    0.15000001    0.01000000
   13.19055557  175.42599487    0.15000001    0.01000000
   13.19194412  176.98199463    0.15000001    0.01000000
   13.19416714  188.78100586    0.15000001    0.01000000
   13.19750023  172.67799377    0.15000001    0.01000000
   13.20055580  166.28999329    0.15000001    0.01000000
   13.20388889  151.33599854    0.15000001    0.01000000
   13.20694447  166.23599243    0.15000001    0.01000000
   13.21027756  161.95100403    0.15000001    0.01000000
   13.21361065  164.87100220    0.15000001    0.01000000
   13.21666622  158.40699768    0.15000001    0.01000000
   13.21999931  159.91299438    0.15000001    0.01000000
   13.22333336  158.48500061    0.15000001    0.01000000
   13.22527695  152.29800415    0.15000001    0.01000000
   13.22694397  161.34399414    0.15000001    0.01000000
   13.23027706  172.18200684    0.15000001    0.01000000
   13.23333359  173.27000427    0.15000001    0.01000000
   13.23666668  166.46600342    0.15000001    0.01000000
   13.23972225  167.39500427    0.15000001    0.01000000
   13.24305534  169.43899536    0.15000001    0.01000000
   13.24638939  167.81100464    0.15000001    0.01000000
   13.24944496  160.91600037    0.15000001    0.01000000
   13.25277805  168.85899353    0.15000001    0.01000000
   13.25611115  176.58799744    0.15000001    0.01000000
   13.25861073  184.39500427    0.15000001    0.01000000
   13.25972176  182.30700684    0.15000001    0.01000000
   13.26305580  187.53100586    0.15000001    0.01000000
   13.26611137  183.93899536    0.15000001    0.01000000
   13.26944447  183.95700073    0.15000001    0.01000000
   13.27250004  178.63499451    0.15000001    0.01000000
   13.27583313  190.84800720    0.15000001    0.01000000
   13.27916622  196.09800720    0.15000001    0.01000000
   13.28222179  190.67999268    0.15000001    0.01000000
   13.28555584  188.83700562    0.15000001    0.01000000
   13.28888893  187.44999695    0.15000001    0.01000000
   13.29194450  193.30299377    0.15000001    0.01000000
   13.29250050  197.37800598    0.15000001    0.01000000
   13.29583359  187.04100037    0.15000001    0.01000000
   13.29888916  179.55200195    0.15000001    0.01000000
   13.30222225  178.56100464    0.15000001    0.01000000
   13.30527782  176.14599609    0.15000001    0.01000000
   13.30861092  172.47300720    0.15000001    0.01000000
   13.31194496  184.74400330    0.15000001    0.01000000
   13.31500053  179.76699829    0.15000001    0.01000000
   13.31833363  180.34700012    0.15000001    0.01000000
   13.32166672  184.90800476    0.15000001    0.01000000
   13.34111118  182.74699402    0.15000001    0.01000000
   13.34166622  179.06300354    0.15000001    0.01000000
   13.34472179  186.43899536    0.15000001    0.01000000
   13.34805489  169.36999512    0.15000001    0.01000000
   13.35138893  187.42999268    0.15000001    0.01000000
   13.35444450  173.68499756    0.15000001    0.01000000
   13.35777855  179.74400330    0.15000001    0.01000000
   13.36111164  184.05700684    0.15000001    0.01000000
   13.36416721  186.05599976    0.15000001    0.01000000
   13.36750031  172.61999512    0.15000001    0.01000000
   13.37055588  179.89900208    0.15000001    0.01000000
   13.37388897  166.65600586    0.15000001    0.01000000
   13.37500000  164.75199890    0.15000001    0.01000000
   13.37750053  171.28500366    0.15000001    0.01000000
   13.38083363  174.33799744    0.15000001    0.01000000
   13.38416672  175.72799683    0.15000001    0.01000000
   13.38722229  170.69700623    0.15000001    0.01000000
   13.39055538  169.24600220    0.15000001    0.01000000
   13.39388847  178.49699402    0.15000001    0.01000000
   13.39694405  168.26300049    0.15000001    0.01000000
   13.40027714  173.43299866    0.15000001    0.01000000
   13.40333271  169.14799500    0.15000001    0.01000000
   13.40666676  177.65400696    0.15000001    0.01000000
   13.40833282  182.39700317    0.15000001    0.01000000
   13.41027737  179.44700623    0.15000001    0.01000000
   13.41361046  173.97900391    0.15000001    0.01000000
   13.41694450  171.35400391    0.15000001    0.01000000
   13.42000008  187.13499451    0.15000001    0.01000000
   13.42333412  179.78399658    0.15000001    0.01000000
   13.42666721  178.08500671    0.15000001    0.01000000
   13.42972279  169.75799561    0.15000001    0.01000000
   13.43305588  176.62800598    0.15000001    0.01000000
   13.43611145  169.75900269    0.15000001    0.01000000
   13.43944454  164.30999756    0.15000001    0.01000000
   13.44166660  174.68699646    0.15000001    0.01000000
   13.44305515  166.05000305    0.15000001    0.01000000
   13.44638920  167.08799744    0.15000001    0.01000000
   13.44972229  168.49899292    0.15000001    0.01000000
   13.45277786  160.34300232    0.15000001    0.01000000
   13.45611095  168.15699768    0.15000001    0.01000000
   13.45944405  173.39500427    0.15000001    0.01000000
   13.46249962  185.07800293    0.15000001    0.01000000
   13.46583271  155.26300049    0.15000001    0.01000000
   13.46888828  171.59800720    0.15000001    0.01000000
   13.47222137  157.70100403    0.15000001    0.01000000
   13.47499943  153.14100647    0.15000001    0.01000000
   13.47611046  161.43099976    0.15000001    0.01000000
   13.47916603  164.24000549    0.15000001    0.01000000
   13.48249912  157.02400208    0.15000001    0.01000000
   13.48555565  165.85899353    0.15000001    0.01000000
   13.48888874  158.29100037    0.15000001    0.01000000
   13.49222279  165.40699768    0.15000001    0.01000000
   13.49527836  153.47999573    0.15000001    0.01000000
   13.49861145  154.16900635    0.15000001    0.01000000
   13.50194454  157.88200378    0.15000001    0.01000000
   13.50500011  157.52299500    0.15000001    0.01000000
   13.50833321  160.75900269    0.15000001    0.01000000
   13.50888920  160.45599365    0.15000001    0.01000000
   13.51194477  161.14799500    0.15000001    0.01000000
   13.51527786  158.19400024    0.15000001    0.01000000
   13.51833344  160.75999451    0.15000001    0.01000000
   13.52166653  169.65699768    0.15000001    0.01000000
   13.52499962  162.49299622    0.15000001    0.01000000
   13.52805519  163.16200256    0.15000001    0.01000000
   13.53138828  167.56100464    0.15000001    0.01000000
   13.53472233  159.92900085    0.15000001    0.01000000
   13.53777790  159.21699524    0.15000001    0.01000000
   13.54111195  166.55400085    0.15000001    0.01000000
   13.54166698  169.16700745    0.15000001    0.01000000
   13.54472256  157.85099792    0.15000001    0.01000000
   13.54777813  171.34800720    0.15000001    0.01000000
   13.55111122  161.33000183    0.15000001    0.01000000
   13.55416679  157.78300476    0.15000001    0.01000000
   13.55749989  166.03399658    0.15000001    0.01000000
   13.56083393  159.19500732    0.15000001    0.01000000
   13.56388950  163.16400146    0.15000001    0.01000000
   13.56722260  157.36500549    0.15000001    0.01000000
   13.57055569  151.73800659    0.15000001    0.01000000
   13.57361126  152.96899414    0.15000001    0.01000000
   13.57499981  163.71000671    0.15000001    0.01000000
   13.57750034  155.88499451    0.15000001    0.01000000
   13.58055592  158.73599243    0.15000001    0.01000000
   13.58388901  156.77499390    0.15000001    0.01000000
   13.58722210  153.50100708    0.15000001    0.01000000
   13.59027767  151.62800598    0.15000001    0.01000000
   13.59361076  149.50599670    0.15000001    0.01000000
   13.59666634  160.01699829    0.15000001    0.01000000
   13.60000038  149.25199890    0.15000001    0.01000000
   13.60333347  161.10600281    0.15000001    0.01000000
   13.60638905  147.56900024    0.15000001    0.01000000
   13.60833359  155.80999756    0.15000001    0.01000000
   13.61027813  147.31199646    0.15000001    0.01000000
   13.61333370  151.96499634    0.15000001    0.01000000
   13.61666679  157.11199951    0.15000001    0.01000000
   13.61999989  159.42999268    0.15000001    0.01000000
   13.62305546  147.89599609    0.15000001    0.01000000
   13.62638855  146.20500183    0.15000001    0.01000000
   13.62944412  153.90899658    0.15000001    0.01000000
   13.63277817  147.29600525    0.15000001    0.01000000
   13.63611126  149.63999939    0.15000001    0.01000000
   13.63916683  152.27499390    0.15000001    0.01000000
   13.64166641  150.00999451    0.15000001    0.01000000
   13.64305496  154.61999512    0.15000001    0.01000000
   13.75833321   -1.00000000   -1.00000000   -1.00000000
   13.86361122   -1.00000000   -1.00000000   -1.00000000
   13.96500015   -1.00000000   -1.00000000   -1.00000000
   13.99527836   90.21549988    0.15000001    0.01000000
   13.99833393  148.67500305    0.15000001    0.01000000
   14.00166702  142.05700684    0.15000001    0.01000000
   14.00500011  158.19299316    0.15000001    0.01000000
   14.00805569  148.21800232    0.15000001    0.01000000
   14.01138878  151.20700073    0.15000001    0.01000000
   14.01555538  151.20700073    0.15000001    0.01000000
   14.01972198  148.66000366    0.15000001    0.01000000
   14.02277756  155.61599731    0.15000001    0.01000000
   14.02611065  145.36599731    0.15000001    0.01000000
   14.02833271  155.55999756    0.15000001    0.01000000
   14.02972221  151.80400085    0.15000001    0.01000000
   14.03305531  146.86700439    0.15000001    0.01000000
   14.03611183  157.99600220    0.15000001    0.01000000
   14.03944492  148.18899536    0.15000001    0.01000000
   14.04250050  150.55799866    0.15000001    0.01000000
   14.04583359  158.91799927    0.15000001    0.01000000
   14.04916668  151.31700134    0.15000001    0.01000000
   14.05222225  151.93899536    0.15000001    0.01000000
   14.05833340  151.93899536    0.15000001    0.01000000
   14.06250000  162.41299438    0.15000001    0.01000000
   14.06583309  165.32299805    0.15000001    0.01000000
   14.06888866  191.95399475    0.15000001    0.01000000
   14.07222176  168.34700012    0.15000001    0.01000000
   14.07527733  196.41799927    0.15000001    0.01000000
   14.07861137  174.87899780    0.15000001    0.01000000
   14.08194447  221.01600647    0.15000001    0.01000000
   14.08500004  206.29499817    0.15000001    0.01000000
   14.08833313  197.75500488    0.15000001    0.01000000
   14.09166622  204.85899353    0.15000001    0.01000000
   14.09472179  202.05999756    0.15000001    0.01000000
   14.09527779  213.23500061    0.15000001    0.01000000
   14.10111141  213.23500061    0.15000001    0.01000000
   14.10527802  229.99699402    0.15000001    0.01000000
   14.10861111  230.52499390    0.15000001    0.01000000
   14.11166668  209.44099426    0.15000001    0.01000000
   14.11500072  215.34700012    0.15000001    0.01000000
   14.11833382  192.96099854    0.15000001    0.01000000
   14.12138939  222.03100586    0.15000001    0.01000000
   14.12472248  207.69299316    0.15000001    0.01000000
   14.12805557  218.06300354    0.15000001    0.01000000
   14.12861156  220.45599365    0.15000001    0.01000000
   14.13166714  212.29699707    0.15000001    0.01000000
   14.13472176  211.38099670    0.15000001    0.01000000
   14.13805580  195.95199585    0.15000001    0.01000000
   14.14416695  195.95199585    0.15000001    0.01000000
   14.14805508  205.78100586    0.15000001    0.01000000
   14.15138817  203.98699951    0.15000001    0.01000000
   14.15472221  200.55999756    0.15000001    0.01000000
   14.15777779  208.93699646    0.15000001    0.01000000
   14.16111088  199.88000488    0.15000001    0.01000000
   14.16194439  198.00399780    0.15000001    0.01000000
   14.16472149  214.12300110    0.15000001    0.01000000
   14.16777802  189.09500122    0.15000001    0.01000000
   14.17111111  206.75100708    0.15000001    0.01000000
   14.17444515  188.20399475    0.15000001    0.01000000
   14.17750072  188.05900574    0.15000001    0.01000000
   14.18083382  167.88999939    0.15000001    0.01000000
   14.18694496  167.88999939    0.15000001    0.01000000
   14.19111156  179.64700317    0.15000001    0.01000000
   14.19416714  178.10499573    0.15000001    0.01000000
   14.19527817  186.01699829    0.15000001    0.01000000
   14.19805527  177.16600037    0.15000001    0.01000000
   14.20111084  166.12800598    0.15000001    0.01000000
   14.20444393  179.60699463    0.15000001    0.01000000
   14.20777798  159.83599854    0.15000001    0.01000000
   14.21083355  188.77400208    0.15000001    0.01000000
   14.21416664  170.18499756    0.15000001    0.01000000
   14.21749973  200.01100159    0.15000001    0.01000000
   14.22055531  178.06500244    0.15000001    0.01000000
   14.22388840  181.46699524    0.15000001    0.01000000
   14.22972202  181.46699524    0.15000001    0.01000000
   14.23388958  163.59800720    0.15000001    0.01000000
   14.23722267  177.86599731    0.15000001    0.01000000
   14.24027824  175.45500183    0.15000001    0.01000000
   14.24361134  160.78100586    0.15000001    0.01000000
   14.24666691  176.78799438    0.15000001    0.01000000
   14.25000000  172.00300598    0.15000001    0.01000000
   14.25333309  183.80099487    0.15000001    0.01000000
   14.25638866  165.63400269    0.15000001    0.01000000
   14.25972176  161.29100037    0.15000001    0.01000000
   14.26194477  184.26499939    0.15000001    0.01000000
   14.26333332  184.60400391    0.15000001    0.01000000
   14.26638889  191.89700317    0.15000001    0.01000000
   14.27250004  191.89700317    0.15000001    0.01000000
   14.27666664  167.97599792    0.15000001    0.01000000
   14.27999973  163.71299744    0.15000001    0.01000000
   14.28305531  181.46499634    0.15000001    0.01000000
   14.28638935  181.90100098    0.15000001    0.01000000
   14.28972244  161.56900024    0.15000001    0.01000000
   14.29277802  173.34399414    0.15000001    0.01000000
   14.29527855  164.56300354    0.15000001    0.01000000
   14.29666710  159.20799255    0.15000001    0.01000000
   14.29972267  185.22599792    0.15000001    0.01000000
   14.30305576  179.44099426    0.15000001    0.01000000
   14.30638885  178.24099731    0.15000001    0.01000000
   14.30944443  168.89399719    0.15000001    0.01000000
   14.31555557  168.89399719    0.15000001    0.01000000
   14.31944466  165.33799744    0.15000001    0.01000000
   14.32277775  172.43600464    0.15000001    0.01000000
   14.32611084  165.34500122    0.15000001    0.01000000
   14.32861137  165.29499817    0.15000001    0.01000000
   14.32972240  166.12399292    0.15000001    0.01000000
   14.33277798  158.66600037    0.15000001    0.01000000
   14.33611107  147.59399414    0.15000001    0.01000000
   14.33944416  148.59700012    0.15000001    0.01000000
   14.34249973  161.69200134    0.15000001    0.01000000
   14.34583282  150.74000549    0.15000001    0.01000000
   14.34916592  162.77200317    0.15000001    0.01000000
   14.35222244  153.82400513    0.15000001    0.01000000
   14.35833359  153.82400513    0.15000001    0.01000000
   14.36250019  154.80299377    0.15000001    0.01000000
   14.36555576  142.84800720    0.15000001    0.01000000
   14.36888885  144.89900208    0.15000001    0.01000000
   14.37222195  148.68299866    0.15000001    0.01000000
   14.37527752  154.58999634    0.15000001    0.01000000
   14.37861156  150.98800659    0.15000001    0.01000000
   14.38166714  155.04899597    0.15000001    0.01000000
   14.38500023  153.33599854    0.15000001    0.01000000
   14.38833332  153.27900696    0.15000001    0.01000000
   14.39138889  156.62399292    0.15000001    0.01000000
   14.39472198  153.52999878    0.15000001    0.01000000
   14.39527798  153.32099915    0.15000001    0.01000000
   14.40111065  153.32099915    0.15000001    0.01000000
   14.40527725  150.08999634    0.15000001    0.01000000
   14.40861034  153.19900513    0.15000001    0.01000000
   14.41166592  154.27099609    0.15000001    0.01000000
   14.41499996  149.91400146    0.15000001    0.01000000
   14.41805553  144.99600220    0.15000001    0.01000000
   14.42138958  143.14700317    0.15000001    0.01000000
   14.42472267  154.72900391    0.15000001    0.01000000
   14.42777824  133.38000488    0.15000001    0.01000000
   14.42861176  137.10200500    0.15000001    0.01000000
   14.43138885  144.31500244    0.15000001    0.01000000
   14.43472195  142.41000366    0.15000001    0.01000000
   14.43777752  161.33999634    0.15000001    0.01000000
   14.44388866  161.33999634    0.15000001    0.01000000
   14.44805527  136.72399902    0.15000001    0.01000000
   14.45138836  147.55200195    0.15000001    0.01000000
   14.45444393  149.66099548    0.15000001    0.01000000
   14.45777798  140.23199463    0.15000001    0.01000000
   14.46111107  137.39399719    0.15000001    0.01000000
   14.46194458  149.29699707    0.15000001    0.01000000
   14.46472168  156.58099365    0.15000001    0.01000000
   14.46777725  144.92599487    0.15000001    0.01000000
   14.47111034  142.10400391    0.15000001    0.01000000
   14.47444439  145.08000183    0.15000001    0.01000000
   14.47749996  146.47300720    0.15000001    0.01000000
   14.48083305  146.36799622    0.15000001    0.01000000
   14.48694515  146.36799622    0.15000001    0.01000000
   14.49083328  140.38099670    0.15000001    0.01000000
   14.49416733  143.36799622    0.15000001    0.01000000
   14.49527836  140.66299438    0.15000001    0.01000000
   14.49777794  143.01100159    0.15000001    0.01000000
   14.50111103  133.30099487    0.15000001    0.01000000
   14.50416660  142.32899475    0.15000001    0.01000000
   14.50749969  129.66099548    0.15000001    0.01000000
   14.51055527  137.77600098    0.15000001    0.01000000
   14.51388931  138.85899353    0.15000001    0.01000000
   14.51722240  134.43899536    0.15000001    0.01000000
   14.52027798  135.36599731    0.15000001    0.01000000
   14.52361107  132.81500244    0.15000001    0.01000000
   14.52972221  132.81500244    0.15000001    0.01000000
   14.53388977  142.67300415    0.15000001    0.01000000
   14.53694534  134.32000732    0.15000001    0.01000000
