    HOUR (UT)   FLARE FACTOR    SKY TESTER    SUN TESTER
   12.08277798   -1.00000000   -1.00000000   -1.00000000
   14.89361095  121.93599701    0.86000001    2.84999990
   14.89666653  124.90399933    0.86000001    2.82999992
   14.89999962  130.79299927    0.88000000    2.84999990
   14.90166664  124.17199707    0.89999998    2.82999992
   14.99694443   -1.00000000   -1.00000000   -1.00000000
   15.09777737   -1.00000000   -1.00000000   -1.00000000
   15.24111176   -1.00000000   -1.00000000   -1.00000000
   15.33694458   72.12509918    0.69000000    2.86999989
   15.34000015  121.41699982    0.69000000    2.86999989
   15.34333324  117.27200317    0.70999998    2.86999989
   15.34666634  128.14700317    0.70999998    2.86999989
   15.34972191  116.91799927    0.70999998    2.86999989
   15.35305595  119.19899750    0.73000002    2.84999990
   15.35722256  119.19899750    0.75000000    2.86999989
   15.36138916  127.44699860    0.76999998    2.84999990
   15.36472225  125.21499634    0.76999998    2.86999989
   15.36777782  125.28099823    0.76999998    2.86999989
   15.37027836  136.55200195    0.79000002    2.86999989
   15.37138939  131.31799316    0.79000002    2.86999989
   15.37472248  123.30500031    0.79000002    2.86999989
   15.37805557  128.66499329    0.79000002    2.86999989
   15.38111115  131.49899292    0.80000001    2.84999990
   15.38444424  134.90499878    0.80000001    2.84999990
   15.38777733  116.68499756    0.80000001    2.86999989
   15.39083290  127.54199982    0.80000001    2.86999989
   15.39416695  126.33799744    0.80000001    2.84999990
   15.39999962  126.33799744    0.79000002    2.84999990
   15.40416622  125.52600098    0.79000002    2.86999989
   15.40749931  117.41999817    0.73000002    2.86999989
   15.41055489  120.58899689    0.70999998    2.86999989
   15.41388893  133.91000366    0.69000000    2.86999989
   15.41722298  124.69699860    0.69000000    2.86999989
   15.42027855  126.22899628    0.69000000    2.86999989
   15.42361164  129.21899414    0.70999998    2.84999990
   15.42694473  122.35900116    0.70999998    2.84999990
   15.43000031  117.31800079    0.73000002    2.86999989
   15.43333340  131.93600464    0.73000002    2.86999989
   15.43666649  116.99700165    0.73000002    2.86999989
   15.43694496  132.69799805    0.73000002    2.86999989
   15.44305515  132.69799805    0.75000000    2.86999989
   15.44694424  130.94299316    0.73000002    2.86999989
   15.45027733  133.34899902    0.73000002    2.86999989
   15.45361137  121.45899963    0.73000002    2.86999989
   15.45666695  122.34700012    0.73000002    2.86999989
   15.46000004  130.05200195    0.73000002    2.89000010
   15.46333313  118.97499847    0.70999998    2.86999989
   15.46638870  121.13500214    0.70999998    2.89000010
   15.46972179  119.76799774    0.76999998    2.84999990
   15.47027779  126.86199951    0.75000000    2.86999989
   15.47333336  123.20700073    0.76999998    2.86999989
   15.47666645  123.66500092    0.76999998    2.86999989
   15.47972202  113.42500305    0.75000000    2.89000010
   15.48583317  113.42500305    0.81999999    2.86999989
   15.49000072  117.64099884    0.83999997    2.89000010
   15.49305534  113.66699982    0.83999997    2.86999989
   15.49638939  121.04199982    0.81999999    2.86999989
   15.49972248  126.40100098    0.83999997    2.86999989
   15.50277805  113.95800018    0.81999999    2.86999989
   15.50388908  117.29799652    0.81999999    2.86999989
   15.50638866  112.06600189    0.81999999    2.86999989
   15.50972176  113.49099731    0.81999999    2.86999989
   15.51277733  119.91200256    0.81999999    2.86999989
   15.51611137  119.15200043    0.81999999    2.86999989
   15.51944447  114.08799744    0.81999999    2.89000010
   15.52250004  118.01200104    0.81999999    2.86999989
   15.52861118  118.01200104    0.83999997    2.86999989
   15.53277779  120.47699738    0.83999997    2.86999989
   15.53611183  120.66300201    0.81999999    2.86999989
   15.53722286  125.98899841    0.81999999    2.86999989
   15.53944492  113.74600220    0.83999997    2.86999989
   15.54277802  108.95600128    0.80000001    2.86999989
   15.54583359  120.80699921    0.81999999    2.86999989
   15.54916668  123.39199829    0.81999999    2.86999989
   15.55249977  111.93299866    0.81999999    2.86999989
   15.55555534  113.88500214    0.81999999    2.86999989
   15.55888939  118.90499878    0.83999997    2.86999989
   15.56222248  114.23400116    0.83999997    2.86999989
   15.56527805  123.38500214    0.86000001    2.86999989
   15.57138920  123.38500214    0.88000000    2.86999989
   15.57555580  121.21900177    0.88000000    2.86999989
   15.57888889  128.11900330    0.88000000    2.86999989
   15.58194447  121.68000031    0.86000001    2.84999990
   15.58527756  116.26200104    0.86000001    2.86999989
   15.58861065  119.73500061    0.86000001    2.86999989
   15.59166622  119.64900208    0.88000000    2.86999989
   15.59499931  111.79299927    0.88000000    2.86999989
   15.59833336  112.51699829    0.88000000    2.86999989
   15.60138893  113.57800293    0.88000000    2.84999990
   15.60388947  114.78299713    0.88000000    2.84999990
   15.60500050  113.22799683    0.83999997    2.84999990
   15.60833359  110.70899963    0.83999997    2.84999990
   15.61416721  110.70899963    0.75000000    2.86999989
   15.61833382  114.04399872    0.75000000    2.89000010
   15.62166691  124.34400177    0.75000000    2.86999989
   15.62500000  115.41999817    0.75000000    2.86999989
   15.62805557  116.14399719    0.94000000    2.86999989
   15.63138866  118.70500183    0.79000002    2.86999989
   15.63472176  113.35600281    0.79000002    2.89000010
   15.63722229  111.35199738    0.79000002    2.86999989
   15.63833332  109.71199799    0.79000002    2.86999989
   15.64166641  125.52999878    0.76999998    2.86999989
   15.64499950  119.60099792    0.76999998    2.86999989
   15.64805508  119.95700073    0.79000002    2.86999989
   15.65138817  116.09400177    0.79000002    2.86999989
   15.65722179  116.09400177    0.76999998    2.86999989
   15.66138840  115.93000031    0.79000002    2.86999989
   15.66444397  121.09300232    0.73000002    2.86999989
   15.66777802  119.31700134    0.73000002    2.86999989
   15.67055607  112.38700104    0.73000002    2.86999989
   15.67138958  117.55400085    0.73000002    2.86999989
   15.67472267  113.17299652    0.73000002    2.86999989
   15.67805576  113.35700226    0.73000002    2.89000010
   15.68111134  117.69999695    0.75000000    2.89000010
   15.68444443  120.80599976    0.75000000    2.89000010
   15.68777752  116.27500153    0.76999998    2.89000010
   15.69083309  118.00499725    0.76999998    2.89000010
   15.69416714  123.66899872    0.75000000    2.86999989
   15.69999981  123.66899872    0.76999998    2.89000010
   15.70416641  112.47299957    0.76999998    2.86999989
   15.70749950  111.97000122    0.76999998    2.89000010
   15.71055508  119.48999786    0.76999998    2.86999989
   15.71388912  117.92199707    0.76999998    2.86999989
   15.71694374  119.13099670    0.76999998    2.86999989
   15.72027779  119.44100189    0.76999998    2.86999989
   15.72361088  116.62200165    0.76999998    2.89000010
   15.72666645  117.23100281    0.75000000    2.86999989
   15.72999954  122.36100006    0.75000000    2.89000010
   15.73333359  119.44799805    0.75000000    2.91000009
   15.73638916  118.52100372    0.75000000    2.89000010
   15.73722267  115.61900330    0.75000000    2.89000010
   15.74277782  115.61900330    0.73000002    2.89000010
   15.74694443  110.60500336    0.73000002    2.89000010
   15.75027752  113.18099976    0.73000002    2.89000010
   15.75333309  111.26100159    0.75000000    2.84999990
   15.75666714  111.90200043    0.76999998    2.86999989
   15.76000023  114.64399719    0.76999998    2.86999989
   15.76305580  114.55999756    0.76999998    2.89000010
   15.76638889  106.13400269    0.75000000    2.86999989
   15.76972198  115.12100220    0.75000000    2.86999989
   15.77055550  114.49299622    0.75000000    2.89000010
   15.77305508  119.68299866    0.75000000    2.89000010
   15.77638817  124.32099915    0.76999998    2.86999989
   15.77972221  131.03199768    0.76999998    2.86999989
   15.78555584  131.03199768    0.79000002    2.89000010
   15.78972244  108.55200195    0.79000002    2.86999989
   15.79305553  117.14099884    0.80000001    2.89000010
   15.79638958  123.56600189    0.80000001    2.86999989
   15.79944515  113.23200226    0.81999999    2.89000010
   15.80277824  119.92400360    0.81999999    2.89000010
   15.80388927  113.07099915    0.81999999    2.89000010
   15.80666733  113.85099792    0.80000001    2.89000010
   15.81000042  117.74900055    0.81999999    2.89000010
   15.81305599  118.11000061    0.80000001    2.89000010
   15.81638908  121.84400177    0.80000001    2.86999989
   15.81944466  114.43000031    0.80000001    2.86999989
   15.82277775  114.23000336    0.80000001    2.86999989
   15.82861137  114.23000336    0.80000001    2.86999989
   15.83277798  114.95500183    0.81999999    2.89000010
   15.83583260  121.26699829    0.81999999    2.89000010
   15.83722210  117.03900146    0.81999999    2.89000010
   15.83944416  117.36599731    0.81999999    2.86999989
   15.84277725  116.52700043    0.81999999    2.86999989
   15.84611034  116.67900085    0.80000001    2.89000010
   15.84916592  114.99800110    0.80000001    2.86999989
   15.85249996  125.39700317    0.80000001    2.86999989
   15.85583401  122.11499786    0.80000001    2.86999989
   15.85888958  119.15200043    0.80000001    2.86999989
   15.86222267  114.75399780    0.80000001    2.86999989
   15.86527824  114.50099945    0.81999999    2.89000010
   15.87138939  114.50099945    0.81999999    2.89000010
   15.87555599  108.43000031    0.81999999    2.89000010
   15.87861156  114.30799866    0.81999999    2.86999989
   15.88194466  113.93199921    0.83999997    2.86999989
   15.88527775  118.69100189    0.81999999    2.84999990
   15.88833332  117.82099915    0.81999999    2.89000010
   15.89166641  117.12599945    0.81999999    2.89000010
   15.89499950  117.87000275    0.81999999    2.89000010
   15.89805508  117.62599945    0.81999999    2.89000010
   15.90138817  114.44100189    0.81999999    2.89000010
   15.90388870  118.25499725    0.83999997    2.86999989
   15.90499973  120.56800079    0.83999997    2.86999989
   15.90833282  122.12400055    0.86000001    2.89000010
   15.91416645  122.12400055    0.88000000    2.89000010
   15.91833401  118.25800323    0.89999998    2.86999989
   15.92166710  115.46700287    0.89999998    2.86999989
   15.92472267  116.09100342    0.89999998    2.86999989
   15.92805576  119.62400055    0.86000001    2.86999989
   15.93138885  120.81700134    0.81999999    2.89000010
   15.93444443  113.04900360    0.81999999    2.86999989
   15.93722248  114.24900055    0.81999999    2.86999989
   15.93805599  110.67099762    0.81999999    2.89000010
   15.94138908  109.59300232    0.81999999    2.89000010
   15.94472218  112.78900146    0.81999999    2.86999989
   15.94777775  116.08200073    0.81999999    2.86999989
   15.95111084  116.04900360    0.83999997    2.89000010
   15.95694447  116.04900360    0.83999997    2.86999989
   15.96111107  114.52799988    0.83999997    2.86999989
   15.96444416  120.38300323    0.83999997    2.86999989
   15.96777725  125.72499847    0.83999997    2.86999989
   15.97055531  120.90899658    0.86000001    2.86999989
   15.97111034  118.46600342    0.86000001    2.89000010
   15.97444439  121.39199829    0.86000001    2.89000010
   15.97777748  116.20800018    0.89999998    2.86999989
   15.98083305  115.58499908    0.92000002    2.86999989
   15.98416710  118.83399963    0.92000002    2.89000010
   15.98750019  128.50700378    0.89999998    2.86999989
   15.99055576  120.12899780    0.92000002    2.86999989
   15.99388885  116.77700043    0.89999998    2.86999989
   16.00000000  116.77700043    0.89999998    2.86999989
   16.00416756  116.15499878    0.88000000    2.89000010
   16.00722313  113.58399963    0.88000000    2.86999989
   16.01055527  110.24099731    0.89999998    2.86999989
   16.01361084  112.74900055    0.88000000    2.86999989
   16.01694489  126.42199707    0.89999998    2.86999989
   16.02027702  119.24299622    0.89999998    2.86999989
   16.02333260  116.63300323    0.89999998    2.86999989
   16.02666664  114.22699738    0.89999998    2.86999989
   16.03000069  112.55599976    0.89999998    2.86999989
   16.03305435  112.32099915    0.89999998    2.86999989
   16.03638840  109.95300293    0.89999998    2.86999989
   16.03722191  113.30300140    0.92000002    2.89000010
   16.04277802  113.30300140    0.92000002    2.86999989
   16.04694366  114.54499817    0.92000002    2.89000010
   16.04999924  119.13300323    0.89999998    2.86999989
   16.05333328  112.22599792    0.89999998    2.86999989
   16.05666542  116.13899994    0.89999998    2.86999989
   16.05972099  114.32599640    0.89999998    2.86999989
   16.06305504  122.66999817    0.89999998    2.86999989
   16.06638718  118.66500092    0.92000002    2.86999989
   16.06944466  121.89199829    0.94000000    2.86999989
   16.07055664  112.04799652    0.94000000    2.86999989
   16.07305717  115.66899872    0.94000000    2.86999989
   16.07638931  114.83999634    0.94000000    2.86999989
   16.07972336  115.06300354    0.94000000    2.86999989
   16.08555603  115.06300354    0.94000000    2.86999989
   16.08972359  118.50299835    0.89999998    2.89000010
   16.09305573  107.46600342    0.89999998    2.89000010
   16.09611130  116.26999664    0.92000002    2.86999989
   16.09944534  114.37100220    0.94000000    2.86999989
   16.10277748  123.60700226    0.94000000    2.86999989
   16.10388947  119.83300018    0.94000000    2.86999989
   16.10639000  112.76300049    0.95999998    2.86999989
   16.10944557  109.76200104    0.98000002    2.86999989
   16.11277771  113.41699982    0.95999998    2.86999989
   16.11583328  119.41899872    0.98000002    2.86999989
   16.11916733  116.41899872    0.95999998    2.86999989
   16.12249947  115.86299896    0.95999998    2.89000010
   16.12833405  115.86299896    0.94000000    2.89000010
   16.13249969  112.41799927    0.94000000    2.86999989
   16.13583374  115.92400360    0.94000000    2.86999989
   16.13722229  122.21900177    0.94000000    2.86999989
   16.13972282  117.60700226    0.92000002    2.86999989
   16.14277840  117.16799927    0.92000002    2.86999989
   16.14611053  112.91400146    0.94000000    2.86999989
   16.14916611  115.43000031    0.92000002    2.86999989
   16.15250015  117.47699738    0.92000002    2.86999989
   16.15583229  117.15699768    0.89999998    2.86999989
   16.15888786  118.98799896    0.92000002    2.86999989
   16.16222191  113.74099731    0.92000002    2.86999989
   16.16555595  119.02799988    0.92000002    2.86999989
   16.17138863  119.02799988    0.92000002    2.86999989
   16.17555428  117.02700043    0.92000002    2.86999989
   16.17860985  117.51300049    0.92000002    2.86999989
   16.18194389  117.01300049    0.92000002    2.86999989
   16.18527603  114.72899628    0.92000002    2.86999989
   16.18861008  111.45300293    0.92000002    2.86999989
   16.19166565  109.80400085    0.88000000    2.86999989
   16.19499969  116.30000305    0.86000001    2.86999989
   16.19833183  116.10500336    0.86000001    2.86999989
   16.20138931  112.45500183    0.83999997    2.86999989
   16.20388985  107.07199860    0.83999997    2.89000010
   16.20527840  112.20099640    0.83999997    2.86999989
   16.20833397  112.41300201    0.86000001    2.86999989
   16.21416664  112.41300201    0.88000000    2.86999989
   16.21833420  119.94300079    0.88000000    2.86999989
   16.22138977  114.73999786    0.88000000    2.86999989
   16.22472191  115.12300110    0.88000000    2.86999989
   16.22805595  125.52500153    0.88000000    2.86999989
   16.23111153  116.50199890    0.88000000    2.86999989
   16.23444557  122.69799805    0.89999998    2.86999989
   16.23722267  119.68800354    0.89999998    2.89000010
   16.23833275  118.09999847    0.89999998    2.89000010
   16.24138832  122.30300140    0.89999998    2.86999989
   16.24472237  112.96600342    0.89999998    2.86999989
   16.24777794  114.69499969    0.89999998    2.86999989
   16.25111198  119.04100037    0.92000002    2.86999989
   16.25694466  119.04100037    0.92000002    2.86999989
   16.26111031  117.72200012    0.92000002    2.86999989
   16.26444435  121.10500336    0.92000002    2.86999989
   16.26749992  116.85199738    0.89999998    2.86999989
   16.27055550  114.55500031    0.89999998    2.86999989
   16.27138901  113.73899841    0.89999998    2.86999989
   16.27444458  114.68199921    0.89999998    2.86999989
   16.27777672  118.26699829    0.89999998    2.86999989
   16.28083229  111.37500000    0.89999998    2.86999989
   16.28416634  111.97200012    0.89999998    2.89000010
   16.28750038  111.28600311    0.89999998    2.89000010
   16.29055595  112.79000092    0.89999998    2.89000010
   16.29388809  112.61199951    0.89999998    2.89000010
   16.29972076  112.61199951    0.89999998    2.86999989
   16.30388832  110.03600311    0.92000002    2.86999989
   16.30722237  110.46299744    0.89999998    2.86999989
   16.31055450  110.16899872    0.92000002    2.86999989
   16.31361008  108.30100250    0.94000000    2.89000010
   16.31694603  110.65100098    0.94000000    2.89000010
   16.32000160  109.17099762    0.94000000    2.86999989
   16.32333374  115.27400208    0.94000000    2.86999989
   16.32666779  114.97599792    0.94000000    2.86999989
   16.32972336  109.60399628    0.95999998    2.86999989
   16.33305550  120.99099731    0.95999998    2.89000010
   16.33638954  118.38500214    0.94000000    2.86999989
   16.33722305  116.77500153    0.95999998    2.86999989
   16.35805511  116.77500153    0.94000000    2.86999989
   16.36194420  114.98100281    0.92000002    2.86999989
   16.36527824  113.49500275    0.94000000    2.86999989
   16.36861038  112.89099884    0.92000002    2.86999989
   16.37055588  116.36499786    0.94000000    2.86999989
   16.37222290  112.11399841    0.94000000    2.86999989
   16.37527847  102.66799927    0.94000000    2.86999989
   16.37861061  108.53900146    0.94000000    2.86999989
   16.38194466  110.94100189    0.94000000    2.86999989
   16.38500023  112.04900360    0.94000000    2.86999989
   16.38833237  114.01799774    0.94000000    2.86999989
   16.39138794  113.10700226    0.94000000    2.86999989
   16.39472198  109.66899872    0.94000000    2.89000010
   16.40055466  109.66899872    0.95999998    2.89000010
   16.40472221  114.58000183    0.95999998    2.86999989
   16.40805435  119.00199890    0.95999998    2.89000010
   16.41138840  114.77700043    0.95999998    2.89000010
   16.41444397  117.37799835    0.98000002    2.86999989
   16.41777802  115.05899811    0.98000002    2.86999989
   16.42083359  114.73200226    0.95999998    2.86999989
   16.42416573  116.69400024    0.95999998    2.89000010
   16.42749977  117.26799774    0.95999998    2.89000010
   16.43055534  113.87999725    0.95999998    2.84999990
   16.43388748  115.70600128    0.95999998    2.84999990
   16.43722153  110.35600281    0.95999998    2.84999990
   16.43750000  118.20200348    0.95999998    2.84999990
   16.44361115  118.20200348    0.95999998    2.86999989
   16.44777679  112.36399841    0.95999998    2.89000010
   16.45083427  113.54799652    0.94000000    2.86999989
   16.45416832  116.26899719    0.94000000    2.86999989
   16.45722389  110.01699829    0.94000000    2.86999989
   16.46055603  114.60600281    0.98000002    2.89000010
   16.46389008  111.53600311    0.98000002    2.89000010
   16.46694565  122.31500244    0.98000002    2.89000010
   16.47027779  109.38800049    0.98000002    2.86999989
   16.47083473  116.44400024    0.98000002    2.86999989
   16.47389030  110.11399841    0.98000002    2.86999989
   16.47722244  118.00000000    0.98000002    2.86999989
   16.48027802  115.59700012    0.98000002    2.86999989
   16.48638916  115.59700012    1.00000000    2.86999989
   16.49055672  119.54199982    1.00000000    2.86999989
   16.49361229  111.02999878    1.03999996    2.86999989
   16.49694443  111.63500214    1.03999996    2.86999989
   16.50027847  111.20700073    1.07000005    2.86999989
   16.50333405  110.67600250    1.07000005    2.86999989
   16.50444412  112.20700073    1.07000005    2.89000010
   16.50694466  110.62100220    1.11000001    2.86999989
   16.51027870  104.23200226    1.11000001    2.86999989
   16.51333427  110.65599823    1.09000003    2.86999989
   16.51666641  113.90299988    1.07000005    2.86999989
   16.52000046  115.55200195    1.07000005    2.86999989
   16.52305603  109.73000336    1.07000005    2.89000010
   16.52916718  109.73000336    1.03999996    2.86999989
   16.53333282  113.83499908    1.01999998    2.89000010
   16.53666687  109.29299927    1.01999998    2.86999989
   16.53777695  116.40000153    1.01999998    2.86999989
   16.54027748  116.24700165    1.01999998    2.89000010
   16.54361153  108.72599792    1.01999998    2.86999989
   16.54666710  113.90899658    1.01999998    2.86999989
   16.54999924  113.30599976    1.00000000    2.89000010
   16.55333328  108.37300110    1.00000000    2.86999989
   16.55638885  108.08300018    1.00000000    2.86999989
   16.55972099  114.55200195    1.00000000    2.86999989
   16.56305504  107.08899689    0.98000002    2.86999989
   16.56611061  117.84700012    1.00000000    2.89000010
   16.57194519  117.84700012    1.00000000    2.89000010
   16.57611275  115.97100067    1.00000000    2.86999989
   16.57944489  112.99800110    1.00000000    2.86999989
   16.58277893  119.27100372    1.01999998    2.86999989
   16.58583450  103.78500366    1.00000000    2.89000010
   16.58916664  114.16000366    1.00000000    2.86999989
   16.59222221  111.65000153    0.98000002    2.86999989
   16.59555626  110.88899994    0.98000002    2.86999989
   16.59889030  112.16200256    1.00000000    2.86999989
   16.60194397  108.77700043    1.00000000    2.86999989
   16.60444450  108.08000183    1.00000000    2.86999989
   16.60555649  108.54399872    1.00000000    2.86999989
   16.60888863  112.40299988    1.00000000    2.86999989
   16.61499977  112.40299988    0.98000002    2.86999989
   16.61916733  111.12000275    0.98000002    2.86999989
   16.62222290  114.68399811    0.98000002    2.86999989
   16.62555504  110.01399994    0.98000002    2.86999989
   16.62861061  112.61699677    1.00000000    2.86999989
   16.63194466  106.82299805    1.00000000    2.86999989
   16.63527679  108.67700195    1.01999998    2.89000010
   16.63777733  108.54000092    1.01999998    2.86999989
   16.63888931  110.58200073    1.01999998    2.89000010
   16.64222145  110.50000000    1.01999998    2.89000010
   16.64555550  114.78600311    1.00000000    2.86999989
   16.64861107  106.54399872    0.98000002    2.86999989
   16.65194321  108.31900024    0.98000002    2.86999989
   16.65777779  108.31900024    0.98000002    2.86999989
   16.66194344  112.62799835    0.95999998    2.86999989
   16.66499901  105.01999664    0.98000002    2.86999989
   16.66833305  108.66600037    0.95999998    2.89000010
   16.67111015  109.98300171    0.95999998    2.86999989
   16.67194366  112.11900330    0.95999998    2.86999989
   16.67527771  108.80899811    0.98000002    2.86999989
   16.67860985  113.30000305    0.98000002    2.86999989
   16.68166542  112.74800110    1.00000000    2.86999989
   16.68499947  113.47899628    1.00000000    2.89000010
   16.68805504  107.24800110    1.01999998    2.86999989
   16.69138718  105.03500366    1.00000000    2.86999989
   16.69472122  110.79199982    1.00000000    2.86999989
   16.70055580  110.79199982    1.01999998    2.89000010
   16.70472336  114.56099701    1.01999998    2.86999989
   16.70805550  106.46099854    1.01999998    2.86999989
   16.71111107  100.82900238    0.98000002    2.89000010
   16.71444511  112.04900360    0.98000002    2.89000010
   16.71777916  104.79000092    0.98000002    2.89000010
   16.72083473  108.06999969    0.95999998    2.89000010
   16.72416687  110.37400055    1.00000000    2.89000010
   16.72750092  104.96900177    0.98000002    2.86999989
   16.73055649  106.18599701    1.00000000    2.86999989
   16.73388863  106.02300262    1.01999998    2.86999989
   16.73694420  134.04899597    1.01999998    2.86999989
   16.73777771  109.70200348    1.01999998    2.86999989
   16.74333382  109.70200348    1.00000000    2.86999989
   16.74749947  106.04399872    0.98000002    2.86999989
   16.75083351  109.02999878    1.00000000    2.86999989
   16.75388908  112.07199860    1.00000000    2.86999989
   16.75722313  107.70099640    1.00000000    2.86999989
   16.76055527  106.62799835    0.95999998    2.89000010
   16.76361084  103.68499756    0.95999998    2.89000010
   16.76694489  106.99500275    0.95999998    2.89000010
   16.77027702  112.35099792    0.95999998    2.89000010
   16.77111053  107.00299835    0.95999998    2.86999989
   16.77388954  110.84400177    0.94000000    2.89000010
   16.77694511  104.83000183    0.95999998    2.89000010
   16.78027725  103.33799744    0.95999998    2.89000010
   16.78638840  103.33799744    0.95999998    2.89000010
   16.79027748  109.39199829    0.98000002    2.86999989
   16.79361153  107.12300110    1.00000000    2.89000010
   16.79694366  110.05200195    0.98000002    2.86999989
   16.79999924  110.04699707    0.95999998    2.86999989
   16.80333328  111.63099670    0.95999998    2.86999989
   16.80444336  108.74299622    0.95999998    2.86999989
   16.80694389  114.83499908    0.95999998    2.86999989
   16.81027794  116.15499878    0.95999998    2.89000010
   16.81361008  114.39199829    0.95999998    2.86999989
   16.81666756  114.42800140    0.95999998    2.86999989
   16.82000160  108.09600067    0.95999998    2.86999989
   16.82305717  122.27799988    0.98000002    2.86999989
   16.82916832  122.27799988    0.95999998    2.86999989
   16.83333397  110.19100189    0.95999998    2.89000010
   16.83638954  116.15699768    0.95999998    2.86999989
   16.83777809  111.91799927    0.95999998    2.86999989
   16.84000015  105.85700226    0.89999998    2.86999989
   16.84333420  108.97000122    0.88000000    2.89000010
   16.84666824  119.51399994    0.83999997    2.91000009
   16.84972191  114.05699921    0.81999999    2.89000010
   16.85305595  118.06999969    0.81999999    2.86999989
   16.85639000  111.02300262    0.79000002    2.89000010
   16.85944557  111.10600281    0.79000002    2.89000010
   16.86277771  109.16200256    0.79000002    2.89000010
   16.86611176  111.46900177    0.79000002    2.89000010
   16.87194443  111.46900177    0.79000002    2.91000009
   16.87611198  108.72799683    0.79000002    2.89000010
   16.87944412  111.84500122    0.79000002    2.91000009
   16.88249969  110.17099762    0.79000002    2.91000009
   16.88583374  108.45600128    0.79000002    2.91000009
   16.88888931  106.43299866    0.79000002    2.91000009
   16.89222145  113.23699951    0.79000002    0.07000000
   16.89555550  109.91000366    0.80000001    2.89000010
   16.89861107  105.73600006    0.80000001    2.89000010
   16.90194321  108.78800201    0.80000001    2.89000010
   16.90444374  106.46900177    0.81999999    2.86999989
   16.90555573  110.55899811    0.81999999    2.89000010
   16.90888786  104.31400299    0.81999999    2.89000010
   16.91472244  104.31400299    0.81999999    2.86999989
   16.91888809  107.66500092    0.81999999    2.89000010
   16.92222214  119.75700378    0.83999997    2.89000010
   16.92527771  109.60800171    0.81999999    2.86999989
   16.92860985  107.26799774    0.83999997    2.89000010
   16.93194389  111.83100128    0.80000001    2.89000010
   16.93499947  111.45700073    0.80000001    2.89000010
   16.93777657  109.93299866    0.80000001    2.89000010
   16.93861008  107.69400024    0.80000001    2.89000010
   16.94194412  107.45500183    0.80000001    2.89000010
   16.94527626  111.52999878    0.80000001    2.89000010
   16.94833183  113.60500336    0.80000001    2.89000010
   16.95166779  105.96399689    0.80000001    2.89000010
   16.95777893  105.96399689    0.81999999    2.91000009
   16.96166801  100.82700348    0.81999999    2.89000010
   16.96500015  113.03800201    0.81999999    2.89000010
   16.96833420  112.65100098    0.80000001    2.89000010
   16.97111130  105.46099854    0.80000001    2.89000010
   16.97166634  103.75299835    0.80000001    2.89000010
   16.97500038  110.90599823    0.80000001    2.89000010
   16.97833443  108.81300354    0.80000001    2.89000010
   16.98139000  113.16400146    0.80000001    2.89000010
   16.98472214  104.28900146    0.79000002    2.89000010
   16.98805618  108.92099762    0.79000002    2.89000010
   16.99111176  103.80500031    0.79000002    2.89000010
   16.99444389  110.80500031    0.79000002    2.89000010
   17.00055504  110.80500031    0.75000000    2.89000010
   17.00472260  115.40200043    0.75000000    2.89000010
   17.00777817  104.63099670    0.75000000    2.89000010
   17.01111031  111.88999939    0.75000000    2.89000010
   17.01444435  101.71900177    0.79000002    2.91000009
   17.01749992  118.10700226    0.76999998    2.86999989
   17.02083397  109.34799957    0.76999998    2.89000010
   17.02388954  110.31700134    0.76999998    2.89000010
   17.02722168  107.72100067    0.76999998    2.89000010
   17.03055573  107.01499939    0.73000002    2.89000010
   17.03361130  110.89399719    0.73000002    2.91000009
   17.03694344  109.25599670    0.73000002    2.89000010
   17.03777695  113.38999939    0.73000002    2.89000010
   17.04333305  113.38999939    0.70999998    2.89000010
   17.04749870  118.63500214    0.69000000    2.91000009
   17.05055428  114.90799713    0.69000000    2.89000010
   17.05388832  113.39800262    0.69000000    2.89000010
   17.05722237  107.26899719    0.70999998    2.91000009
   17.06027794  117.15100098    0.70999998    2.91000009
   17.06361008  114.51300049    0.70999998    2.91000009
   17.06694603  113.64700317    0.75000000    2.89000010
   17.07000160  114.63800049    0.75000000    2.89000010
   17.07111168  112.96399689    0.75000000    2.89000010
   17.07361221  114.89299774    0.75000000    2.89000010
   17.07694626  112.00399780    0.76999998    2.89000010
   17.08027840  115.44899750    0.76999998    2.89000010
   17.08611107  115.44899750    0.76999998    2.89000010
   17.09027863  107.08100128    0.79000002    2.91000009
   17.09361267  115.66699982    0.79000002    2.91000009
   17.09666824  113.28600311    0.80000001    2.86999989
   17.10000038  113.61799622    0.81999999    2.89000010
   17.10333443  110.09899902    0.81999999    2.89000010
   17.10444450  110.27300262    0.81999999    2.89000010
   17.10666656  114.39800262    0.81999999    2.89000010
   17.11000061  111.20700073    0.81999999    2.89000010
   17.11333466  109.72299957    0.80000001    2.89000010
   17.11638832  113.37000275    0.81999999    2.89000010
   17.11972237  117.90699768    0.81999999    2.89000010
   17.12305641  118.62799835    0.81999999    2.89000010
   17.12888908  118.62799835    0.83999997    2.89000010
   17.13305473  113.23699951    0.83999997    2.91000009
   17.13638878  114.04199982    0.83999997    2.91000009
   17.13777733  113.57599640    0.86000001    2.89000010
   17.14027786  116.47299957    0.86000001    2.89000010
   17.14333344  129.08999634    0.88000000    2.86999989
   17.14666748  109.67500305    0.88000000    2.89000010
   17.14972115  119.72100067    0.88000000    2.91000009
   17.15305519  114.01799774    0.88000000    2.91000009
   17.15638924  116.60500336    0.92000002    2.91000009
   17.15944481  113.73500061    1.07000005    2.89000010
   17.16277695  111.91600037    1.07000005    2.89000010
   17.16611099  119.53399658    1.09000003    2.89000010
   17.17194366  119.53399658    1.01999998    2.91000009
   17.17611122  108.08200073    1.01999998    2.86999989
   17.17916679  104.62899780    1.00000000    2.86999989
   17.18249893  115.68199921    1.00000000    2.89000010
   17.18583298  105.27100372    0.95999998    2.89000010
   17.18888855  108.91999817    0.95999998    2.89000010
   17.19222069  105.77999878    0.94000000    2.89000010
   17.19555473  107.56500244    0.92000002    2.89000010
   17.19861031  107.39800262    0.89999998    2.91000009
   17.20194435  107.60199738    0.89999998    2.89000010
   17.20444489  122.87599945    0.89999998    2.89000010
   17.20527840  139.04699707    0.89999998    2.89000010
   17.20861244  155.83399963    0.89999998    2.91000009
   17.21472359  155.83399963    0.89999998    2.89000010
   17.21888924  188.23100281    0.89999998    2.89000010
   17.22194481  187.94799805    0.94000000    2.89000010
   17.22527885  195.68400574    0.94000000    2.89000010
   17.22861099  152.72500610    0.94000000    2.89000010
   17.23166656  168.21200562    0.92000002    2.89000010
   17.23500061  141.73100281    0.89999998    2.89000010
   17.23777771  144.85099792    0.88000000    2.89000010
   17.23861122  145.47599792    0.88000000    2.91000009
   17.24194527  123.08799744    0.81999999    2.91000009
   17.24527740  105.43900299    0.83999997    2.89000010
   17.24833298  111.23000336    0.81999999    2.89000010
   17.25166702  112.26899719    0.81999999    2.89000010
   17.25749969  112.26899719    0.83999997    2.89000010
   17.26166725  111.81199646    0.83999997    2.89000010
   17.26499939  111.59300232    0.83999997    2.89000010
   17.26805496  107.97100067    0.81999999    2.89000010
   17.27111053  112.38999939    0.83999997    2.91000009
   17.27166557  112.64099884    0.83999997    2.91000009
   17.27499962  104.19899750    0.83999997    2.91000009
   17.27833366  107.47399902    0.81999999    2.89000010
   17.28138924  113.00900269    0.81999999    2.89000010
   17.28472137  105.54100037    0.83999997    2.89000010
   17.28805542  105.62200165    0.81999999    2.89000010
   17.29111099  107.26399994    0.81999999    2.89000010
   17.29444313  110.04399872    0.83999997    2.89000010
   17.30027771  110.04399872    0.83999997    2.89000010
   17.30444336  109.18299866    0.83999997    2.91000009
   17.30777740  105.22599792    0.81999999    2.89000010
   17.31110954  104.78600311    0.81999999    2.89000010
   17.31416512  107.89199829    0.81999999    2.89000010
   17.31750107  115.46399689    0.81999999    2.89000010
   17.32055664  112.12899780    0.81999999    2.91000009
   17.32389069  112.30500031    0.81999999    2.89000010
   17.32722282  110.82299805    0.79000002    2.89000010
   17.33027840  111.85500336    0.79000002    2.89000010
   17.33361244  114.74600220    0.79000002    2.89000010
   17.33694458  111.15399933    0.79000002    2.89000010
   17.33777809  111.61599731    0.79000002    2.89000010
   17.34333420  111.61599731    0.80000001    2.89000010
   17.34749985  115.99500275    0.80000001    2.89000010
   17.35055542  110.73999786    0.81999999    2.89000010
   17.35388947  111.54900360    0.81999999    2.89000010
   17.37138939  119.77999878    0.79000002    2.89000010
   17.37388992  116.35600281    0.79000002    2.89000010
   17.37722206  118.47699738    0.79000002    2.89000010
   17.38027763  119.09200287    0.79000002    2.89000010
   17.38638878  119.09200287    0.80000001    2.89000010
   17.39027786  112.70800018    0.80000001    2.89000010
   17.39361191  114.60800171    0.80000001    2.89000010
   17.39694405  115.24099731    0.80000001    2.89000010
   17.39999962  119.56300354    0.80000001    2.89000010
   17.40333366  115.62500000    0.80000001    2.89000010
   17.40472221  117.61799622    0.80000001    2.89000010
   17.40722275  115.97699738    0.79000002    2.89000010
   17.41027832  112.02700043    0.79000002    2.89000010
   17.41361046  117.97100067    0.79000002    2.89000010
   17.41666603  110.83100128    0.79000002    2.89000010
   17.42000008  109.41400146    0.79000002    2.89000010
   17.42333221  107.04399872    0.80000001    2.89000010
   17.42916679  107.04399872    0.80000001    2.89000010
   17.43333244  108.14800262    0.81999999    2.89000010
   17.43638802  111.18399811    0.81999999    2.89000010
   17.43805504  117.06700134    0.81999999    2.86999989
   17.44027710  113.62000275    0.81999999    2.86999989
   17.44333267  113.45800018    0.81999999    2.89000010
   17.44666672  112.48200226    0.81999999    2.86999989
   17.44972038  114.96499634    0.81999999    2.89000010
   17.45305634  113.75199890    0.81999999    2.89000010
   17.45639038  108.10399628    0.81999999    2.89000010
   17.45944595  119.59700012    0.83999997    2.89000010
   17.46277809  109.60399628    0.83999997    2.89000010
   17.46611214  112.22399902    0.83999997    2.89000010
   17.47194481  112.22399902    0.86000001    2.89000010
   17.47611237  109.35800171    0.86000001    2.89000010
   17.47944450  110.27500153    0.88000000    2.89000010
   17.48250008  110.13800049    0.86000001    2.86999989
   17.48583412  113.46199799    0.86000001    2.89000010
   17.48888969  112.19000244    0.83999997    2.89000010
   17.49222183  113.91300201    0.83999997    2.86999989
   17.49555588  110.73300171    0.83999997    2.86999989
   17.49861145  114.70099640    0.83999997    2.89000010
   17.50194359  114.67199707    0.83999997    2.86999989
   17.50472260  116.66000366    0.81999999    2.89000010
   17.50583267  112.72100067    0.81999999    2.89000010
   17.50888824  109.50000000    0.83999997    2.89000010
   17.51472282  109.50000000    0.81999999    2.86999989
   17.51888847  117.01999664    0.81999999    2.89000010
   17.52222252  114.72799683    0.81999999    2.86999989
   17.52527809  102.79299927    0.83999997    2.86999989
   17.52861023  105.92299652    0.81999999    2.86999989
   17.53194427  103.45099640    0.83999997    2.86999989
   17.53499985  104.81300354    0.81999999    2.89000010
   17.53805542  100.48500061    0.83999997    2.89000010
   17.53888893  107.45200348    0.83999997    2.89000010
   17.54194450  110.74600220    0.83999997    2.84999990
   17.54527664  107.15499878    0.83999997    2.89000010
   17.54861069  111.57700348    0.86000001    2.89000010
   17.55166626  107.50900269    0.86000001    2.89000010
   17.55777740  107.50900269    0.86000001    2.89000010
   17.56194305  112.18499756    0.86000001    2.89000010
   17.56499863  108.61199951    0.86000001    2.86999989
   17.56833458  108.56700134    0.86000001    2.89000010
   17.57139015  112.65299988    0.86000001    2.89000010
   17.57194519  110.87799835    0.86000001    2.86999989
   17.57500076  111.21099854    0.86000001    2.89000010
   17.57833481  102.64399719    0.88000000    2.89000010
   17.58139038  106.36499786    0.88000000    2.89000010
   17.58472252  111.05000305    0.86000001    2.89000010
   17.58805656  112.15100098    0.86000001    2.89000010
   17.59111214  102.39399719    0.83999997    2.89000010
   17.59444427  106.90299988    0.83999997    2.89000010
   17.60055542  106.90299988    0.81999999    2.86999989
   17.60472298  115.33499908    0.81999999    2.89000010
   17.60527802  111.36100006    0.81999999    2.89000010
   17.60833359  112.80899811    0.79000002    2.89000010
   17.61166763  106.82800293    0.79000002    2.89000010
   17.61499977  113.86499786    0.79000002    2.89000010
   17.61805534  120.49500275    0.76999998    2.89000010
   17.62138939  114.62500000    0.75000000    2.89000010
   17.62472153  113.33399963    0.76999998    2.89000010
   17.62777710  113.23100281    0.75000000    2.89000010
   17.63111115  110.76100159    0.75000000    2.89000010
   17.63416672  113.55000305    0.75000000    2.89000010
   17.63750076  110.18800354    0.75000000    2.89000010
   17.63805580  118.56400299    0.75000000    2.89000010
   17.64333344  118.56400299    0.75000000    2.89000010
   17.64749908  111.30400085    0.76999998    2.89000010
   17.65083313  113.54900360    0.76999998    2.89000010
   17.65388870  111.38400269    0.76999998    2.89000010
   17.65722275  110.61399841    0.76999998    2.89000010
   17.66055489  106.27300262    0.76999998    2.89000010
   17.66361046  106.02500153    0.76999998    2.89000010
   17.66694450  108.18499756    0.76999998    2.89000010
   17.67000008  103.48400116    0.76999998    2.89000010
   17.67138863  104.93199921    0.76999998    2.89000010
   17.67388916  106.61599731    0.79000002    2.89000010
   17.67694473  107.14700317    0.79000002    2.86999989
   17.68027687  105.21499634    0.79000002    2.86999989
   17.68610954  105.21499634    0.79000002    2.86999989
   17.69027710  108.21499634    0.79000002    2.89000010
   17.69361115  117.19499969    0.79000002    2.86999989
   17.69694328  114.46900177    0.81999999    2.89000010
   17.70000076  104.28299713    0.81999999    2.86999989
   17.70333481  109.29399872    0.80000001    2.89000010
   17.70472336  108.97100067    0.80000001    2.89000010
   17.70694542  108.45500183    0.80000001    2.89000010
   17.71000099  107.66799927    0.80000001    2.89000010
   17.71333504  106.79699707    0.80000001    2.89000010
   17.71666718  107.30500031    0.80000001    2.89000010
   17.71972275  107.61699677    0.81999999    2.86999989
   17.72305679  106.19899750    0.83999997    2.86999989
   17.72916794  106.19899750    0.81999999    2.89000010
   17.73305511  106.97000122    0.83999997    2.89000010
   17.73638916  110.91999817    0.86000001    2.86999989
   17.73805618  108.58100128    0.86000001    2.86999989
   17.74027824  111.07299805    0.86000001    2.89000010
   17.74333382  117.23300171    0.83999997    2.86999989
   17.74666786  109.13700104    0.83999997    2.89000010
   17.75000000  111.26899719    0.83999997    2.89000010
   17.75305557  110.60800171    0.81999999    2.86999989
   17.75638962  109.53700256    0.83999997    2.89000010
   17.75944519  110.27300262    0.86000001    2.89000010
   17.76277733  110.55899811    0.86000001    2.89000010
   17.76611137  108.49900055    0.86000001    2.86999989
   17.77194405  108.49900055    0.89999998    2.86999989
   17.77611160  107.60500336    0.92000002    2.86999989
   17.77916718  103.77600098    0.92000002    2.86999989
   17.78249931  104.05500031    0.92000002    2.86999989
   17.78555489  110.46099854    0.92000002    2.86999989
   17.78888893  108.05899811    0.92000002    2.89000010
   17.79222107  104.73799896    0.92000002    2.89000010
   17.79527664  105.87000275    0.94000000    2.86999989
   17.79861069  113.39299774    0.98000002    2.86999989
   17.80194283  118.86399841    0.98000002    2.86999989
   17.80472183  109.33599854    0.98000002    2.86999989
   17.80555534  112.57900238    0.98000002    2.86999989
   17.80888748  111.51599884    1.00000000    2.84999990
   17.81472206  111.51599884    1.00000000    2.84999990
   17.81888962  108.28500366    1.00000000    2.86999989
   17.82222366  116.41200256    1.03999996    2.86999989
   17.82527924  107.91600037    1.03999996    2.86999989
   17.82861137  109.02799988    1.03999996    2.86999989
   17.83194542  112.57099915    1.03999996    2.86999989
   17.83527756  114.80300140    1.07000005    2.86999989
   17.83805656  114.28900146    1.09000003    2.86999989
   17.83889008  111.12699890    1.09000003    2.86999989
   17.84194565  107.58100128    1.11000001    2.86999989
   17.84527779  112.43699646    1.13000000    2.86999989
   17.84861183  110.53800201    1.13000000    2.86999989
   17.85166740  114.53900146    1.13000000    2.86999989
   17.85750008  114.53900146    1.13000000    2.84999990
   17.86166763  106.04199982    1.14999998    2.86999989
   17.86499977  113.50299835    1.13000000    2.84999990
   17.86805534  111.81199646    1.13000000    2.86999989
   17.87138939  111.11100006    1.11000001    2.86999989
   17.87194443  109.04499817    1.11000001    2.86999989
   17.87500000  113.67800140    1.11000001    2.84999990
   17.87833405  109.50599670    1.11000001    2.84999990
   17.88166618  109.94200134    1.11000001    2.84999990
   17.88472176  108.79599762    1.11000001    2.86999989
   17.88805580  113.28299713    1.11000001    2.86999989
   17.89111137  109.98999786    1.11000001    2.86999989
   17.89444351  112.45200348    1.11000001    2.84999990
   17.90055466  112.45200348    1.07000005    2.86999989
   17.90444374  105.81400299    1.05999994    2.84999990
   17.90499878  114.51200104    1.05999994    2.84999990
   17.90833282  114.88500214    1.05999994    2.84999990
   17.91166687  112.14399719    1.03999996    2.86999989
   17.91472244  111.81400299    1.03999996    2.86999989
   17.91805458  111.48899841    1.03999996    2.86999989
   17.92111015  105.70099640    1.03999996    2.86999989
   17.92444420  108.06199646    1.03999996    2.86999989
   17.92777634  121.83000183    1.09000003    2.86999989
   17.93083191  110.33499908    1.09000003    2.86999989
   17.93416595  117.81400299    1.07000005    2.86999989
   17.93750000  106.87799835    1.07000005    2.86999989
   17.93833160  112.23899841    1.07000005    2.86999989
   17.94333267  112.23899841    1.07000005    2.86999989
   17.94749832  117.41699982    1.07000005    2.86999989
   17.95055580  112.04299927    1.09000003    2.84999990
   17.95388985  114.12599945    1.09000003    2.84999990
   17.95722389  111.54799652    1.09000003    2.86999989
   17.96027946  113.03299713    1.07000005    2.86999989
   17.96361160  129.81700134    1.09000003    2.86999989
   17.96694565  137.74699402    1.09000003    2.86999989
   17.97000122  127.92700195    1.09000003    2.84999990
   17.97166634  152.71400452    1.09000003    2.84999990
   17.97389030  116.93800354    1.09000003    2.84999990
   17.97722244  125.75000000    1.09000003    2.84999990
   17.98027802  115.34400177    1.09000003    2.84999990
   17.98611069  115.34400177    1.01999998    2.86999989
   17.99027824  109.12300110    1.01999998    2.86999989
   17.99361229  109.72799683    1.01999998    2.86999989
   17.99666786  119.65899658    1.01999998    2.86999989
   18.00000000  106.90299988    1.01999998    2.86999989
   18.00305557  114.98799896    1.00000000    2.86999989
   18.00499916  116.76799774    1.00000000    2.86999989
   18.00694466  108.55999756    1.01999998    2.84999990
   18.01027870  113.26399994    1.00000000    2.84999990
   18.01333427  126.98999786    1.00000000    2.86999989
   18.01666641  133.25199890    1.00000000    2.86999989
   18.01972198  131.93600464    1.00000000    2.86999989
   18.02305603  115.29000092    0.98000002    2.86999989
   18.02888870  115.29000092    0.95999998    2.86999989
   18.03305435  111.53600311    0.95999998    2.86999989
   18.03638840  108.59500122    0.94000000    2.86999989
   18.03833199  113.40200043    0.94000000    2.86999989
   18.03999901  112.98500061    0.94000000    2.86999989
   18.04333305  121.52700043    0.94000000    2.84999990
   18.04638863  106.44300079    0.92000002    2.86999989
   18.04972076  108.48200226    0.92000002    2.84999990
   18.05305481  111.35299683    0.92000002    2.89000010
   18.05611038  110.09200287    0.92000002    2.86999989
   18.05944443  112.55999756    0.92000002    2.86999989
   18.06277657  102.89499664    0.92000002    2.84999990
   18.06583214  111.57800293    0.92000002    2.86999989
   18.07166672  111.57800293    0.89999998    2.86999989
   18.07583427  111.73899841    0.89999998    2.86999989
   18.07916832  125.39900208    0.89999998    2.86999989
   18.08250046  112.59600067    0.89999998    2.86999989
   18.08555603  115.07800293    0.89999998    2.84999990
   18.08889008  111.83399963    0.89999998    2.86999989
   18.09194565  110.95300293    0.89999998    2.86999989
   18.09527779  108.06400299    0.88000000    2.86999989
   18.09861183  116.91100311    0.86000001    2.86999989
   18.10166740  115.84200287    0.86000001    2.86999989
   18.10499954  114.62999725    0.83999997    2.86999989
   18.10555649  110.87899780    0.83999997    2.86999989
   18.10888863  109.54799652    0.86000001    2.86999989
   18.11472321  109.54799652    0.86000001    2.86999989
   18.11888885  104.61599731    0.88000000    2.86999989
   18.12194443  106.49099731    0.92000002    2.86999989
   18.12527847  112.58100128    0.92000002    2.86999989
   18.12861061  108.15100098    0.92000002    2.86999989
   18.13166618  113.20600128    0.92000002    2.86999989
   18.13500023  106.62599945    0.92000002    2.86999989
   18.13833237  104.34799957    0.94000000    2.86999989
   18.13888931  101.87400055    0.94000000    2.86999989
   18.14194489  104.37000275    0.92000002    2.86999989
   18.14500046  108.43399811    0.92000002    2.89000010
   18.14833260   99.74720001    0.94000000    2.86999989
   18.15138817  104.44699860    0.94000000    2.86999989
   18.15749931  104.44699860    0.94000000    2.84999990
   18.16166687  103.55899811    0.94000000    2.86999989
   18.16472244  113.82299805    0.92000002    2.86999989
   18.16805458  101.12400055    0.89999998    2.86999989
   18.17138863  106.45700073    0.89999998    2.86999989
   18.17222214  106.38600159    0.89999998    2.86999989
   18.17499924  102.66500092    0.88000000    2.86999989
   18.17805481  109.86799622    0.88000000    2.86999989
   18.18138885  109.09500122    0.86000001    2.89000010
   18.18444443  105.20500183    0.86000001    2.86999989
   18.18777657  107.68299866    0.86000001    2.89000010
   18.19111061  101.77300262    0.83999997    2.86999989
   18.19416618  100.94799805    0.86000001    2.86999989
   18.20027924  100.94799805    0.86000001    2.86999989
   18.20444489  106.14399719    0.86000001    2.86999989
   18.20555687  103.96499634    0.86000001    2.86999989
   18.20833397  102.80500031    0.88000000    2.86999989
   18.21138954   99.92009735    0.88000000    2.82999992
   18.21472359  102.93699646    0.86000001    2.86999989
   18.21777916  102.51100159    0.86000001    2.86999989
   18.22111130  101.37899780    0.86000001    2.86999989
   18.22444534  100.78099823    0.83999997    2.86999989
   18.22750092  106.37400055    0.83999997    2.89000010
   18.23083305  104.60299683    0.81999999    2.86999989
   18.23416710  102.01899719    0.80000001    2.86999989
   18.23722267  106.19699860    0.80000001    2.86999989
   18.23888969  111.48899841    0.80000001    2.86999989
   18.24305534  111.48899841    0.80000001    2.86999989
   18.24722290  112.74800110    0.80000001    2.86999989
   18.25055504  107.17500305    0.80000001    2.89000010
   18.25388908  106.42800140    0.80000001    2.86999989
   18.25694466  104.44400024    0.80000001    2.86999989
   18.26027870  109.30699921    0.80000001    2.89000010
   18.26333427  105.11199951    0.80000001    2.86999989
   18.26666641  103.76300049    0.80000001    2.86999989
   18.27000046  106.86199951    0.80000001    2.86999989
   18.27222252  105.92800140    0.81999999    2.86999989
   18.27361107  104.08100128    0.81999999    2.86999989
   18.27666664  108.55300140    0.83999997    2.86999989
   18.28000069  106.26699829    0.81999999    2.86999989
   18.28610992  106.26699829    0.81999999    2.86999989
   18.29027748  100.45600128    0.83999997    2.86999989
   18.29333305  107.14600372    0.83999997    2.86999989
   18.29666710  106.13700104    0.83999997    2.86999989
   18.29999924  111.00199890    0.83999997    2.86999989
   18.30305481  102.09799957    0.83999997    2.86999989
   18.30555534  104.27500153    0.83999997    2.86999989
   18.30694389  106.06600189    0.86000001    2.86999989
   18.30999947  100.59100342    0.88000000    2.84999990
   18.31333351   97.43609619    0.88000000    2.84999990
   18.31666756   98.11440277    0.86000001    2.86999989
   18.31972313   97.94159698    0.88000000    2.86999989
   18.32305717  104.26999664    0.89999998    2.86999989
   18.32888985  104.26999664    0.88000000    2.86999989
   18.33305550  100.47499847    0.89999998    2.86999989
   18.33611107  103.95899963    0.89999998    2.86999989
   18.33889008  104.41799927    0.89999998    2.86999989
   18.34000015  107.77400208    0.89999998    2.86999989
   18.34305573   96.20870209    0.89999998    2.84999990
   18.34638977  100.54699707    0.89999998    2.86999989
   18.34972191  108.69899750    0.88000000    2.86999989
   18.35277748  101.07800293    0.88000000    2.86999989
   18.35611153  108.28199768    0.88000000    2.86999989
   18.35916710  111.23400116    0.88000000    2.86999989
   18.36250114  104.51200104    0.88000000    2.86999989
   18.36583328  105.87300110    0.88000000    2.86999989
   18.37166595  105.87300110    0.88000000    2.86999989
   18.38999939  101.01200104    0.92000002    2.86999989
   18.39333344  102.64199829    0.92000002    2.84999990
   18.39666748  108.20200348    0.89999998    2.86999989
   18.39972115  101.01300049    0.88000000    2.86999989
   18.40305519  102.36399841    0.88000000    2.86999989
   18.40638924  103.45300293    0.88000000    2.86999989
   18.40944481  107.16699982    0.88000000    2.86999989
   18.41472244  107.16699982    0.98000002    2.86999989
   18.41888809  103.41699982    0.95999998    2.86999989
   18.42222214  102.28900146    0.89999998    2.86999989
   18.42305565  101.99400330    0.89999998    2.86999989
   18.42583275  101.06600189    0.95999998    2.86999989
   18.42916679   99.56860352    0.95999998    2.86999989
   18.43222237  108.24800110    0.86000001    2.84999990
   18.43555450  100.08300018    0.88000000    2.84999990
   18.43888855  110.28500366    0.88000000    2.84999990
   18.44194412  102.98600006    0.88000000    2.86999989
   18.44527626  103.78800201    0.88000000    2.84999990
   18.44861031  105.17199707    0.92000002    2.86999989
   18.45166779  104.26100159    0.92000002    2.86999989
   18.45777893  104.26100159    0.92000002    2.86999989
   18.46166801   98.07170105    0.92000002    2.86999989
   18.46500015  104.66100311    0.89999998    2.86999989
   18.46833420  100.79000092    0.89999998    2.86999989
   18.47138977  108.36199951    0.89999998    2.86999989
   18.47472191  105.74400330    0.88000000    2.86999989
   18.47805595  103.07399750    0.89999998    2.84999990
   18.48111153  106.62000275    0.89999998    2.86999989
   18.48444557  108.72399902    0.89999998    2.84999990
   18.48750114  100.87300110    0.89999998    2.84999990
   18.48972321  104.64399719    0.92000002    2.84999990
   18.49138832  100.06900024    0.89999998    2.84999990
   18.49472237  105.06199646    0.89999998    2.84999990
   18.50055504  105.06199646    0.89999998    2.86999989
   18.50472260  125.76899719    0.88000000    2.84999990
   18.50777817  104.15799713    0.88000000    2.86999989
   18.51111031  124.84700012    0.88000000    2.84999990
   18.51444435  116.25599670    0.89999998    2.86999989
   18.51749992  106.41100311    0.89999998    2.84999990
   18.52083397  107.25399780    0.89999998    2.84999990
   18.52305603  104.60900116    0.89999998    2.86999989
   18.52444458  102.11299896    0.89999998    2.86999989
   18.52777672  106.38400269    0.92000002    2.84999990
   18.53083229  104.40000153    0.92000002    2.84999990
   18.53416634  106.67500305    0.94000000    2.86999989
   18.53750038  113.39299774    0.94000000    2.86999989
   18.54333305  113.39299774    0.94000000    2.86999989
   18.54749870  107.75700378    0.94000000    2.84999990
   18.55083275  106.77600098    0.94000000    2.84999990
   18.55388832  108.45200348    0.95999998    2.84999990
   18.55638885  116.76899719    0.95999998    2.84999990
   18.55749893  108.14800262    0.95999998    2.84999990
   18.56083298  109.32499695    0.95999998    2.84999990
   18.56388855  106.02300262    0.95999998    2.84999990
   18.56722260   98.49250031    0.98000002    2.84999990
   18.57055664  102.83799744    0.98000002    2.84999990
   18.57361221  109.87699890    0.98000002    2.84999990
   18.57694626  106.67500305    0.95999998    2.84999990
   18.58027840  103.90899658    0.98000002    2.84999990
   18.58611107  103.90899658    0.95999998    2.84999990
   18.59027863  109.99500275    0.98000002    2.84999990
   18.59361267  111.41699982    0.95999998    2.84999990
   18.59666824  110.60199738    0.95999998    2.84999990
   18.60000038  104.74800110    0.95999998    2.86999989
   18.60333443  104.99099731    0.98000002    2.84999990
   18.60639000  111.59600067    0.95999998    2.84999990
   18.60972214  109.89800262    0.98000002    2.84999990
   18.61305618  109.50099945    0.95999998    2.84999990
   18.61611176  109.94599915    0.95999998    2.84999990
   18.61944389  115.56500244    0.95999998    2.82999992
   18.62277794  116.19799805    0.95999998    2.82999992
   18.62333298  114.41100311    0.95999998    2.82999992
   18.62916756  114.41100311    0.95999998    2.84999990
   18.63305473  105.22799683    0.95999998    2.84999990
   18.63638878  116.00199890    0.95999998    2.84999990
   18.63972282  113.66799927    0.95999998    2.84999990
   18.64277840  112.98999786    0.95999998    2.84999990
   18.64611053  104.65599823    0.94000000    2.84999990
   18.64944458  114.65000153    0.94000000    2.84999990
   18.65250015  104.03099823    0.94000000    2.84999990
   18.65583229  112.85600281    0.94000000    2.84999990
   18.65638924  114.34899902    0.94000000    2.84999990
   18.65944481  105.21900177    0.94000000    2.84999990
   18.66277695  108.66000366    0.94000000    2.84999990
   18.66583252  110.74199677    0.94000000    2.84999990
   18.67194366  110.74199677    0.94000000    2.84999990
   18.67611122  108.55899811    0.92000002    2.84999990
   18.67916679  116.76799774    0.92000002    2.84999990
   18.68249893  115.10299683    0.92000002    2.84999990
   18.68583298  112.94499969    0.92000002    2.84999990
   18.68888855  107.07599640    0.92000002    2.84999990
   18.68972206  105.99400330    0.92000002    2.84999990
   18.69249916  107.84799957    0.92000002    2.84999990
   18.69583321  117.97599792    0.92000002    2.82999992
   18.69888878  113.60399628    0.92000002    2.82999992
   18.70222282  110.57599640    0.89999998    2.84999990
   18.70555687  113.24099731    0.89999998    2.84999990
   18.70861244  109.91400146    0.89999998    2.84999990
   18.71472359  109.91400146    0.89999998    2.84999990
   18.71888924  111.18800354    0.89999998    2.84999990
   18.72222328  105.97699738    0.88000000    2.84999990
   18.72333336  109.29100037    0.88000000    2.84999990
   18.72583389  110.06900024    0.88000000    2.84999990
   18.72916794  110.29799652    0.88000000    2.84999990
   18.73222351  105.77100372    0.88000000    2.84999990
   18.73555565  106.37100220    0.88000000    2.84999990
   18.73888969  117.46199799    0.88000000    2.84999990
   18.74194527  105.04599762    0.88000000    2.84999990
   18.74527740  112.10900116    0.88000000    2.86999989
   18.74861145  104.78399658    0.88000000    2.84999990
   18.75166702  113.61900330    0.89999998    2.84999990
   18.75749969  113.61900330    0.89999998    2.84999990
   18.76166725  106.88600159    0.89999998    2.84999990
   18.76499939  100.61199951    0.89999998    2.84999990
   18.76833344  105.62599945    0.89999998    2.84999990
   18.77138901  111.73999786    0.89999998    2.84999990
   18.77472115  102.73400116    0.89999998    2.82999992
   18.77777672  111.09100342    0.88000000    2.84999990
   18.78111076  105.89900208    0.88000000    2.84999990
   18.78444481  105.13999939    0.89999998    2.84999990
   18.78750038  103.80799866    0.89999998    2.86999989
   18.78999901  109.05999756    0.89999998    2.86999989
   18.79111099  112.10900116    0.89999998    2.84999990
   18.79444313  110.16500092    0.89999998    2.84999990
   18.80055428  110.16500092    0.92000002    2.84999990
   18.80444336  108.86199951    0.92000002    2.82999992
   18.80777740  102.92099762    0.92000002    2.84999990
   18.81110954  101.50499725    0.92000002    2.84999990
   18.81416512  109.91100311    0.94000000    2.84999990
   18.81750107   99.59439850    1.00000000    2.84999990
   18.82083511  114.84899902    1.01999998    2.82999992
   18.82333374  102.18299866    1.01999998    2.82999992
   18.82444572  101.73699951    1.01999998    2.82999992
   18.82777786   99.29879761    1.03999996    2.82999992
   18.83083344  105.38300323    1.03999996    2.82999992
   18.83416748  103.46299744    1.03999996    2.82999992
   18.83750153  106.46199799    1.03999996    2.82999992
   18.84333420  106.46199799    1.03999996    2.82999992
   18.84749985  105.37799835    1.03999996    2.82999992
   18.85055542  102.17199707    1.01999998    2.82999992
   18.85388947  101.95099640    1.01999998    2.82999992
   18.85666656  107.20800018    1.01999998    2.82999992
   18.85750008  103.67299652    1.01999998    2.82999992
   18.86083412  104.91500092    1.03999996    2.82999992
   18.86388969  104.11000061    1.01999998    2.82999992
   18.86722183  105.69799805    1.03999996    2.82999992
   18.87055588  110.23000336    1.03999996    2.82999992
   18.87361145  106.33499908    1.03999996    2.82999992
   18.87694550  100.70999908    1.09000003    2.82999992
   18.88027763  107.71399689    1.09000003    2.82999992
   18.88611031  107.71399689    1.05999994    2.84999990
   18.89027786  108.10700226    1.03999996    2.82999992
   18.89361191  107.12400055    1.03999996    2.82999992
   18.89666748  106.62300110    1.03999996    2.82999992
   18.89999962  108.20099640    1.01999998    2.82999992
   18.90333366  104.69200134    1.01999998    2.82999992
   18.90638924  103.26699829    1.01999998    2.80999994
   18.90972137  101.98500061    1.01999998    2.80999994
   18.91277695  101.49400330    1.01999998    2.82999992
   18.91611099   99.93489838    1.01999998    2.82999992
   18.91944313   98.54039764    1.01999998    2.82999992
   18.92249870  107.69200134    1.01999998    2.82999992
   18.92333221  103.22000122    1.01999998    2.82999992
   18.92888832  103.22000122    1.01999998    2.82999992
   18.93305397  106.35700226    1.01999998    2.82999992
   18.93638802  102.97899628    1.01999998    2.82999992
   18.93944359  104.02500153    1.01999998    2.82999992
   18.94277763   98.99259949    1.03999996    2.82999992
   18.94610977  101.76699829    1.03999996    2.82999992
   18.94916534  103.71700287    1.05999994    2.82999992
   18.95250130  103.79900360    1.05999994    2.82999992
   18.95555687  104.88899994    1.05999994    2.82999992
   18.95666695  108.14299774    1.05999994    2.82999992
   18.95916748   95.53959656    1.05999994    2.80999994
   18.96250153  101.63800049    1.05999994    2.80999994
   18.96583366  102.16400146    1.05999994    2.82999992
   18.97194481  102.16400146    1.03999996    2.82999992
   18.97583389   99.98059845    1.03999996    2.82999992
   18.97916794  102.49099731    1.03999996    2.82999992
   18.98250008   98.31449890    1.03999996    2.82999992
   18.98555565  104.52999878    1.01999998    2.82999992
   18.98888969  109.13300323    1.01999998    2.82999992
   18.98999977  101.87599945    1.01999998    2.82999992
   18.99250031  101.57099915    1.01999998    2.82999992
   18.99583435  106.95200348    1.00000000    2.82999992
   18.99916649  103.16999817    1.00000000    2.82999992
   19.00222206  103.69400024    1.00000000    2.82999992
   19.00555611  107.64800262    1.00000000    2.82999992
   19.00888824  104.37599945    0.98000002    2.82999992
   19.01472282  104.37599945    0.95999998    2.80999994
   19.01888847  100.79900360    0.95999998    2.82999992
   19.02194405  102.83399963    0.95999998    2.82999992
   19.02333260   97.40730286    0.95999998    2.82999992
   19.02555466  102.29000092    0.95999998    2.82999992
   19.02888870  100.63999939    0.95999998    2.82999992
   19.03222275  102.90599823    0.98000002    2.82999992
   19.03527641  103.08100128    0.95999998    2.80999994
   19.03861046  105.63300323    0.95999998    2.82999992
   19.04166603  101.15799713    0.95999998    2.82999992
   19.04500008  102.70500183    0.95999998    2.80999994
   19.04833221  103.40299988    0.95999998    2.82999992
   19.05138779  106.19899750    0.95999998    2.82999992
   19.05749893  106.19899750    0.95999998    2.82999992
   19.06166649  101.49600220    0.95999998    2.82999992
   19.06499863  106.93299866    0.95999998    2.82999992
   19.06805611  101.78399658    0.95999998    2.82999992
   19.07139015  110.86900330    0.95999998    2.82999992
   19.07444572   99.35440063    0.95999998    2.82999992
   19.07777786  101.54199982    0.95999998    2.80999994
   19.08111191  104.68599701    0.95999998    2.82999992
   19.08416748  102.40699768    0.94000000    2.80999994
   19.08750153  104.59799957    0.94000000    2.82999992
   19.09000015  101.28800201    0.94000000    2.82999992
   19.09111214  103.61199951    0.94000000    2.82999992
   19.09444427  107.44699860    0.94000000    2.82999992
   19.10027885  107.44699860    0.98000002    2.80999994
   19.10444450  100.12300110    0.98000002    2.80999994
   19.10777855   99.37010193    0.98000002    2.82999992
   19.11083412  101.93000031    0.98000002    2.82999992
   19.11416626  108.39299774    0.98000002    2.82999992
   19.11750031  110.50299835    0.98000002    2.82999992
   19.12055588  110.37599945    0.98000002    2.80999994
   19.12333298  109.12699890    0.98000002    2.82999992
   19.12416649  104.85900116    0.98000002    2.82999992
   19.12750053  108.41799927    0.98000002    2.80999994
   19.13083267  111.63999939    0.98000002    2.80999994
   19.13388824  111.64700317    0.95999998    2.80999994
   19.13722229  119.18299866    0.98000002    2.80999994
   19.14333344  119.18299866    0.98000002    2.80999994
   19.14722252  110.87000275    0.98000002    2.80999994
   19.15055466  107.26499939    0.98000002    2.82999992
   19.15388870  109.54599762    1.00000000    2.80999994
   19.15666580  105.20099640    1.00000000    2.80999994
   19.15722275  105.74500275    1.00000000    2.80999994
   19.16055489  106.27600098    1.01999998    2.82999992
   19.16388893  108.73699951    1.03999996    2.80999994
   19.16694450  109.77200317    1.05999994    2.80999994
   19.17027664  110.71600342    1.05999994    2.80999994
   19.17333221  105.28900146    1.03999996    2.80999994
   19.17666626  102.94000244    1.05999994    2.80999994
   19.18000031  106.50299835    1.03999996    2.80999994
   19.18610954  106.50299835    1.05999994    2.80999994
   19.19027710  104.94799805    1.05999994    2.80999994
   19.19333267  106.27899933    1.05999994    2.80999994
   19.19666672  108.52999878    1.05999994    2.80999994
   19.19972038  103.63099670    1.07000005    2.80999994
   19.20305634  104.58300018    1.05999994    2.80999994
   19.20639038  101.98699951    1.05999994    2.80999994
   19.20944595  106.71499634    1.03999996    2.80999994
   19.21277809  105.11199951    1.05999994    2.80999994
   19.21611214  111.73799896    1.03999996    2.80999994
   19.21916771  111.91400146    1.03999996    2.80999994
   19.22249985  108.44200134    1.03999996    2.80999994
   19.22333336  122.56999969    1.03999996    2.80999994
   19.22888947  122.56999969    1.03999996    2.80999994
   19.23305511  103.18000031    1.03999996    2.80999994
   19.23611069  114.25599670    1.03999996    2.80999994
   19.23944473  122.95999908    1.03999996    2.80999994
   19.24277878  121.72699738    1.01999998    2.80999994
   19.24583435  112.26499939    1.00000000    2.80999994
   19.24916649  104.68099976    1.00000000    2.80999994
   19.25250053  106.51599884    1.00000000    2.80999994
   19.25555611  105.08200073    0.98000002    2.78999996
   19.25666618  105.25399780    0.98000002    2.78999996
   19.25916672  106.01499939    0.98000002    2.80999994
   19.26250076  105.79900360    0.98000002    2.80999994
   19.26583290  110.00000000    0.98000002    2.80999994
   19.27166557  110.00000000    0.98000002    2.80999994
   19.27583313  103.48000336    0.95999998    2.80999994
   19.27916718  101.37000275    0.95999998    2.80999994
   19.28222275  106.28099823    0.95999998    2.80999994
   19.28555489  102.17800140    0.95999998    2.80999994
   19.28888893  101.31800079    0.95999998    2.80999994
   19.28999901  108.21600342    0.95999998    2.80999994
   19.29249954  104.71600342    0.95999998    2.82999992
   19.29555511  103.97899628    0.95999998    2.80999994
   19.29888916  104.25900269    0.95999998    2.80999994
   19.30194283  108.87999725    0.95999998    2.80999994
   19.30527687  101.87300110    0.95999998    2.80999994
   19.30861092  103.99500275    0.98000002    2.80999994
   19.31444359  103.99500275    0.98000002    2.80999994
   19.31861115  103.55300140    0.98000002    2.78999996
   19.32194519  102.10900116    0.98000002    2.80999994
   19.32333374  106.14199829    0.98000002    2.80999994
   19.32555580  110.29900360    0.98000002    2.80999994
   19.32888985  104.99500275    0.98000002    2.80999994
   19.33222389  106.22100067    0.98000002    2.80999994
   19.33527756  106.87100220    1.00000000    2.78999996
   19.33861160  102.37400055    1.00000000    2.80999994
   19.34194565  100.05899811    1.00000000    2.80999994
   19.34500122  107.19400024    1.00000000    2.80999994
   19.34833336   99.54720306    1.01999998    2.80999994
   19.35138893  103.05200195    1.00000000    2.78999996
   19.35750008  103.05200195    1.01999998    2.80999994
   19.36166763  100.52300262    1.01999998    2.80999994
   19.36472321   98.26560211    1.01999998    2.80999994
   19.36805534   98.92099762    1.01999998    2.80999994
   19.37111092  101.85800171    1.01999998    2.78999996
   19.37444496  100.64299774    1.01999998    2.80999994
   19.37777710   94.92369843    1.09000003    2.80999994
   19.38111115  107.12000275    1.09000003    2.80999994
   19.38444519  102.94000244    1.23000002    2.80999994
   19.38750076  103.09600067    1.09000003    2.80999994
   19.38999939   91.57920074    1.09000003    2.80999994
   19.41055489   91.57920074    1.03999996    2.78999996
   19.41472244  103.43699646    1.05999994    2.80999994
   19.41805458  105.18800354    1.05999994    2.78999996
   19.42111015  106.06199646    1.05999994    2.78999996
   19.42333221  105.95999908    1.03999996    2.78999996
   19.42499924  109.85199738    1.03999996    2.78999996
   19.42805481  109.73200226    1.03999996    2.78999996
   19.43138885  105.41000366    1.03999996    2.80999994
   19.43472099  106.93000031    1.03999996    2.78999996
   19.43805504   97.20860291    1.03999996    2.78999996
   19.44111061  102.66400146    1.03999996    2.78999996
   19.44444275  108.84899902    1.03999996    2.78999996
   19.44777679  103.76300049    1.03999996    2.80999994
   19.45333481  103.76300049    1.03999996    2.78999996
   19.45750046   96.83660126    1.05999994    2.78999996
   19.46083450  100.93000031    1.07000005    2.78999996
   19.46389008  106.18900299    1.07000005    2.78999996
   19.46722221  102.13300323    1.07000005    2.80999994
   19.47055626  110.19000244    1.07000005    2.78999996
   19.47361183  112.15799713    1.07000005    2.78999996
   19.47694588  103.70800018    1.09000003    2.78999996
   19.48000145  114.46600342    1.09000003    2.78999996
   19.48333359  102.04199982    1.07000005    2.78999996
   19.48666763  106.19200134    1.09000003    2.78999996
   19.48972321  110.45500183    1.09000003    2.78999996
   19.49027824  109.02899933    1.09000003    2.78999996
   19.49611092  109.02899933    1.09000003    2.78999996
   19.50027847  106.86199951    1.09000003    2.78999996
   19.50361061  102.00000000    1.09000003    2.78999996
   19.50666618  104.29399872    1.09000003    2.78999996
   19.51000023  112.34300232    1.09000003    2.78999996
   19.51333427  106.57099915    1.11000001    2.78999996
   19.51666641  101.21099854    1.11000001    2.78999996
   19.51972198  103.44899750    1.13000000    2.78999996
   19.52305603  109.93399811    1.13000000    2.78999996
   19.52361107  116.26699829    1.13000000    2.78999996
   19.52666664  113.25499725    1.13000000    2.78999996
   19.53000069  102.02500153    1.13000000    2.78999996
   19.53305435  106.62899780    1.13000000    2.78999996
   19.53916550  106.62899780    1.13000000    2.78999996
   19.54305458  111.58599854    1.11000001    2.78999996
   19.54638863  107.31400299    1.11000001    2.76999998
   19.54972076  103.00399780    1.11000001    2.78999996
   19.55277634  107.13400269    1.11000001    2.78999996
   19.55611038  112.58699799    1.11000001    2.76999998
   19.55694389  109.07800293    1.11000001    2.76999998
   19.55972099  104.61299896    1.11000001    2.78999996
   19.56305504  104.47000122    1.11000001    2.76999998
   19.56611061  100.65599823    1.11000001    2.78999996
   19.56944466  101.19100189    1.11000001    2.78999996
   19.57277870  101.64700317    1.11000001    2.78999996
   19.57583427   99.76059723    1.13000000    2.78999996
   19.58194542   99.76059723    1.13000000    2.78999996
   19.58611107  103.91400146    1.14999998    2.78999996
   19.58916664   97.08239746    1.16999996    2.78999996
   19.59027863  104.81300354    1.16999996    2.78999996
   19.59305573  100.91500092    1.19000006    2.78999996
   19.59638977  106.05100250    1.19000006    2.78999996
   19.59944534  111.34799957    1.16999996    2.78999996
   19.60277748  109.06099701    1.16999996    2.76999998
   19.60611153  101.41400146    1.16999996    2.78999996
   19.60916710   98.42449951    1.16999996    2.76999998
   19.61250114  102.67800140    1.16999996    2.78999996
   19.61555672  107.26000214    1.19000006    2.78999996
   19.61888885  107.14099884    1.16999996    2.76999998
   19.62472153  107.14099884    1.16999996    2.78999996
   19.62888908  105.82199860    1.16999996    2.76999998
   19.63222313  101.64900208    1.16999996    2.76999998
   19.63527679  106.72699738    1.14999998    2.76999998
   19.63861084  105.01100159    1.14999998    2.78999996
   19.64194489  103.05100250    1.14999998    2.76999998
   19.64500046  104.73899841    1.14999998    2.78999996
   19.64833260  106.58200073    1.16999996    2.76999998
   19.65138817  103.96099854    1.16999996    2.78999996
   19.65472221  106.62999725    1.16999996    2.78999996
   19.65694427  109.05000305    1.16999996    2.76999998
   19.65833282  101.98200226    1.16999996    2.76999998
   19.66166687  108.58499908    1.16999996    2.76999998
   19.66749954  108.58499908    1.16999996    2.76999998
   19.67166519  107.26899719    1.16999996    2.76999998
   19.67499924   98.34719849    1.16999996    2.76999998
   19.67805481  104.06400299    1.16999996    2.75000000
   19.68138885  107.36499786    1.14999998    2.76999998
   19.68472099  101.55300140    1.14999998    2.76999998
   19.68777657  100.84600067    1.14999998    2.76999998
   19.69027710   99.63089752    1.14999998    2.78999996
   19.69138718   95.66739655    1.14999998    2.78999996
   19.69472122  104.77400208    1.14999998    2.78999996
   19.69777679  105.64900208    1.13000000    2.78999996
   19.70111275   96.74019623    1.13000000    2.76999998
   19.70444489  106.50599670    1.13000000    2.76999998
   19.71055603  106.50599670    1.13000000    2.76999998
   19.71444511  103.87100220    1.14999998    2.76999998
   19.71777916  105.50599670    1.14999998    2.76999998
   19.72111130   97.83760071    1.14999998    2.76999998
   19.72361183  105.16000366    1.14999998    2.76999998
   19.72472191  104.64399719    1.16999996    2.76999998
   19.72805595  103.96299744    1.16999996    2.76999998
   19.73111153  107.56500244    1.16999996    2.76999998
   19.73444557  101.31800079    1.16999996    2.76999998
   19.73777771  102.97399902    1.16999996    2.76999998
   19.74083328  105.56199646    1.16999996    2.76999998
   19.74416733  101.35500336    1.16999996    2.75000000
   19.74722290  105.58200073    1.16999996    2.76999998
   19.75333405  105.58200073    1.19000006    2.76999998
   19.75749969  104.18399811    1.19000006    2.75000000
   19.76055527  104.26200104    1.19000006    2.76999998
   19.76388931  101.87999725    1.19000006    2.75000000
   19.76722145  101.51999664    1.19000006    2.75000000
   19.77027702  104.53700256    1.19000006    2.76999998
   19.77361107  101.04199982    1.19000006    2.76999998
   19.77666664  110.99099731    1.19000006    2.75000000
   19.78000069  100.87200165    1.19000006    2.76999998
   19.78333282  102.37300110    1.19000006    2.76999998
   19.78638840  102.71800232    1.21000004    2.76999998
   19.78972244  104.06900024    1.19000006    2.75000000
   19.79027748  107.77200317    1.19000006    2.75000000
   19.79611015  107.77200317    1.19000006    2.75000000
   19.80027771  108.12699890    1.19000006    2.75000000
   19.80360985  103.56099701    1.19000006    2.75000000
   19.80666542  105.23899841    1.19000006    2.75000000
   19.80999947  104.45899963    1.21000004    2.75000000
   19.81305504  107.09200287    1.21000004    2.75000000
   19.81638718  108.56099701    1.21000004    2.76999998
   19.81972313  104.62699890    1.23000002    2.75000000
   19.82277870  107.14299774    1.23000002    2.76999998
   19.82361221  103.32299805    1.23000002    2.75000000
   19.82638931  107.26100159    1.23000002    2.75000000
   19.82972336  108.53600311    1.23000002    2.75000000
   19.83277893  111.44799805    1.23000002    2.75000000
   19.83889008  111.44799805    1.25000000    2.75000000
   19.84305573  107.25599670    1.23000002    2.76999998
   19.84638977  101.80300140    1.23000002    2.75000000
   19.84944534  108.72499847    1.21000004    2.75000000
   19.85277748  106.45700073    1.21000004    2.75000000
   19.85611153  104.43599701    1.21000004    2.75000000
   19.85694504  105.52799988    1.21000004    2.75000000
   19.85972214  102.31800079    1.21000004    2.76999998
   19.86305618  106.91000366    1.21000004    2.76999998
   19.86611176  103.18299866    1.19000006    2.75000000
   19.86944389  108.25299835    1.21000004    2.75000000
   19.87277794  108.81199646    1.19000006    2.75000000
   19.87583351  111.86100006    1.23000002    2.75000000
   19.88194466  111.86100006    1.23000002    2.75000000
   19.88583374  102.37699890    1.23000002    2.75000000
   19.88916588  107.63899994    1.23000002    2.75000000
   19.89027786  107.69100189    1.23000002    2.75000000
   19.89277840  113.62699890    1.23000002    2.75000000
   19.89611053  109.69100189    1.25000000    2.75000000
   19.89916611  109.60099792    1.25000000    2.75000000
   19.90250015  114.00099945    1.25000000    2.75000000
   19.90583229  109.55999756    1.25000000    2.75000000
   19.90888786  109.85199738    1.26999998    2.75000000
   19.91222191  107.61599731    1.26999998    2.75000000
   19.91555595  109.98500061    1.26999998    2.75000000
   19.91860962  107.19100189    1.26999998    2.75000000
   19.92472076  107.19100189    1.26999998    2.73000002
   19.92888832  107.46600342    1.26999998    2.73000002
   19.93194389  108.24299622    1.30999994    2.75000000
   19.93527603  106.01599884    1.28999996    2.73000002
   19.93861008  105.95099640    1.30999994    2.73000002
   19.94166565  104.84700012    1.30999994    2.75000000
   19.94499969  110.78199768    1.34000003    2.73000002
   19.94805527  109.55300140    1.34000003    2.75000000
   19.95138931  106.11000061    1.36000001    2.75000000
   19.95472336  101.05100250    1.36000001    2.73000002
   19.95722389  111.31600189    1.36000001    2.73000002
   19.95833397  113.60399628    1.36000001    2.73000002
   19.96166801  106.08899689    1.39999998    2.73000002
   19.96750069  106.08899689    1.39999998    2.75000000
   19.97166634  107.06800079    1.41999996    2.75000000
   19.97500038  108.88700104    1.41999996    2.75000000
   19.97805595  110.65200043    1.41999996    2.73000002
   19.98139000  103.10099792    1.41999996    2.73000002
   19.98444557  109.69999695    1.41999996    2.73000002
   19.98777771  110.35800171    1.44000006    2.73000002
   19.99055672  110.67099762    1.41999996    2.73000002
   19.99138832  110.59600067    1.41999996    2.73000002
   19.99472237  108.53900146    1.41999996    2.73000002
   19.99777794  106.12999725    1.41999996    2.73000002
   20.00111198  105.74099731    1.41999996    2.71000004
   20.00444412  104.76000214    1.39999998    2.73000002
   20.01027870  104.76000214    1.41999996    2.73000002
   20.01444435  113.38400269    1.44000006    2.73000002
   20.01777840  109.66200256    1.39999998    2.71000004
   20.02083397  107.49099731    1.39999998    2.71000004
   20.02388954  109.70500183    1.46000004    2.73000002
   20.02444458  109.22299957    1.46000004    2.73000002
   20.02777672  114.82099915    1.50000000    2.71000004
   20.03111076  114.14800262    1.46000004    2.73000002
   20.03416634  108.45800018    1.48000002    2.71000004
   20.03750038  100.03199768    1.48000002    2.71000004
   20.04055595  105.10500336    1.48000002    2.73000002
   20.04388809  103.95999908    1.50000000    2.71000004
   20.04722214  105.78500366    1.51999998    2.73000002
   20.05305481  105.78500366    1.60000002    2.71000004
   20.05722237  106.88600159    1.60000002    2.71000004
   20.06055450  106.93800354    1.60000002    2.69000006
   20.06388855  101.70999908    1.60000002    2.71000004
   20.06694603  109.40499878    1.58000004    2.71000004
   20.07027817  105.66000366    1.58000004    2.71000004
   20.07361221  106.84999847    1.58000004    2.71000004
   20.07666779  102.03700256    1.58000004    2.71000004
   20.08000183  104.04299927    1.60000002    2.71000004
   20.08305550  107.13899994    1.58000004    2.69000006
   20.08638954  103.62200165    1.58000004    2.71000004
   20.08972359  104.24700165    1.60000002    2.69000006
   20.09055710  108.87200165    1.61000001    2.71000004
   20.09611130  108.87200165    1.61000001    2.71000004
   20.10027885  108.57399750    1.60000002    2.69000006
   20.10333443  109.34999847    1.60000002    2.71000004
   20.10666656  110.33699799    1.58000004    2.69000006
   20.11000061  111.35199738    1.58000004    2.71000004
   20.11305618  110.05500031    1.58000004    2.71000004
   20.11638832  112.62500000    1.58000004    2.71000004
   20.11972237  109.22399902    1.58000004    2.71000004
   20.12277794  107.16799927    1.58000004    2.69000006
   20.12388992  106.55699921    1.58000004    2.69000006
   20.12638855  111.16699982    1.58000004    2.69000006
   20.12972260  114.08499908    1.58000004    2.69000006
   20.13277817  105.78700256    1.64999998    2.69000006
   20.13888931  105.78700256    1.71000004    2.69000006
   20.14305496  108.85199738    1.63000000    2.69000006
   20.14638901  109.41600037    1.60000002    2.69000006
   20.14944458  111.22000122    1.61000001    2.69000006
   20.15277672  107.92900085    1.60000002    2.69000006
   20.15583229  113.22799683    1.60000002    2.69000006
   20.15722275  110.77700043    1.60000002    2.69000006
   20.15944481  111.62699890    1.58000004    2.69000006
   20.16277695  108.12300110    1.58000004    2.69000006
   20.16611099  111.50099945    1.58000004    2.69000006
   20.16916656  106.62300110    1.58000004    2.69000006
   20.17249870  115.43299866    1.58000004    2.69000006
   20.17555428  114.33999634    1.60000002    2.69000006
   20.18166542  114.33999634    1.60000002    2.69000006
   20.18583298  108.91600037    1.61000001    2.67000008
   20.18916512  113.53600311    1.61000001    2.69000006
   20.19055557  119.15699768    1.61000001    2.69000006
   20.19277763  112.43000031    1.61000001    2.69000006
   20.19610977  104.21900177    1.60000002    2.69000006
   20.19944382  106.90100098    1.61000001    2.67000008
   20.20250130  112.23699951    1.61000001    2.67000008
   20.20583344  110.46199799    1.61000001    2.69000006
   20.20888901  107.83399963    1.61000001    2.69000006
   20.21222305  110.02200317    1.60000002    2.67000008
   20.21555710  112.73300171    1.60000002    2.67000008
   20.21861076  109.15399933    1.60000002    2.69000006
   20.22444534  109.15399933    1.61000001    2.69000006
   20.22861099  110.43800354    1.61000001    2.69000006
   20.23194504  110.60600281    1.64999998    2.67000008
   20.23527718  110.94300079    1.64999998    2.67000008
   20.23833275  116.50399780    1.66999996    2.67000008
   20.24166679  113.82499695    1.66999996    2.67000008
   20.24472237  112.25499725    1.66999996    2.67000008
   20.24805641  110.65499878    1.66999996    2.67000008
   20.25138855  112.47499847    1.66999996    2.67000008
   20.25444412  113.38300323    1.64999998    2.67000008
   20.25722313  107.25700378    1.66999996    2.67000008
   20.25805473  111.63899994    1.66999996    2.67000008
   20.26138878  112.86499786    1.64999998    2.67000008
   20.26749992  112.86499786    1.64999998    2.67000008
   20.27166557   91.44270325    1.64999998    2.67000008
