    HOUR (UT)   FLARE FACTOR    SKY TESTER    SUN TESTER
   15.47666645   -1.00000000   -1.00000000   -1.00000000
   15.51194477   -1.00000000    0.00000000    0.00000000
   15.51555538   -1.00000000    0.00000000    0.00000000
   15.51861095   -1.00000000    0.00000000    0.00000000
   15.52194405   -1.00000000    0.00000000    0.00000000
   15.52527714   23.57019997    0.00000000    0.00000000
   15.52944374   23.57019997    0.00000000    0.00000000
   15.53333378   23.57019997    0.00000000    0.00000000
   15.53666687   23.57019997    0.00000000    0.00000000
   15.53972244   38.11869812    0.00000000    0.00000000
   15.54194450   36.20920181    0.00000000    0.00000000
   15.54333401   37.86449814    0.00000000    0.00000000
   15.54666710   -1.00000000   -1.00000000   -1.00000000
   15.54972267   37.44639969    0.00000000    0.00000000
   15.55305576   56.17800140    0.00000000    0.00000000
   15.55611134   54.82089996    0.00000000    0.00000000
   15.55944443   89.96279907    0.00000000    0.00000000
   15.56250000   85.19760132    0.00000000    0.00000000
   15.56583309   57.45719910    0.00000000    0.00000000
   15.57222176   57.45719910    0.00000000    0.00000000
   15.57666683  103.86199951    0.00000000    0.00000000
   15.57972240   88.05460358    0.00000000    0.00000000
   15.58305550   83.52880096    0.00000000    0.00000000
   15.58611107   54.07789993    0.00000000    0.00000000
   15.58944416  102.81500244    0.00000000    0.00000000
   15.59249973  111.29799652    0.00000000    0.00000000
   15.59583282  107.34300232    0.00000000    0.00000000
   15.59888840  138.83799744    0.00000000    0.00000000
   15.60222244  176.73500061    0.00000000    0.00000000
   15.60527802  165.73300171    0.00000000    0.00000000
   15.60861111  144.01300049    0.00000000    0.00000000
   15.60916710  149.11599731    0.00000000    0.00000000
   15.61500072  149.11599731    0.00000000    0.00000000
   15.61916637  157.64700317    0.00000000    0.00000000
   15.62250042  168.11599731    0.00000000    0.00000000
   15.62555599  179.76600647    0.00000000    0.00000000
   15.62888908  235.66799927    0.00000000    0.00000000
   15.63194466  225.23199463    0.00000000    0.00000000
   15.63527775  268.69400024    0.00000000    0.00000000
   15.63861084  209.32299805    0.00000000    0.00000000
   15.64166641  213.58299255    0.00000000    0.00000000
   15.64249992  212.46600342    0.00000000    0.00000000
   15.64555550  216.45399475    0.00000000    0.00000000
   15.64888859  193.02000427    0.00000000    0.00000000
   15.65222168  164.87199402    0.00000000    0.00000000
   15.65777779  164.87199402    0.00000000    0.00000000
   15.66194439  129.10600281    0.00000000    0.00000000
   15.66527748   79.47429657    0.00000000    0.00000000
   15.66833401  133.38400269    0.00000000    0.00000000
   15.67166710  152.76499939    0.00000000    0.00000000
   15.67500019  181.02999878    0.00000000    0.00000000
   15.67583370  198.89399719    0.00000000    0.00000000
   15.67861176  169.29100037    0.00000000    0.00000000
   15.68194485  152.80599976    0.00000000    0.00000000
   15.68500042  124.76200104    0.00000000    0.00000000
   15.68833351  166.81100464    0.00000000    0.00000000
   15.69138908  115.00900269    0.00000000    0.00000000
   15.69555569   65.08170319    0.00000000    0.00000000
   15.70111084   65.08170319    0.00000000    0.00000000
   15.70527744   66.55049896    0.00000000    0.00000000
   15.70861053   50.66559982    0.00000000    0.00000000
   15.70916653   50.05329895    0.00000000    0.00000000
   15.71222210   58.31320190    0.00000000    0.00000000
   15.71527767   45.32630157    0.00000000    0.00000000
   15.71861076   23.57019997    0.00000000    0.00000000
   15.72166634  186.25700378    0.00000000    0.00000000
   15.72499943  165.21600342    0.00000000    0.00000000
   15.72805500  145.55700684    0.00000000    0.00000000
   15.73138809  128.40899658    0.00000000    0.00000000
   15.73472214  174.59599304    0.00000000    0.00000000
   15.73777771  167.36000061    0.00000000    0.00000000
   15.74361134  167.36000061    0.00000000    0.00000000
   15.74777794  151.14199829    0.00000000    0.00000000
   15.75083351  143.05900574    0.00000000    0.00000000
   15.75416660   23.57019997    0.00000000    0.00000000
   15.75749969   67.97450256    0.00000000    0.00000000
   15.76055527   94.48860168    0.00000000    0.00000000
   15.76388931  123.90699768    0.00000000    0.00000000
   15.76694393   76.08989716    0.00000000    0.00000000
   15.77027798   86.16459656    0.00000000    0.00000000
   15.77361107   69.14659882    0.00000000    0.00000000
   15.77583313   63.74739838    0.00000000    0.00000000
   15.77722168   75.13069916    0.00000000    0.00000000
   15.78027725   56.08760071    0.00000000    0.00000000
   15.78638935   56.08760071    0.00000000    0.00000000
   15.79055595   21.14590073    0.00000000    0.00000000
   15.79388905   -1.00000000    0.00000000    0.00000000
   15.79722309   59.93930054    0.00000000    0.00000000
   15.80055618   72.65789795    0.00000000    0.00000000
   15.80361176   56.64339828    0.00000000    0.00000000
   15.80694485   36.71239853    0.00000000    0.00000000
   15.80916691   23.57019997    0.00000000    0.00000000
   15.81055546   31.97400093    0.00000000    0.00000000
   15.81361103   33.55590057    0.00000000    0.00000000
   15.81694412   88.32820129    0.00000000    0.00000000
   15.81999969   92.95980072    0.00000000    0.00000000
   15.82333374   66.16310120    0.00000000    0.00000000
   15.82916641   66.16310120    0.00000000    0.00000000
   15.83333302   68.22750092    0.00000000    0.00000000
   15.83666611   53.43379974    0.00000000    0.00000000
   15.83972168   57.15520096    0.00000000    0.00000000
   15.84249973   86.59950256    0.00000000    0.00000000
   15.84361076   88.78070068    0.00000000    0.00000000
   15.84666634   87.81770325    0.00000000    0.00000000
   15.85000038   76.58170319    0.00000000    0.00000000
   15.85305595  111.64299774    0.00000000    0.00000000
   15.85638905  152.17999268    0.00000000    0.00000000
   15.85944462  171.33099365    0.00000000    0.00000000
   15.86277771  172.96400452    0.00000000    0.00000000
   15.86583328  148.69500732    0.00000000    0.00000000
   15.87194443  148.69500732    0.00000000    0.00000000
   15.87611103  147.50000000    0.00000000    0.00000000
   15.87944412  152.76699829    0.00000000    0.00000000
   15.88277817  171.68200684    0.00000000    0.00000000
   15.88583279  172.19000244    0.00000000    0.00000000
   15.88916683  178.14799500    0.00000000    0.00000000
   15.89222240  187.66600037    0.00000000    0.00000000
   15.89555550  178.47300720    0.00000000    0.00000000
   15.89861107  177.78300476    0.00000000    0.00000000
   15.90194416  184.90400696    0.00000000    0.00000000
   15.90527725  170.99200439    0.00000000    0.00000000
   15.90833282  200.29499817    0.00000000    0.00000000
   15.90916634  219.32699585    0.00000000    0.00000000
   15.91499996  219.32699585    0.00000000    0.00000000
   15.91888905  433.50201416    0.00000000    0.00000000
   15.92111111  371.41101074    0.00000000    0.00000000
   15.92222214  436.42300415    0.00000000    0.00000000
   15.92361164  372.19699097    0.00000000    0.00000000
   15.92500019  231.78100586    0.00000000    0.00000000
   15.92527771  178.47300720    0.00000000    0.00000000
   15.92527771  177.78300476    0.00000000    0.00000000
   15.92527771  184.90400696    0.00000000    0.00000000
   15.92555618  170.99200439    0.00000000    0.00000000
   15.92555618  200.29499817    0.00000000    0.00000000
   15.92555618  433.50201416    0.00000000    0.00000000
   15.92583370  172.19000244    0.00000000    0.00000000
   15.92583370  178.14799500    0.00000000    0.00000000
   15.92583370  187.66600037    0.00000000    0.00000000
   15.92638874  229.41600037    0.00000000    0.00000000
   15.92972279  200.39900208    0.00000000    0.00000000
   15.93277836  268.59500122    0.00000000    0.00000000
   15.93611145  442.52099609    0.00000000    0.00000000
   15.93805599  454.23400879    0.00000000    0.00000000
   15.93944454  456.38299561    0.00000000    0.00000000
   15.94083309  440.00799561    0.00000000    0.00000000
   15.94222260  438.41101074    0.00000000    0.00000000
   15.94361115  384.71499634    0.00000000    0.00000000
   15.94499969  362.07299805    0.00000000    0.00000000
   15.94638920  357.50500488    0.00000000    0.00000000
   15.94777775  369.94500732    0.00000000    0.00000000
   15.94916630  361.54998779    0.00000000    0.00000000
   15.95055580  353.03900146    0.00000000    0.00000000
   15.95194435  329.39599609    0.00000000    0.00000000
   15.95194435  229.41600037    0.00000000    0.00000000
   15.95222187  200.39900208    0.00000000    0.00000000
   15.95222187  268.59500122    0.00000000    0.00000000
   15.95222187  442.52099609    0.00000000    0.00000000
   15.95277786  303.14999390    0.00000000    0.00000000
   15.95611095  271.14498901    0.00000000    0.00000000
   15.95916653  285.75000000    0.00000000    0.00000000
   15.96249962  290.64599609    0.00000000    0.00000000
   15.96555519  288.44699097    0.00000000    0.00000000
   15.96888828  246.25799561    0.00000000    0.00000000
   15.97305489  246.25799561    0.00000000    0.00000000
   15.97722149  258.91799927    0.00000000    0.00000000
   15.98027706  253.61799622    0.00000000    0.00000000
   15.98361111  251.68299866    0.00000000    0.00000000
   15.98583317  266.98199463    0.00000000    0.00000000
   15.98694515  247.51199341    0.00000000    0.00000000
   15.99027824  240.00799561    0.00000000    0.00000000
   15.99333382  245.05000305    0.00000000    0.00000000
   15.99666691  270.75698853    0.00000000    0.00000000
   16.00000000  255.03399658    0.00000000    0.00000000
   16.00305557  248.12500000    0.00000000    0.00000000
   16.00638962  244.59899902    0.00000000    0.00000000
   16.00944519  242.82499695    0.00000000    0.00000000
   16.01583290  242.82499695    0.00000000    0.00000000
   16.02000046  302.73599243    0.00000000    0.00000000
   16.02305603  259.95001221    0.00000000    0.00000000
   16.02638817  252.07200623    0.00000000    0.00000000
   16.02972221  245.61000061    0.00000000    0.00000000
   16.03277779  239.76499939    0.00000000    0.00000000
   16.03610992  267.17999268    0.00000000    0.00000000
   16.03916550  249.28500366    0.00000000    0.00000000
   16.04249954  216.48800659    0.00000000    0.00000000
   16.04583359  249.48199463    0.00000000    0.00000000
   16.04888916  257.39599609    0.00000000    0.00000000
   16.05222130  252.16200256    0.00000000    0.00000000
   16.05277634  211.92999268    0.00000000    0.00000000
   16.05861092  211.92999268    0.00000000    0.00000000
   16.06277657  235.56799316    0.00000000    0.00000000
   16.06611061  230.33000183    0.00000000    0.00000000
   16.06916809  232.83700562    0.00000000    0.00000000
   16.07250023  227.87300110    0.00000000    0.00000000
   16.07555580  223.17399597    0.00000000    0.00000000
   16.07888985  256.20800781    0.00000000    0.00000000
   16.08194542  234.85400391    0.00000000    0.00000000
   16.08527756  235.84599304    0.00000000    0.00000000
   16.08611107  248.29800415    0.00000000    0.00000000
   16.08889008  207.12199402    0.00000000    0.00000000
   16.09222221  226.45799255    0.00000000    0.00000000
   16.09527779  220.74299622    0.00000000    0.00000000
   16.10166740  220.74299622    0.00000000    0.00000000
   16.10555649  182.09599304    0.00000000    0.00000000
   16.10888863  198.46000671    0.00000000    0.00000000
   16.11222267  201.55499268    0.00000000    0.00000000
   16.11527824  223.60099792    0.00000000    0.00000000
   16.11861038  193.19599915    0.00000000    0.00000000
   16.11944389  230.51199341    0.00000000    0.00000000
   16.12194443  180.17999268    0.00000000    0.00000000
   16.12527847  208.77999878    0.00000000    0.00000000
   16.12833405  210.61999512    0.00000000    0.00000000
   16.13166618  214.78900146    0.00000000    0.00000000
   16.13472176  216.95100403    0.00000000    0.00000000
   16.13805580  222.23399353    0.00000000    0.00000000
   16.14444351  222.23399353    0.00000000    0.00000000
   16.14861107  208.34100342    0.00000000    0.00000000
   16.15166664  217.92399597    0.00000000    0.00000000
   16.15277672  204.70300293    0.00000000    0.00000000
   16.15527725  228.80499268    0.00000000    0.00000000
   16.15861130  235.57699585    0.00000000    0.00000000
   16.16166687  218.74200439    0.00000000    0.00000000
   16.16499901  206.39300537    0.00000000    0.00000000
   16.16805458  222.84199524    0.00000000    0.00000000
   16.17138863  212.40800476    0.00000000    0.00000000
   16.17444420  222.11999512    0.00000000    0.00000000
   16.17777634  199.71099854    0.00000000    0.00000000
   16.18111038  228.55299377    0.00000000    0.00000000
   16.18722153  228.55299377    0.00000000    0.00000000
   16.19138718  187.73699951    0.00000000    0.00000000
   16.19444275  182.92300415    0.00000000    0.00000000
   16.19777679  175.32099915    0.00000000    0.00000000
   16.20111275  206.84300232    0.00000000    0.00000000
   16.20416832  195.04699707    0.00000000    0.00000000
   16.20750046  186.41000366    0.00000000    0.00000000
   16.21055603  196.27299500    0.00000000    0.00000000
   16.21389008  207.15499878    0.00000000    0.00000000
   16.21694565  189.30000305    0.00000000    0.00000000
   16.21944427  196.30599976    0.00000000    0.00000000
   16.22055626  237.71499634    0.00000000    0.00000000
   16.22389030  192.76100159    0.00000000    0.00000000
   16.23000145  192.76100159    0.00000000    0.00000000
   16.23416710  217.81500244    0.00000000    0.00000000
   16.23750114  205.20799255    0.00000000    0.00000000
   16.24055672  185.51699829    0.00000000    0.00000000
   16.24388885  205.07600403    0.00000000    0.00000000
   16.24694443  193.16299438    0.00000000    0.00000000
   16.25027847  173.92799377    0.00000000    0.00000000
   16.25277710  194.38999939    0.00000000    0.00000000
   16.25388908  187.87100220    0.00000000    0.00000000
   16.25722313  208.33599854    0.00000000    0.00000000
   16.26027870  193.87600708    0.00000000    0.00000000
   16.26361084  184.94200134    0.00000000    0.00000000
   16.26666641  207.13000488    0.00000000    0.00000000
   16.27305603  207.13000488    0.00000000    0.00000000
   16.27694511  217.33799744    0.00000000    0.00000000
   16.28027725  209.35800171    0.00000000    0.00000000
   16.28333282  209.06700134    0.00000000    0.00000000
   16.28610992  191.59899902    0.00000000    0.00000000
   16.28694344  223.51699829    0.00000000    0.00000000
   16.29027748  208.83399963    0.00000000    0.00000000
   16.29333305  206.93899536    0.00000000    0.00000000
   16.29666710  203.03999329    0.00000000    0.00000000
   16.29972076  200.68499756    0.00000000    0.00000000
   16.30305481  217.26400757    0.00000000    0.00000000
   16.30611038  205.74600220    0.00000000    0.00000000
   16.30944443  196.21699524    0.00000000    0.00000000
   16.31583214  196.21699524    0.00000000    0.00000000
   16.32000160  200.56100464    0.00000000    0.00000000
   16.32305717  206.49200439    0.00000000    0.00000000
   16.32638931  196.08399963    0.00000000    0.00000000
   16.32944489  198.00000000    0.00000000    0.00000000
   16.33277893  209.67900085    0.00000000    0.00000000
   16.33583450  202.47999573    0.00000000    0.00000000
   16.33916664  206.40899658    0.00000000    0.00000000
   16.34222221  198.39100647    0.00000000    0.00000000
   16.34555626  189.21600342    0.00000000    0.00000000
   16.34889030  203.88200378    0.00000000    0.00000000
   16.35194397  204.68600464    0.00000000    0.00000000
   16.35277748  193.49099731    0.00000000    0.00000000
   16.35861206  193.49099731    0.00000000    0.00000000
   16.36277771  195.10000610    0.00000000    0.00000000
   16.36611176  199.14700317    0.00000000    0.00000000
   16.36916733  205.70300293    0.00000000    0.00000000
   16.37249947  200.61599731    0.00000000    0.00000000
   16.37555504  222.69299316    0.00000000    0.00000000
   16.37888908  300.68200684    0.00000000    0.00000000
   16.38194466  239.49899292    0.00000000    0.00000000
   16.38527679  255.22399902    0.00000000    0.00000000
   16.38611031  268.70001221    0.00000000    0.00000000
   16.38888931  277.32901001    0.00000000    0.00000000
   16.39222145  227.39599609    0.00000000    0.00000000
   16.39527702  214.05299377    0.00000000    0.00000000
   16.40138817  214.05299377    0.00000000    0.00000000
   16.40555573  179.23800659    0.00000000    0.00000000
   16.40888786  197.08700562    0.00000000    0.00000000
   16.41194344  195.05599976    0.00000000    0.00000000
   16.41527748  191.89700317    0.00000000    0.00000000
   16.41833305  190.82299805    0.00000000    0.00000000
   16.41944313  189.58099365    0.00000000    0.00000000
   16.42194366  191.52000427    0.00000000    0.00000000
   16.42527771  183.98199463    0.00000000    0.00000000
   16.42833328  194.08000183    0.00000000    0.00000000
   16.43166542  201.46600342    0.00000000    0.00000000
   16.43499947  186.16600037    0.00000000    0.00000000
   16.43805504  183.17599487    0.00000000    0.00000000
   16.44444275  183.17599487    0.00000000    0.00000000
   16.44833183  188.94000244    0.00000000    0.00000000
   16.45166779  187.45100403    0.00000000    0.00000000
   16.45277786  195.51400757    0.00000000    0.00000000
   16.45527840  188.74200439    0.00000000    0.00000000
   16.45861244  183.10600281    0.00000000    0.00000000
   16.46166801  200.34599304    0.00000000    0.00000000
   16.46500015  179.40899658    0.00000000    0.00000000
   16.46805573  186.94799805    0.00000000    0.00000000
   16.47138977  179.37500000    0.00000000    0.00000000
   16.47472191  173.79600525    0.00000000    0.00000000
   16.47777748  182.53700256    0.00000000    0.00000000
   16.48111153  180.51100159    0.00000000    0.00000000
   16.48722267  180.51100159    0.00000000    0.00000000
   16.49138832  192.52600098    0.00000000    0.00000000
   16.49444389  174.19700623    0.00000000    0.00000000
   16.49777794  183.63900757    0.00000000    0.00000000
   16.50083351  172.24400330    0.00000000    0.00000000
   16.50416756  181.99800110    0.00000000    0.00000000
   16.50722313  194.05799866    0.00000000    0.00000000
   16.52611160  171.86199951    0.00000000    0.00000000
   16.53027725  171.86199951    0.00000000    0.00000000
   16.53416634  192.13400269    0.00000000    0.00000000
   16.53750038  170.90899658    0.00000000    0.00000000
   16.54055595  193.18200684    0.00000000    0.00000000
   16.54388809  177.90400696    0.00000000    0.00000000
   16.54722214  177.31500244    0.00000000    0.00000000
   16.55027771  190.06100464    0.00000000    0.00000000
   16.55360985  172.79400635    0.00000000    0.00000000
   16.55666542  179.10499573    0.00000000    0.00000000
   16.55916595  188.80700684    0.00000000    0.00000000
   16.56027794  189.95300293    0.00000000    0.00000000
   16.56333351  193.02099609    0.00000000    0.00000000
   16.56666756  191.80000305    0.00000000    0.00000000
   16.57305717  191.80000305    0.00000000    0.00000000
   16.57722282  195.63600159    0.00000000    0.00000000
   16.58027840  180.16099548    0.00000000    0.00000000
   16.58361244  181.85099792    0.00000000    0.00000000
   16.58666801  191.66600037    0.00000000    0.00000000
   16.59000015  172.43899536    0.00000000    0.00000000
   16.59250069  171.25999451    0.00000000    0.00000000
   16.59361267  192.26499939    0.00000000    0.00000000
   16.59666824  182.49400330    0.00000000    0.00000000
   16.60000038  174.99699402    0.00000000    0.00000000
   16.60305595  171.11900330    0.00000000    0.00000000
   16.60639000  172.74699402    0.00000000    0.00000000
   16.60972214  180.79400635    0.00000000    0.00000000
   16.61583328  180.79400635    0.00000000    0.00000000
   16.62000084  168.32000732    0.00000000    0.00000000
   16.62305641  177.58799744    0.00000000    0.00000000
   16.62583351  182.45500183    0.00000000    0.00000000
   16.62694550  177.06599426    0.00000000    0.00000000
   16.63000107  176.97099304    0.00000000    0.00000000
   16.63333321  183.81399536    0.00000000    0.00000000
   16.63638878  172.12500000    0.00000000    0.00000000
   16.63972282  185.65699768    0.00000000    0.00000000
   16.64305496  171.98199463    0.00000000    0.00000000
   16.64611053  187.42100525    0.00000000    0.00000000
   16.64944458  174.29600525    0.00000000    0.00000000
   16.65250015  180.10099792    0.00000000    0.00000000
   16.65861130  180.10099792    0.00000000    0.00000000
   16.66277695  187.13000488    0.00000000    0.00000000
   16.66611099  165.29800415    0.00000000    0.00000000
   16.66916656  174.46600342    0.00000000    0.00000000
   16.67249870  173.16400146    0.00000000    0.00000000
   16.67555428  174.32000732    0.00000000    0.00000000
   16.67888832  179.87399292    0.00000000    0.00000000
   16.68194389  186.49699402    0.00000000    0.00000000
   16.68527603  198.75500488    0.00000000    0.00000000
   16.68861008  178.84399414    0.00000000    0.00000000
   16.69166565  178.79299927    0.00000000    0.00000000
   16.69388771  177.20199585    0.00000000    0.00000000
   16.69527626  197.35099792    0.00000000    0.00000000
   16.70166779  197.35099792    0.00000000    0.00000000
   16.70555687  187.32099915    0.00000000    0.00000000
   16.70888901  178.59399414    0.00000000    0.00000000
   16.71222305  175.08599854    0.00000000    0.00000000
   16.71527863  169.09599304    0.00000000    0.00000000
   16.71861076  172.96099854    0.00000000    0.00000000
   16.72166634  180.47900391    0.00000000    0.00000000
   16.72500038  165.89500427    0.00000000    0.00000000
   16.72722244  178.32400513    0.00000000    0.00000000
   16.72861099  179.73399353    0.00000000    0.00000000
   16.73194504  190.62300110    0.00000000    0.00000000
   16.73500061  205.41000366    0.00000000    0.00000000
   16.73833275  204.22799683    0.00000000    0.00000000
   16.74444389  204.22799683    0.00000000    0.00000000
   16.74861145  178.51199341    0.00000000    0.00000000
   16.75166702  177.49600220    0.00000000    0.00000000
   16.75499916  181.31399536    0.00000000    0.00000000
   16.75805473  184.83000183    0.00000000    0.00000000
   16.76055527  156.56199646    0.00000000    0.00000000
   16.76166725  179.91900635    0.00000000    0.00000000
   16.76472282  212.47900391    0.00000000    0.00000000
   16.76805496  202.61000061    0.00000000    0.00000000
   16.77138901  204.95799255    0.00000000    0.00000000
   16.77444458  206.72300720    0.00000000    0.00000000
   16.77777672  234.07400513    0.00000000    0.00000000
   16.78083229  239.19200134    0.00000000    0.00000000
   16.78722191  239.19200134    0.00000000    0.00000000
   16.79138756  199.98100281    0.00000000    0.00000000
   16.79388809  232.65899658    0.00000000    0.00000000
   16.79500008  231.74200439    0.00000000    0.00000000
   16.79805565  232.01899719    0.00000000    0.00000000
   16.80138779  230.06500244    0.00000000    0.00000000
   16.80472183  200.01300049    0.00000000    0.00000000
   16.80777740  213.10099792    0.00000000    0.00000000
   16.81110954  219.24800110    0.00000000    0.00000000
   16.81416512  228.47700500    0.00000000    0.00000000
   16.81750107  236.50599670    0.00000000    0.00000000
   16.82055664  223.18800354    0.00000000    0.00000000
   16.82389069  207.22700500    0.00000000    0.00000000
   16.83000183  207.22700500    0.00000000    0.00000000
   16.83416748  216.22900391    0.00000000    0.00000000
   16.83750153  193.10099792    0.00000000    0.00000000
   16.84055710  207.93699646    0.00000000    0.00000000
   16.84388924  212.45399475    0.00000000    0.00000000
   16.84694481  202.63999939    0.00000000    0.00000000
   16.85027885  204.14900208    0.00000000    0.00000000
   16.85361099  181.96099854    0.00000000    0.00000000
   16.85666656  206.80499268    0.00000000    0.00000000
   16.86000061  199.15499878    0.00000000    0.00000000
   16.86111069  194.63699341    0.00000000    0.00000000
   16.86333466  191.69999695    0.00000000    0.00000000
   16.86666679  201.47000122    0.00000000    0.00000000
   16.87305641  201.47000122    0.00000000    0.00000000
   16.87694550  200.37399292    0.00000000    0.00000000
   16.88027763  197.99400330    0.00000000    0.00000000
   16.88361168  194.02099609    0.00000000    0.00000000
   16.88666725  199.24000549    0.00000000    0.00000000
   16.88999939  191.47599792    0.00000000    0.00000000
   16.89305496  202.31199646    0.00000000    0.00000000
   16.89444351  200.40400696    0.00000000    0.00000000
   16.89666748  207.70199585    0.00000000    0.00000000
   16.89999962  200.36199951    0.00000000    0.00000000
   16.90305519  189.60800171    0.00000000    0.00000000
   16.90638924  196.32800293    0.00000000    0.00000000
   16.90944481  192.14100647    0.00000000    0.00000000
   16.91583252  192.14100647    0.00000000    0.00000000
   16.92000008  196.56500244    0.00000000    0.00000000
   16.92305565  182.43499756    0.00000000    0.00000000
   16.92638779  191.97000122    0.00000000    0.00000000
   16.92777634  191.25399780    0.00000000    0.00000000
   16.93000031  187.32699585    0.00000000    0.00000000
   16.93333244  179.87899780    0.00000000    0.00000000
   16.93638802  185.27299500    0.00000000    0.00000000
   16.93972206  187.16600037    0.00000000    0.00000000
   16.94277763  184.72599792    0.00000000    0.00000000
   16.94610977  179.39599609    0.00000000    0.00000000
   16.94916534  173.89700317    0.00000000    0.00000000
   16.95250130  185.93800354    0.00000000    0.00000000
   16.95861244  185.93800354    0.00000000    0.00000000
   16.96277809  176.73100281    0.00000000    0.00000000
   16.96583366  190.77600098    0.00000000    0.00000000
   16.96916771  173.15899658    0.00000000    0.00000000
   16.97249985  171.58299255    0.00000000    0.00000000
   16.97555542  180.67100525    0.00000000    0.00000000
   16.97888947  166.70599365    0.00000000    0.00000000
   16.98194504  170.43600464    0.00000000    0.00000000
   16.98527718  169.42500305    0.00000000    0.00000000
   16.98833275  177.99699402    0.00000000    0.00000000
   16.99166679  171.73699951    0.00000000    0.00000000
   16.99444389  172.87500000    0.00000000    0.00000000
   16.99527740  170.20599365    0.00000000    0.00000000
   17.00138855  170.20599365    0.00000000    0.00000000
   17.00555611  173.07400513    0.00000000    0.00000000
   17.00888824  168.47300720    0.00000000    0.00000000
   17.01194382  169.88200378    0.00000000    0.00000000
   17.01527786  175.96600342    0.00000000    0.00000000
   17.01833344  170.14500427    0.00000000    0.00000000
   17.02166557  176.46600342    0.00000000    0.00000000
   17.02472115  169.31900024    0.00000000    0.00000000
   17.02777672  171.15199280    0.00000000    0.00000000
   17.02833366  169.53700256    0.00000000    0.00000000
   17.03166580  174.43800354    0.00000000    0.00000000
   17.03472137  166.83799744    0.00000000    0.00000000
   17.03805542  164.99099731    0.00000000    0.00000000
   17.04444313  164.99099731    0.00000000    0.00000000
   17.04833221  162.39100647    0.00000000    0.00000000
   17.05166626  170.54499817    0.00000000    0.00000000
   17.05499840  171.47000122    0.00000000    0.00000000
   17.05805397  171.72300720    0.00000000    0.00000000
   17.06110954  174.46200562    0.00000000    0.00000000
   17.06166649  178.66200256    0.00000000    0.00000000
   17.06499863  175.58099365    0.00000000    0.00000000
   17.06805611  175.84700012    0.00000000    0.00000000
   17.07139015  193.41499329    0.00000000    0.00000000
   17.07444572  179.28199768    0.00000000    0.00000000
   17.07777786  176.00599670    0.00000000    0.00000000
   17.08083344  178.52400208    0.00000000    0.00000000
   17.08722305  178.52400208    0.00000000    0.00000000
   17.09138870  174.31700134    0.00000000    0.00000000
   17.09472275  185.29899597    0.00000000    0.00000000
   17.09527779  184.51800537    0.00000000    0.00000000
   17.09861183  180.81900024    0.00000000    0.00000000
   17.10166740  180.77900696    0.00000000    0.00000000
   17.10499954  170.18800354    0.00000000    0.00000000
   17.10833359  179.68099976    0.00000000    0.00000000
   17.11138916  189.75399780    0.00000000    0.00000000
   17.11472321  192.49699402    0.00000000    0.00000000
   17.11777878  171.69900513    0.00000000    0.00000000
   17.12111092  198.75500488    0.00000000    0.00000000
   17.12444496  190.86099243    0.00000000    0.00000000
   17.13000107  190.86099243    0.00000000    0.00000000
   17.13416672  177.83999634    0.00000000    0.00000000
   17.13750076  176.45700073    0.00000000    0.00000000
   17.14055634  197.32699585    0.00000000    0.00000000
   17.14388847  169.21499634    0.00000000    0.00000000
   17.14722252  173.99899292    0.00000000    0.00000000
   17.15055466  172.44299316    0.00000000    0.00000000
   17.15361023  171.79400635    0.00000000    0.00000000
   17.15694427  202.93800354    0.00000000    0.00000000
   17.15999985  189.78700256    0.00000000    0.00000000
   17.16138840  191.07899475    0.00000000    0.00000000
   17.16361046  184.62300110    0.00000000    0.00000000
   17.16694450  167.69299316    0.00000000    0.00000000
   17.17277718  167.69299316    0.00000000    0.00000000
   17.17694473  179.54200745    0.00000000    0.00000000
   17.18027687  170.48199463    0.00000000    0.00000000
   17.18361092  180.06399536    0.00000000    0.00000000
   17.18666649  168.59199524    0.00000000    0.00000000
   17.18999863  187.60600281    0.00000000    0.00000000
   17.19333267  183.85699463    0.00000000    0.00000000
   17.19472122  173.49000549    0.00000000    0.00000000
   17.19666672  172.81799316    0.00000000    0.00000000
   17.20000076  190.37699890    0.00000000    0.00000000
   17.20333481  185.36700439    0.00000000    0.00000000
   17.20639038  168.61799622    0.00000000    0.00000000
   17.20972252  186.65299988    0.00000000    0.00000000
   17.21583366  186.65299988    0.00000000    0.00000000
   17.21972275  175.18899536    0.00000000    0.00000000
   17.22305679  167.44599915    0.00000000    0.00000000
   17.22638893  191.44500732    0.00000000    0.00000000
   17.22805595  178.63900757    0.00000000    0.00000000
   17.23000145  195.88900757    0.00000000    0.00000000
   17.23333359  178.72000122    0.00000000    0.00000000
   17.23638916  173.39100647    0.00000000    0.00000000
   17.23972321  170.43299866    0.00000000    0.00000000
   17.24277878  186.31300354    0.00000000    0.00000000
   17.24611092  187.05499268    0.00000000    0.00000000
   17.24944496  187.70100403    0.00000000    0.00000000
   17.25250053  176.43099976    0.00000000    0.00000000
   17.25861168  176.43099976    0.00000000    0.00000000
   17.26277733  185.60299683    0.00000000    0.00000000
   17.26583290  168.99299622    0.00000000    0.00000000
   17.26916695  163.25500488    0.00000000    0.00000000
   17.27249908  174.36300659    0.00000000    0.00000000
   17.27555466  177.42199707    0.00000000    0.00000000
   17.27888870  169.97500610    0.00000000    0.00000000
   17.28194427  175.36900330    0.00000000    0.00000000
   17.28527641  176.46800232    0.00000000    0.00000000
   17.28861046  177.33200073    0.00000000    0.00000000
   17.29166603  176.13900757    0.00000000    0.00000000
   17.29500008  176.69400024    0.00000000    0.00000000
   17.29527664  165.89999390    0.00000000    0.00000000
   17.30138779  165.89999390    0.00000000    0.00000000
   17.30555534  214.00500488    0.00000000    0.00000000
   17.30888748  199.88999939    0.00000000    0.00000000
   17.31194305  223.54400635    0.00000000    0.00000000
   17.31527710  212.50700378    0.00000000    0.00000000
   17.31861115  257.35501099    0.00000000    0.00000000
   17.32166672  247.89599609    0.00000000    0.00000000
   17.32500076  258.04000854    0.00000000    0.00000000
   17.32833481  270.91799927    0.00000000    0.00000000
   17.32861137  268.81600952    0.00000000    0.00000000
   17.33194542  244.75999451    0.00000000    0.00000000
   17.33500099  247.19799805    0.00000000    0.00000000
   17.33833313  231.00799561    0.00000000    0.00000000
   17.34444427  231.00799561    0.00000000    0.00000000
   17.34833336  269.38400269    0.00000000    0.00000000
   17.35166740  252.32400513    0.73000002    2.84999990
   17.35499954  247.74400330    0.73000002    2.84999990
   17.35805511  239.96099854    0.73000002    2.84999990
   17.36138916  216.91799927    0.73000002    2.84999990
   17.36194420  223.19599915    0.73000002    2.84999990
   17.36499977  243.43099976    0.73000002    2.84999990
   17.36833382  248.59500122    0.73000002    2.84999990
   17.37166595  228.36099243    0.73000002    2.84999990
   17.37472153  252.82499695    0.73000002    2.84999990
   17.37805557  278.66400146    0.73000002    2.84999990
   17.38111115  247.29499817    0.73000002    2.84999990
   17.38722229  247.29499817    0.73000002    2.84999990
   17.39111137  260.17498779    0.73000002    2.84999990
   17.39444351  259.63000488    0.73000002    2.84999990
   17.39527702  259.77999878    0.73000002    2.84999990
   17.39805603  261.26199341    0.73000002    2.84999990
   17.40138817  248.41799927    0.73000002    2.84999990
   17.40472221  253.84800720    0.73000002    2.84999990
   17.40777779  260.25900269    0.73000002    2.84999990
   17.41110992  249.45500183    0.73000002    2.84999990
   17.41416550  255.45500183    0.73000002    2.84999990
   17.41749954  251.36999512    0.73000002    2.84999990
   17.42083359  232.17199707    0.73000002    2.84999990
   17.42388916  221.92700195    0.73000002    2.84999990
   17.43000031  221.92700195    0.73000002    2.84999990
   17.43416595  220.45599365    0.73000002    2.84999990
   17.43722153  223.51600647    0.73000002    2.84999990
   17.44055557  228.77099609    0.73000002    2.84999990
   17.44388771  222.52200317    0.73000002    2.84999990
   17.44694328  213.49099731    0.73000002    2.84999990
   17.45027924  194.08900452    0.73000002    2.84999990
   17.45333481  205.37300110    0.73000002    2.84999990
   17.45666695  211.63900757    0.73000002    2.84999990
   17.46000099  215.52299500    0.73000002    2.84999990
   17.46194458  217.14700317    0.73000002    2.84999990
   17.46361160  215.94900513    0.73000002    2.84999990
   17.46694565  212.70799255    0.73000002    2.84999990
   17.47277832  212.70799255    0.73000002    2.84999990
   17.47694588  215.44299316    0.73000002    2.84999990
   17.48027802  199.85400391    0.73000002    2.84999990
   17.48333359  201.77900696    0.73000002    2.84999990
   17.48666763  179.83299255    0.73000002    2.84999990
   17.48999977  190.99099731    0.73000002    2.84999990
   17.49305534  186.76400757    0.73000002    2.84999990
   17.49527740  204.68699646    0.73000002    2.84999990
   17.49666786  196.35800171    0.73000002    2.84999990
   17.50000000  178.14599609    0.73000002    2.84999990
   17.50333405  192.55900574    0.73000002    2.84999990
   17.50638962  189.41299438    0.73000002    2.84999990
   17.50972176  176.04899597    0.73000002    2.84999990
   17.51555634  176.04899597    0.73000002    2.84999990
   17.51972198  178.46000671    0.73000002    2.84999990
   17.52305603  183.28199768    0.73000002    2.84999990
   17.52638817  175.23599243    0.73000002    2.84999990
   17.54333305  188.27799988    0.73000002    2.84999990
   17.54638863  182.69900513    0.73000002    2.84999990
   17.54944420  181.36300659    0.73000002    2.84999990
   17.55277634  181.19599915    0.73000002    2.84999990
   17.55888748  181.19599915    0.73000002    2.84999990
   17.56277657  193.63000488    0.73000002    2.84999990
   17.56611061  184.17500305    0.73000002    2.84999990
   17.56944466  182.97300720    0.73000002    2.84999990
   17.57250023  192.71000671    0.73000002    2.84999990
   17.57583427  181.23599243    0.73000002    2.84999990
   17.57666779  187.91700745    0.73000002    2.84999990
   17.57944489  178.32299805    0.73000002    2.84999990
   17.58277893  172.88200378    0.73000002    2.84999990
   17.58611107  170.27400208    0.73000002    2.84999990
   17.58916664  174.05099487    0.73000002    2.84999990
   17.59250069  175.53100586    0.73000002    2.84999990
   17.59555626  173.13699341    0.73000002    2.84999990
   17.60166740  173.13699341    0.73000002    2.84999990
   17.60583305  173.30200195    0.73000002    2.84999990
   17.60888863  175.55299377    0.73000002    2.84999990
   17.61000061  174.14500427    0.73000002    2.84999990
   17.61250114  179.39199829    0.73000002    2.84999990
   17.61583328  179.02600098    0.73000002    2.84999990
   17.61916733  167.35200500    0.73000002    2.84999990
   17.62222290  177.12399292    0.73000002    2.84999990
   17.62555504  173.93499756    0.73000002    2.84999990
   17.62888908  174.98500061    0.73000002    2.84999990
   17.63194466  173.42199707    0.73000002    2.84999990
   17.63527679  168.85400391    0.73000002    2.84999990
   17.63861084  170.19099426    0.73000002    2.84999990
   17.64444351  170.19099426    0.73000002    2.84999990
   17.64861107  162.57299805    0.73000002    2.84999990
   17.65194321  172.64300537    0.73000002    2.84999990
   17.65499878  166.64500427    0.73000002    2.84999990
   17.65833282  169.28500366    0.73000002    2.84999990
   17.66138840  173.34899902    0.73000002    2.84999990
   17.66472244  168.76400757    0.73000002    2.84999990
   17.66805458  176.83999634    0.73000002    2.84999990
   17.67111015  168.78900146    0.73000002    2.84999990
   17.67444420  171.39599609    0.73000002    2.84999990
   17.67666626  175.03500366    0.73000002    2.84999990
   17.67805481  168.25700378    0.73000002    2.84999990
   17.68138885  161.32400513    0.73000002    2.84999990
   17.68722153  161.32400513    0.73000002    2.84999990
   17.69138718  185.36799622    0.73000002    2.84999990
   17.69472122  171.58900452    0.73000002    2.84999990
   17.69777679  171.82600403    0.73000002    2.84999990
   17.70111275  172.54100037    0.73000002    2.84999990
   17.70444489  174.91799927    0.73000002    2.84999990
   17.70750046  173.37399292    0.73000002    2.84999990
   17.71000099  180.13800049    0.73000002    2.84999990
   17.71111107  172.22799683    0.73000002    2.84999990
   17.71444511  169.95199585    0.73000002    2.84999990
   17.71777916  163.94900513    0.73000002    2.84999990
   17.72083473  174.68899536    0.73000002    2.84999990
   17.72416687  182.26300049    0.73000002    2.84999990
   17.73027802  182.26300049    0.73000002    2.84999990
   17.73416710  170.71899414    0.73000002    2.84999990
   17.73750114  174.02400208    0.73000002    2.84999990
   17.74083328  175.64100647    0.73000002    2.84999990
   17.74333382  173.99099731    0.73000002    2.84999990
   17.74416733  172.54499817    0.73000002    2.84999990
   17.74749947  173.12500000    0.73000002    2.84999990
   17.75083351  175.90699768    0.73000002    2.84999990
   17.75388908  171.94099426    0.73000002    2.84999990
   17.75722313  169.10699463    0.73000002    2.84999990
   17.76055527  171.19900513    0.73000002    2.84999990
   17.76361084  169.51499939    0.73000002    2.84999990
   17.76694489  165.87699890    0.73000002    2.84999990
   17.77305603  165.87699890    0.73000002    2.84999990
   17.77722168  169.74600220    0.73000002    2.84999990
   17.78027725  182.66099548    0.73000002    2.84999990
   17.78361130  186.23100281    0.73000002    2.84999990
   17.78694344  170.71200562    0.73000002    2.84999990
   17.78999901  177.65600586    0.73000002    2.84999990
   17.79333305  169.68099976    0.73000002    2.84999990
   17.79638863  182.44400024    0.73000002    2.84999990
   17.79972076  170.57800293    0.73000002    2.84999990
   17.80305481  181.66299438    0.73000002    2.84999990
   17.80611038  168.53700256    0.73000002    2.84999990
   17.80944443  171.05499268    0.73000002    2.84999990
   17.80999947  174.71299744    0.73000002    2.84999990
   17.81583214  174.71299744    0.73000002    2.84999990
   17.82000160  161.10400391    0.73000002    2.84999990
   17.82333374  172.38999939    0.73000002    2.84999990
   17.82638931  163.37600708    0.73000002    2.84999990
   17.82972336  176.96000671    0.73000002    2.84999990
   17.83305550  175.02299500    0.73000002    2.84999990
   17.83611107  167.20500183    0.73000002    2.84999990
   17.83944511  170.80000305    0.73000002    2.84999990
   17.84250069  170.84599304    0.73000002    2.84999990
   17.84333420  168.06799316    0.73000002    2.84999990
   17.84638977  162.29499817    0.73000002    2.84999990
   17.84944534  167.52000427    0.73000002    2.84999990
   17.85277748  163.97200012    0.73000002    2.84999990
   17.85861206  163.97200012    0.73000002    2.84999990
   17.86277771  164.80900574    0.73000002    2.84999990
   17.86611176  161.45599365    0.73000002    2.84999990
   17.86916733  168.38099670    0.73000002    2.84999990
   17.87249947  169.53199768    0.73000002    2.84999990
   17.87583351  161.19400024    0.73000002    2.84999990
   17.87666702  166.39700317    0.73000002    2.84999990
   17.87944412  168.45100403    0.73000002    2.84999990
   17.88249969  160.84599304    0.73000002    2.84999990
   17.88583374  165.73899841    0.73000002    2.84999990
   17.88916588  170.49600220    0.73000002    2.84999990
   17.89222145  171.75199890    0.73000002    2.84999990
   17.89555550  164.21299744    0.73000002    2.84999990
   17.90138817  164.21299744    0.73000002    2.84999990
   17.90555573  164.34500122    0.73000002    2.84999990
   17.90888786  167.50700378    0.73000002    2.84999990
   17.90999985  171.03300476    0.73000002    2.84999990
   17.91277695  165.82499695    0.73000002    2.84999990
   17.91583252  166.53100586    0.73000002    2.84999990
   17.91916656  160.42799377    0.73000002    2.84999990
   17.92249870  167.63000488    0.73000002    2.84999990
   17.92555428  167.24299622    0.73000002    2.84999990
   17.92888832  173.66000366    0.73000002    2.84999990
   17.93194389  171.93400574    0.73000002    2.84999990
   17.93527603  168.51899719    0.73000002    2.84999990
   17.93861008  165.72300720    0.73000002    2.84999990
   17.94444275  165.72300720    0.73000002    2.84999990
   17.94861031  161.33999634    0.73000002    2.84999990
   17.95166779  162.29299927    0.73000002    2.84999990
   17.95499992  161.75900269    0.73000002    2.84999990
   17.95833397  163.44299316    0.73000002    2.84999990
   17.96138954  167.40400696    0.73000002    2.84999990
   17.96472359  162.09100342    0.73000002    2.84999990
   17.96777916  160.99699402    0.73000002    2.84999990
   17.97111130  173.49499512    0.73000002    2.84999990
   17.97444534  164.85099792    0.73000002    2.84999990
   17.97666740  164.74699402    0.73000002    2.84999990
   17.97805595  166.21600342    0.73000002    2.84999990
   17.98111153  169.52999878    0.73000002    2.84999990
   17.98722267  169.52999878    0.73000002    2.84999990
   17.99138832  166.44999695    0.73000002    2.84999990
   17.99472237  168.51499939    0.73000002    2.84999990
   17.99777794  162.63000488    0.73000002    2.84999990
   18.00111198  175.76800537    0.73000002    2.84999990
   18.00416756  170.59800720    0.73000002    2.84999990
   18.00749969  179.86300659    0.73000002    2.84999990
   18.01000023  167.45799255    0.73000002    2.84999990
   18.01138878  170.66200256    0.73000002    2.84999990
   18.01444435  168.77600098    0.73000002    2.84999990
   18.01777840  170.81199646    0.73000002    2.84999990
   18.02083397  174.31700134    0.73000002    2.84999990
   18.02416611  168.08099365    0.73000002    2.84999990
   18.03000069  168.08099365    0.73000002    2.84999990
   18.03416634  177.05599976    0.73000002    2.84999990
   18.03750038  170.26499939    0.73000002    2.84999990
   18.04055595  173.81399536    0.73000002    2.84999990
   18.04333305  169.39700317    0.73000002    2.84999990
   18.04444313  173.24899292    0.73000002    2.84999990
   18.04749870  161.61399841    0.73000002    2.84999990
   18.05083275  167.24899292    0.73000002    2.84999990
   18.05388832  171.68400574    0.73000002    2.84999990
   18.05722237  176.59300232    0.73000002    2.84999990
   18.06055450  169.00500488    0.73000002    2.84999990
   18.06361008  164.64100647    0.73000002    2.84999990
   18.06694603  168.56399536    0.73000002    2.84999990
   18.07277870  168.56399536    0.73000002    2.84999990
   18.07694626  167.96200562    0.73000002    2.84999990
   18.08027840  176.22599792    0.73000002    2.84999990
   18.08361244  172.51100159    0.73000002    2.84999990
   18.08666801  178.04699707    0.73000002    2.84999990
   18.09000015  176.80000305    0.73000002    2.84999990
   18.09333420  174.93499756    0.73000002    2.84999990
   18.09638977  173.78199768    0.73000002    2.84999990
   18.09972191  176.89300537    0.73000002    2.84999990
   18.10305595  183.77000427    0.73000002    2.84999990
   18.10611153  187.58000183    0.73000002    2.84999990
   18.10944557  169.57299805    0.73000002    2.84999990
   18.11000061  183.71400452    0.73000002    2.84999990
   18.11583328  183.71400452    0.73000002    2.84999990
   18.12000084  172.75000000    0.73000002    2.84999990
   18.12305641  167.67399597    0.73000002    2.84999990
   18.12638855  170.91099548    0.73000002    2.84999990
   18.12944412  186.57499695    0.73000002    2.84999990
   18.13277817  182.59100342    0.73000002    2.84999990
   18.13611031  187.63699341    0.73000002    2.84999990
   18.13916588  223.29600525    0.73000002    2.84999990
   18.14249992  219.80000305    0.73000002    2.84999990
   18.14333344  249.15100098    0.73000002    2.84999990
   18.14611053  224.60400391    0.73000002    2.84999990
   18.14916611  240.28300476    0.73000002    2.84999990
   18.15250015  274.56201172    0.73000002    2.84999990
   18.15861130  274.56201172    0.73000002    2.84999990
   18.16277695  252.47099304    0.73000002    2.84999990
   18.16583252  268.66799927    0.73000002    2.84999990
   18.16916656  299.93701172    0.73000002    2.84999990
   18.17249870  281.89401245    0.73000002    2.84999990
   18.17555428  262.37600708    0.73000002    2.84999990
   18.17666626  257.14099121    0.73000002    2.84999990
   18.17944336  239.18600464    0.73000002    2.84999990
   18.18249893  233.37399292    0.73000002    2.84999990
   18.18583298  251.63600159    0.73000002    2.84999990
   18.18916512  263.05801392    0.73000002    2.84999990
   18.19222069  247.82099915    0.73000002    2.84999990
   18.19555473  238.34599304    0.73000002    2.84999990
   18.20138931  238.34599304    0.73000002    2.84999990
   18.20555687  275.96301270    0.73000002    2.84999990
   18.20888901  263.49099731    0.73000002    2.84999990
   18.21000099  243.03100586    0.73000002    2.84999990
   18.21250153  242.27799988    0.73000002    2.84999990
   18.21555710  248.52600098    0.73000002    2.84999990
   18.21888924  260.98699951    0.73000002    2.84999990
   18.22222328  242.69799805    0.73000002    2.84999990
   18.22527885  284.19601440    0.73000002    2.84999990
   18.22861099  260.44400024    0.73000002    2.84999990
   18.23166656  243.89900208    0.73000002    2.84999990
   18.23500061  253.08000183    0.73000002    2.84999990
   18.23833275  253.86599731    0.73000002    2.84999990
   18.24416733  253.86599731    0.73000002    2.84999990
   18.24833298  243.33799744    0.73000002    2.84999990
   18.25166702  256.84100342    0.73000002    2.84999990
   18.25499916  250.73199463    0.73000002    2.84999990
   18.25805473  246.90499878    0.73000002    2.84999990
   18.26138878  244.77799988    0.73000002    2.84999990
   18.26444435  267.59698486    0.73000002    2.84999990
   18.26777840  246.02900696    0.73000002    2.84999990
   18.27111053  282.72500610    0.73000002    2.84999990
   18.27416611  231.85699463    0.73000002    2.84999990
   18.27666664  249.71400452    0.73000002    2.84999990
   18.27805519  238.42799377    0.73000002    2.84999990
   18.28111076  221.00799561    0.73000002    2.84999990
   18.28722191  221.00799561    0.73000002    2.84999990
   18.29138756  240.86300659    0.73000002    2.84999990
   18.29444313  258.53399658    0.73000002    2.84999990
   18.29777718  255.30000305    0.73000002    2.84999990
   18.30083275  247.17599487    0.73000002    2.84999990
   18.30416679  265.64401245    0.73000002    2.84999990
   18.30749893  254.53599548    0.73000002    2.84999990
   18.30999947  234.10899353    0.73000002    2.84999990
   18.31110954  256.37799072    0.73000002    2.84999990
   18.31416512  254.94400024    0.73000002    2.84999990
   18.31750107  241.46400452    0.73000002    2.84999990
   18.32083511  252.75399780    0.73000002    2.84999990
   18.32389069  250.28700256    0.73000002    2.84999990
   18.33000183  250.28700256    0.73000002    2.84999990
   18.33416748  249.31700134    0.73000002    2.84999990
   18.33722305  227.21899414    0.73000002    2.84999990
   18.34055710  227.91499329    0.73000002    2.84999990
   18.34333420  239.65400696    0.73000002    2.84999990
   18.34416771  238.94700623    0.73000002    2.84999990
   18.34722328  227.07400513    0.73000002    2.84999990
   18.35055542  235.94299316    0.73000002    2.84999990
   18.35388947  252.63900757    0.73000002    2.84999990
   18.35694504  237.63499451    0.73000002    2.84999990
   18.36027908  230.14799500    0.73000002    2.84999990
   18.36333466  236.44000244    0.73000002    2.84999990
   18.36666679  236.57699585    0.73000002    2.84999990
   18.37277794  236.57699585    0.73000002    2.84999990
   18.37694550  238.50000000    0.73000002    2.84999990
   18.38027763  235.48399353    0.73000002    2.84999990
   18.38361168  245.97900391    0.73000002    2.84999990
   18.38666725  254.83900452    0.73000002    2.84999990
   18.38999939  226.29299927    0.73000002    2.84999990
   18.39333344  230.96200562    0.73000002    2.84999990
   18.39638901  242.28100586    0.73000002    2.84999990
   18.39972115  252.61799622    0.73000002    2.84999990
   18.40277672  233.10499573    0.73000002    2.84999990
   18.40611076  236.28700256    0.73000002    2.84999990
   18.40944481  236.04400635    0.73000002    2.84999990
   18.40999985  256.70700073    0.73000002    2.84999990
   18.41555595  256.70700073    0.73000002    2.84999990
   18.41972160  235.07800293    0.73000002    2.84999990
   18.42305565  228.38600159    0.73000002    2.84999990
   18.42638779  244.13699341    0.73000002    2.84999990
   18.42944336  232.69900513    0.73000002    2.84999990
   18.43277740  258.35501099    0.73000002    2.84999990
   18.43610954  227.10600281    0.73000002    2.84999990
   18.43916512  220.41000366    0.73000002    2.84999990
   18.44249916  250.12800598    0.73000002    2.84999990
   18.44333267  245.77699280    0.73000002    2.84999990
   18.44610977  225.32699585    0.73000002    2.84999990
   18.44916534  232.42599487    0.73000002    2.84999990
   18.45250130  233.66700745    0.73000002    2.84999990
   18.45861244  233.66700745    0.73000002    2.84999990
   18.46277809  220.86099243    0.73000002    2.84999990
   18.46583366  234.91099548    0.73000002    2.84999990
   18.46916771  238.39700317    0.73000002    2.84999990
   18.47222328  235.11099243    0.73000002    2.84999990
   18.47555542  219.03199768    0.73000002    2.84999990
   18.47666740  227.13200378    0.73000002    2.84999990
   18.47916794  225.12300110    0.73000002    2.84999990
   18.48222351  226.92100525    0.73000002    2.84999990
   18.48555565  218.51899719    0.73000002    2.84999990
   18.48888969  225.30599976    0.73000002    2.84999990
   18.49194527  221.52099609    0.73000002    2.84999990
   18.49527740  218.13800049    0.73000002    2.84999990
   18.50138855  218.13800049    0.73000002    2.84999990
   18.50555611  218.62399292    0.73000002    2.84999990
   18.50861168  231.05799866    0.73000002    2.84999990
   18.51000023  218.13299561    0.73000002    2.84999990
   18.51250076  209.01100159    0.73000002    2.84999990
   18.51555634  212.99699402    0.73000002    2.84999990
   18.51888847  208.66099548    0.73000002    2.84999990
   18.52222252  207.09199524    0.73000002    2.84999990
   18.52527809  224.53700256    0.73000002    2.84999990
   18.52861023  228.41200256    0.73000002    2.84999990
   18.53194427  229.84599304    0.73000002    2.84999990
   18.53499985  228.60800171    0.73000002    2.84999990
   18.53833199  227.37500000    0.73000002    2.84999990
   18.56055450  218.77299500    0.73000002    2.84999990
   18.56110954  217.46000671    0.73000002    2.84999990
   18.56416512  211.02499390    0.73000002    2.84999990
   18.56750107  226.28399658    0.73000002    2.84999990
   18.57055664  214.35800171    0.73000002    2.84999990
   18.57389069  208.11999512    0.73000002    2.84999990
   18.57666779  225.86000061    0.73000002    2.84999990
   18.57750130  215.79200745    0.73000002    2.84999990
   18.58055687  208.03900146    0.73000002    2.84999990
   18.58722305  208.03900146    0.73000002    2.84999990
   18.59111214  195.82299805    0.73000002    2.84999990
   18.59444427  206.76499939    0.73000002    2.84999990
   18.59777832  208.15299988    0.73000002    2.84999990
   18.60083389  230.84300232    0.73000002    2.84999990
   18.60416794  209.57299805    0.73000002    2.84999990
   18.60722351  192.78399658    0.73000002    2.84999990
   18.61000061  196.95799255    0.73000002    2.84999990
   18.61111069  210.64300537    0.73000002    2.84999990
   18.61416626  203.42100525    0.73000002    2.84999990
   18.61750031  202.26300049    0.73000002    2.84999990
   18.62083435  205.92999268    0.73000002    2.84999990
   18.62388992  207.95500183    0.73000002    2.84999990
   18.63000107  207.95500183    0.73000002    2.84999990
   18.63416672  196.94000244    0.73000002    2.84999990
   18.63722229  209.82299805    0.73000002    2.84999990
   18.64055634  206.72399902    0.73000002    2.84999990
   18.64333344  203.88499451    0.73000002    2.84999990
   18.64416695  201.09500122    0.73000002    2.84999990
   18.64749908  199.46499634    0.73000002    2.84999990
   18.65055466  202.39700317    0.73000002    2.84999990
   18.65388870  215.06700134    0.73000002    2.84999990
   18.65694427  205.42100525    0.73000002    2.84999990
   18.66027832  199.94099426    0.73000002    2.84999990
   18.66361046  216.48800659    0.73000002    2.84999990
   18.66666603  192.53399658    0.73000002    2.84999990
   18.67277718  192.53399658    0.73000002    2.84999990
   18.67694473  194.63000488    0.73000002    2.84999990
   18.68000031  192.03399658    0.73000002    2.84999990
   18.68333244  187.33299255    0.73000002    2.84999990
   18.68666649  207.53999329    0.73000002    2.84999990
   18.68972206  180.49800110    0.73000002    2.84999990
   18.69305420  212.83099365    0.73000002    2.84999990
   18.69638824  191.38900757    0.73000002    2.84999990
   18.69944382  206.84899902    0.73000002    2.84999990
   18.70277786  199.10600281    0.73000002    2.84999990
   18.70611191  212.52099609    0.73000002    2.84999990
   18.70916748  207.44799805    0.73000002    2.84999990
   18.71000099  182.79499817    0.73000002    2.84999990
   18.71555710  182.79499817    0.73000002    2.84999990
   18.71972275  202.09500122    0.73000002    2.84999990
   18.72305679  200.22500610    0.73000002    2.84999990
   18.72611237  199.87500000    0.73000002    2.84999990
   18.72944450  195.49200439    0.73000002    2.84999990
   18.73277855  198.82099915    0.73000002    2.84999990
   18.73583412  204.41799927    0.73000002    2.84999990
   18.73916626  190.35200500    0.73000002    2.84999990
   18.74250031  193.74200439    0.73000002    2.84999990
   18.74333382  207.00100708    0.73000002    2.84999990
   18.74611092  199.13200378    0.73000002    2.84999990
   18.74944496  196.15400696    0.73000002    2.84999990
   18.75250053  196.04800415    0.73000002    2.84999990
   18.75861168  196.04800415    0.73000002    2.84999990
   18.76250076  191.57499695    0.73000002    2.84999990
   18.76583290  202.16200256    0.73000002    2.84999990
   18.76916695  195.33900452    0.73000002    2.84999990
   18.77222252  199.63800049    0.73000002    2.84999990
   18.77555466  204.27900696    0.73000002    2.84999990
   18.77666664  186.55000305    0.73000002    2.84999990
   18.77916718  194.99800110    0.73000002    2.84999990
   18.78249931  194.92799377    0.73000002    2.84999990
   18.78555489  204.56599426    0.73000002    2.84999990
   18.78888893  207.72700500    0.73000002    2.84999990
   18.79194450  189.23199463    0.73000002    2.84999990
   18.79527664  186.51499939    0.73000002    2.84999990
   18.80138779  186.51499939    0.73000002    2.84999990
   18.80555534  206.10400391    0.73000002    2.84999990
   18.80861092  190.65400696    0.73000002    2.84999990
   18.80999947  184.48899841    0.73000002    2.84999990
   18.81222153  203.91099548    0.73000002    2.84999990
   18.81555557  197.28199768    0.73000002    2.84999990
   18.81861115  197.12800598    0.73000002    2.84999990
   18.82194519  194.95700073    0.73000002    2.84999990
   18.82500076  200.87300110    0.73000002    2.84999990
   18.82833481  194.06500244    0.73000002    2.84999990
   18.83166695  179.35200500    0.73000002    2.84999990
   18.83472252  186.73300171    0.73000002    2.84999990
   18.83805656  200.08399963    0.73000002    2.84999990
   18.84416771  200.08399963    0.73000002    2.84999990
   18.84833336  210.21099854    0.73000002    2.84999990
   18.85138893  215.74299622    0.73000002    2.84999990
   18.85472298  208.97900391    0.73000002    2.84999990
   18.85805511  220.90800476    0.73000002    2.84999990
   18.86111069  201.61700439    0.73000002    2.84999990
   18.86444473  205.02699280    0.73000002    2.84999990
   18.86777878  196.27299500    0.73000002    2.84999990
   18.87083435  198.11599731    0.73000002    2.84999990
   18.87416649  186.19500732    0.73000002    2.84999990
   18.87666702  198.21299744    0.73000002    2.84999990
   18.87777710  197.42500305    0.73000002    2.84999990
   18.88083267  186.15400696    0.73000002    2.84999990
   18.88694382  186.15400696    0.73000002    2.84999990
   18.89111137  201.82200623    0.73000002    2.84999990
   18.89444351  181.93899536    0.73000002    2.84999990
   18.89749908  193.12699890    0.73000002    2.84999990
   18.90083313  182.07600403    0.73000002    2.84999990
   18.90416718  196.15299988    0.73000002    2.84999990
   18.90722275  180.99400330    0.73000002    2.84999990
   18.90999985  190.21000671    0.73000002    2.84999990
   18.91083336  184.26499939    0.73000002    2.84999990
   18.91416550  180.68400574    0.73000002    2.84999990
   18.91722107  180.60200500    0.73000002    2.84999990
   18.92055511  179.70399475    0.73000002    2.84999990
   18.92388916  180.25799561    0.73000002    2.84999990
   18.92972183  180.25799561    0.73000002    2.84999990
   18.93388748  204.84399414    0.73000002    2.84999990
   18.93722153  201.25999451    0.73000002    2.84999990
   18.94055557  194.76800537    0.73000002    2.84999990
   18.94333267  202.16299438    0.73000002    2.84999990
   18.94416618  187.83999634    0.73000002    2.84999990
   18.94749832  209.46299744    0.73000002    2.84999990
   18.95055580  196.94799805    0.73000002    2.84999990
   18.95388985  208.76100159    0.73000002    2.84999990
   18.95722389  203.59700012    0.73000002    2.84999990
   18.96027946  195.91499329    0.73000002    2.84999990
   18.96361160  213.62699890    0.73000002    2.84999990
   18.96666718  198.25199890    0.73000002    2.84999990
   18.97277832  198.25199890    0.73000002    2.84999990
   18.97694588  200.96699524    0.73000002    2.84999990
   18.98000145  225.02499390    0.73000002    2.84999990
   18.98333359  191.11399841    0.73000002    2.84999990
   18.98666763  218.66400146    0.73000002    2.84999990
   18.98972321  205.02099609    0.73000002    2.84999990
   18.99305534  188.74499512    0.73000002    2.84999990
   18.99611092  200.31599426    0.73000002    2.84999990
   18.99944496  187.79499817    0.73000002    2.84999990
   19.00277710  192.19900513    0.73000002    2.84999990
   19.00583267  193.31599426    0.73000002    2.84999990
   19.00916672  199.11399841    0.73000002    2.84999990
   19.01000023  194.03100586    0.73000002    2.84999990
   19.01555634  194.03100586    0.73000002    2.84999990
   19.01972198  207.27600098    0.73000002    2.84999990
   19.02277756  198.53599548    0.73000002    2.84999990
   19.02611160  213.20399475    0.73000002    2.84999990
   19.02944374  194.72900391    0.73000002    2.84999990
   19.03277779  183.57699585    0.73000002    2.84999990
   19.03583336  184.54499817    0.73000002    2.84999990
   19.03916550  193.32499695    0.73000002    2.84999990
   19.04222107  198.49899292    0.73000002    2.84999990
   19.04333305  193.60200500    0.73000002    2.84999990
   19.04611015  198.60899353    0.73000002    2.84999990
   19.04944420  193.83999634    0.73000002    2.84999990
   19.05249977  179.34199524    0.73000002    2.84999990
   19.05833244  179.34199524    0.73000002    2.84999990
   19.06250000  186.60299683    0.73000002    2.84999990
   19.06583214  192.11000061    0.73000002    2.84999990
   19.06888962  193.68299866    0.73000002    2.84999990
   19.07222366  182.34899902    0.73000002    2.84999990
   19.07555580  179.85499573    0.73000002    2.84999990
   19.07666779  177.84500122    0.73000002    2.84999990
   19.07916832  180.31100464    0.73000002    2.84999990
   19.08250046  181.80200195    0.73000002    2.84999990
   19.08555603  178.60200500    0.73000002    2.84999990
   19.08889008  177.51100159    0.73000002    2.84999990
   19.09194565  183.45300293    0.73000002    2.84999990
   19.09527779  183.30099487    0.73000002    2.84999990
   19.10111237  183.30099487    0.73000002    2.84999990
   19.10527802  184.47000122    0.73000002    2.84999990
   19.10861206  180.67599487    0.73000002    2.84999990
   19.11000061  176.86199951    0.73000002    2.84999990
   19.11222267  182.19999695    0.73000002    2.84999990
   19.11555672  175.57299805    0.73000002    2.84999990
   19.11861038  181.62800598    0.73000002    2.84999990
   19.12194443  178.40600586    0.73000002    2.84999990
   19.12527847  187.22099304    0.73000002    2.84999990
   19.12833405  186.25199890    0.73000002    2.84999990
   19.13166618  191.18600464    0.73000002    2.84999990
   19.13500023  184.05700684    0.73000002    2.84999990
   19.13805580  177.37399292    0.73000002    2.84999990
   19.14416695  177.37399292    0.73000002    2.84999990
   19.14833260  178.59700012    0.73000002    2.84999990
   19.15138817  177.33299255    0.73000002    2.84999990
   19.15472221  188.58900452    0.73000002    2.84999990
   19.15777779  176.57299805    0.73000002    2.84999990
   19.16110992  187.95599365    0.73000002    2.84999990
   19.16444397  183.96499634    0.73000002    2.84999990
   19.16749954  184.00399780    0.73000002    2.84999990
   19.17083359  188.43600464    0.73000002    2.84999990
   19.17416573  181.72799683    0.73000002    2.84999990
   19.17666626  192.41799927    0.73000002    2.84999990
   19.17777634  187.98399353    0.73000002    2.84999990
   19.18111038  185.24699402    0.73000002    2.84999990
   19.18694305  185.24699402    0.73000002    2.84999990
   19.19111061  180.14599609    0.73000002    2.84999990
   19.19416618  186.49699402    0.73000002    2.84999990
   19.19749832  181.36700439    0.73000002    2.84999990
   19.20083427  179.55999756    0.73000002    2.84999990
   19.20388985  181.40299988    0.73000002    2.84999990
   19.20722389  184.29200745    0.73000002    2.84999990
   19.21027946  177.86500549    0.73000002    2.84999990
   19.21083450  178.08999634    0.73000002    2.84999990
   19.21416664  191.59500122    0.73000002    2.84999990
   19.21722221  193.59399414    0.73000002    2.84999990
   19.22055626  183.05999756    0.73000002    2.84999990
   19.22389030  186.08000183    0.73000002    2.84999990
   19.22972298  186.08000183    0.73000002    2.84999990
   19.23388863  181.94799805    0.73000002    2.84999990
   19.23722267  191.96299744    0.73000002    2.84999990
   19.24027824  184.84899902    0.73000002    2.84999990
   19.24361229  190.42500305    0.73000002    2.84999990
   19.24388885  191.09300232    0.73000002    2.84999990
   19.24722290  197.45899963    0.73000002    2.84999990
   19.25027847  197.50700378    0.73000002    2.84999990
   19.25361061  203.65600586    0.73000002    2.84999990
   19.25694466  197.58900452    0.73000002    2.84999990
   19.26000023  211.28900146    0.73000002    2.84999990
   19.26333427  197.08599854    0.73000002    2.84999990
   19.26666641  206.07499695    0.73000002    2.84999990
   19.27249908  206.07499695    0.73000002    2.84999990
   19.27694511  189.53799438    0.73000002    2.84999990
   19.27722168  188.83900452    0.73000002    2.84999990
   19.28055573  190.41900635    0.73000002    2.84999990
   19.28361130  180.99400330    0.73000002    2.84999990
   19.28694344  182.19999695    0.73000002    2.84999990
   19.29027748  182.18499756    0.73000002    2.84999990
   19.29333305  189.81900024    0.73000002    2.84999990
   19.29666710  183.48199463    0.73000002    2.84999990
   19.29972076  189.31500244    0.73000002    2.84999990
   19.30305481  185.67599487    0.73000002    2.84999990
   19.30638885  186.28100586    0.73000002    2.84999990
   19.30944443  182.58599854    0.73000002    2.84999990
   19.31027794  184.26499939    0.73000002    2.84999990
   19.31555557  184.26499939    0.73000002    2.84999990
   19.31944466  186.13400269    0.73000002    2.84999990
   19.32277870  178.95700073    0.73000002    2.84999990
   19.32611275  191.77900696    0.73000002    2.84999990
   19.32916832  182.46499634    0.73000002    2.84999990
   19.33250046  179.39199829    0.73000002    2.84999990
   19.33583450  187.46800232    0.73000002    2.84999990
   19.33889008  176.20500183    0.73000002    2.84999990
   19.34222221  179.40299988    0.73000002    2.84999990
   19.34361267  180.40699768    0.73000002    2.84999990
   19.34583473  191.93600464    0.73000002    2.84999990
   19.34916687  184.66600037    0.73000002    2.84999990
   19.35222244  177.83099365    0.73000002    2.84999990
   19.35833359  177.83099365    0.73000002    2.84999990
   19.36250114  189.36300659    0.73000002    2.84999990
   19.36555672  197.66600037    0.73000002    2.84999990
   19.36888885  199.02900696    0.73000002    2.84999990
   19.37222290  204.09700012    0.73000002    2.84999990
   19.37527847  213.41799927    0.73000002    2.84999990
   19.37694550  198.68800354    0.73000002    2.84999990
   19.37888908  189.59700012    0.73000002    2.84999990
   19.38222313  187.30099487    0.73000002    2.84999990
   19.38527679  192.39900208    0.73000002    2.84999990
   19.38861084  198.13499451    0.73000002    2.84999990
   19.39194489  193.76300049    0.73000002    2.84999990
   19.39500046  198.93200684    0.73000002    2.84999990
   19.40111160  198.93200684    0.73000002    2.84999990
   19.40527725  187.16499329    0.73000002    2.84999990
   19.40861130  184.11399841    0.73000002    2.84999990
   19.41027832  185.72399902    0.73000002    2.84999990
   19.41194344  182.56199646    0.73000002    2.84999990
   19.41527748  197.81599426    0.73000002    2.84999990
   19.41833305  185.05999756    0.73000002    2.84999990
   19.42166519  195.75900269    0.73000002    2.84999990
   19.42499924  208.86300659    0.73000002    2.84999990
   19.42805481  195.61000061    0.73000002    2.84999990
   19.43138885  198.00399780    0.73000002    2.84999990
   19.43472099  203.34800720    0.73000002    2.84999990
   19.43777657  198.46699524    0.73000002    2.84999990
   19.44388771  198.46699524    0.73000002    2.84999990
   19.44805527  190.87500000    0.73000002    2.84999990
   19.45138931  187.05400085    0.73000002    2.84999990
   19.45472336  185.34500122    0.73000002    2.84999990
   19.45777893  191.51300049    0.73000002    2.84999990
   19.46111107  197.56399536    0.73000002    2.84999990
   19.46416664  186.10699463    0.73000002    2.84999990
   19.46750069  199.31500244    0.73000002    2.84999990
   19.47083473  178.45899963    0.73000002    2.84999990
   19.47389030  181.70899963    0.73000002    2.84999990
   19.47694588  182.39399719    0.73000002    2.84999990
   19.47750092  181.38499451    0.73000002    2.84999990
   19.48083305  192.87699890    0.73000002    2.84999990
   19.48694420  192.87699890    0.73000002    2.84999990
   19.49111176  204.04200745    0.73000002    2.84999990
   19.49416733  218.75399780    0.73000002    2.84999990
   19.49749947  213.70899963    0.73000002    2.84999990
   19.50055504  213.51199341    0.73000002    2.84999990
   19.50388908  227.60299683    0.73000002    2.84999990
   19.50722313  231.51300049    0.73000002    2.84999990
   19.51027870  221.97200012    0.73000002    2.84999990
   19.51083374  223.88600159    0.73000002    2.84999990
   19.51416588  236.99299622    0.73000002    2.84999990
   19.51722145  210.79400635    0.73000002    2.84999990
   19.52055550  212.74699402    0.73000002    2.84999990
   19.52388954  220.70599365    0.73000002    2.84999990
   19.52972221  220.70599365    0.73000002    2.84999990
   19.53388786  217.86900330    0.73000002    2.84999990
   19.53694344  207.79200745    0.73000002    2.84999990
   19.54027748  214.48699951    0.73000002    2.84999990
   19.54361153  214.44799805    0.73000002    2.84999990
   19.54388809  196.38800049    0.73000002    2.84999990
   19.54722214  210.29100037    0.73000002    2.84999990
   19.55027771  198.25599670    0.73000002    2.84999990
   19.55360985  196.15800476    0.73000002    2.84999990
   19.55694389  187.39399719    0.73000002    2.84999990
   19.55999947  186.62300110    0.73000002    2.84999990
   19.58111191  186.62300110    0.73000002    2.84999990
   19.58527756  177.88699341    0.73000002    2.84999990
   19.58861160  183.25399780    0.73000002    2.84999990
   19.59166718  195.77600098    0.73000002    2.84999990
   19.59500122  179.97000122    0.73000002    2.84999990
   19.59833336  186.77299500    0.73000002    2.84999990
   19.60138893  181.38800049    0.73000002    2.84999990
   19.60472298  183.98599243    0.73000002    2.84999990
   19.60777855  173.22300720    0.73000002    2.84999990
   19.61111069  180.43400574    0.73000002    2.84999990
   19.61194420  186.93600464    0.73000002    2.84999990
   19.61472321  183.26199341    0.73000002    2.84999990
   19.61777878  182.05099487    0.73000002    2.84999990
   19.62388992  182.05099487    0.73000002    2.84999990
   19.62805557  185.76499939    0.73000002    2.84999990
   19.63138962  184.40100098    0.73000002    2.84999990
   19.63444519  178.43800354    0.73000002    2.84999990
   19.63777733  187.90299988    0.73000002    2.84999990
   19.64083290  187.58000183    0.73000002    2.84999990
   19.64416695  183.30499268    0.73000002    2.84999990
   19.64527702  185.30900574    0.73000002    2.84999990
   19.64777756  177.87899780    0.73000002    2.84999990
   19.65083313  184.56300354    0.73000002    2.84999990
   19.65416718  172.99000549    0.73000002    2.84999990
   19.65749931  184.71099854    0.73000002    2.84999990
   19.66055489  172.10800171    0.73000002    2.84999990
   19.66666603  172.10800171    0.73000002    2.84999990
   19.67083359  178.13999939    0.73000002    2.84999990
   19.67416573  178.62300110    0.73000002    2.84999990
   19.67749977  178.42199707    0.73000002    2.84999990
   19.67888832  178.71699524    0.73000002    2.84999990
   19.68111038  177.51899719    0.73000002    2.84999990
   19.68416595  184.77099609    0.73000002    2.84999990
   19.68750000  189.68800354    0.73000002    2.84999990
   19.69055557  182.33900452    0.73000002    2.84999990
   19.69388771  177.11799622    0.73000002    2.84999990
   19.69722176  185.16299438    0.73000002    2.84999990
   19.70027924  174.81599426    0.73000002    2.84999990
   19.70361137  187.32800293    0.73000002    2.84999990
   19.70972252  187.32800293    0.73000002    2.84999990
   19.71361160  179.59100342    0.73000002    2.84999990
   19.71694565  183.11999512    0.73000002    2.84999990
   19.72027779  178.00500488    0.73000002    2.84999990
   19.72333336  187.79400635    0.73000002    2.84999990
   19.72666740  189.63400269    0.73000002    2.84999990
   19.73000145  187.31700134    0.73000002    2.84999990
   19.73305511  199.50599670    0.73000002    2.84999990
   19.73638916  198.75399780    0.73000002    2.84999990
   19.73944473  200.45700073    0.73000002    2.84999990
   19.74277878  182.65899658    0.73000002    2.84999990
   19.74555588  185.55900574    0.73000002    2.84999990
   19.74666786  198.25700378    0.73000002    2.84999990
   19.75250053  198.25700378    0.73000002    2.84999990
   19.75666618  186.58399963    0.73000002    2.84999990
   19.75972176  189.82899475    0.73000002    2.84999990
   19.76305580  188.49000549    0.73000002    2.84999990
   19.76638794  193.60000610    0.73000002    2.84999990
   19.76944351  184.64599609    0.73000002    2.84999990
   19.77277756  181.32200623    0.73000002    2.84999990
   19.77583313  191.88000488    0.73000002    2.84999990
   19.77888870  190.26699829    0.73000002    2.84999990
   19.77972221  192.30599976    0.73000002    2.84999990
   19.78277779  203.21200562    0.73000002    2.84999990
   19.78610992  184.71200562    0.73000002    2.84999990
   19.78916550  193.73699951    0.73000002    2.84999990
   19.79527664  193.73699951    0.73000002    2.84999990
   19.79944420  187.13299561    0.73000002    2.84999990
   19.80277634  196.64799500    0.73000002    2.84999990
   19.80583191  201.33000183    0.73000002    2.84999990
   19.80916595  186.89300537    0.73000002    2.84999990
   19.81222153  187.24200439    0.73000002    2.84999990
   19.81305504  195.89300537    0.73000002    2.84999990
   19.81611061  200.63299561    0.73000002    2.84999990
   19.81944466  196.90199280    0.73000002    2.84999990
   19.82250023  201.15499878    0.73000002    2.84999990
   19.82583427  196.94700623    0.73000002    2.84999990
   19.82916832  197.83799744    0.73000002    2.84999990
   19.83222389  192.80599976    0.73000002    2.84999990
   19.83805656  192.80599976    0.73000002    2.84999990
   19.84222221  198.57099915    0.73000002    2.84999990
   19.84555626  214.99200439    0.73000002    2.84999990
   19.84611130  202.50300598    0.73000002    2.84999990
   19.84916687  189.91200256    0.73000002    2.84999990
   19.85250092  195.66099548    0.73000002    2.84999990
   19.85555649  198.88699341    0.73000002    2.84999990
   19.85888863  186.60600281    0.73000002    2.84999990
   19.86222267  197.24299622    0.73000002    2.84999990
   19.86527824  203.09899902    0.73000002    2.84999990
   19.86861038  206.37500000    0.73000002    2.84999990
   19.87194443  197.94700623    0.73000002    2.84999990
   19.87500000  199.18800354    0.73000002    2.84999990
   19.88111115  199.18800354    0.73000002    2.84999990
   19.88500023  199.93299866    0.73000002    2.84999990
   19.88833237  201.29800415    0.73000002    2.84999990
   19.89166641  195.53700256    0.73000002    2.84999990
   19.89472198  200.92999268    0.73000002    2.84999990
   19.89805603  199.29299927    0.73000002    2.84999990
   19.90138817  202.67300415    0.73000002    2.84999990
   19.90444374  206.95700073    0.73000002    2.84999990
   19.90777779  191.15800476    0.73000002    2.84999990
   19.91110992  189.95899963    0.73000002    2.84999990
   19.91222191  215.09700012    0.73000002    2.84999990
   19.91472244  195.30200195    0.73000002    2.84999990
   19.91777802  203.33799744    0.73000002    2.84999990
   19.92388916  203.33799744    0.73000002    2.84999990
   19.92805481  190.28799438    0.73000002    2.84999990
   19.93111038  195.53300476    0.73000002    2.84999990
   19.93444443  191.86500549    0.73000002    2.84999990
   19.93777657  221.11900330    0.73000002    2.84999990
   19.94083214  189.65199280    0.73000002    2.84999990
   19.94416618  196.32899475    0.73000002    2.84999990
   19.94555473  188.91000366    0.73000002    2.84999990
   19.94777679  188.38600159    0.73000002    2.84999990
   19.95083427  199.37199402    0.73000002    2.84999990
   19.95416832  189.13499451    0.73000002    2.84999990
   19.95750046  205.49299622    0.73000002    2.84999990
   19.96055603  197.16200256    0.73000002    2.84999990
   19.96666718  197.16200256    0.73000002    2.84999990
   19.97083473  188.90800476    0.73000002    2.84999990
   19.97416687  201.00100708    0.73000002    2.84999990
   19.97722244  206.29299927    0.73000002    2.84999990
   19.97916794  198.74600220    0.73000002    2.84999990
   19.98083305  191.06799316    0.73000002    2.84999990
   19.98416710  204.31100464    0.73000002    2.84999990
   19.98750114  194.28100586    0.73000002    2.84999990
   19.99083328  199.87800598    0.73000002    2.84999990
   19.99388885  209.87399292    0.73000002    2.84999990
   19.99722290  201.81199646    0.73000002    2.84999990
   20.00027847  197.47900391    0.73000002    2.84999990
   20.00361061  203.88900757    0.73000002    2.84999990
   20.00944519  203.88900757    0.73000002    2.84999990
   20.01361084  212.42999268    0.73000002    2.84999990
   20.01694489  198.14100647    0.73000002    2.84999990
   20.02027702  202.06900024    0.73000002    2.84999990
   20.02333260  202.31700134    0.73000002    2.84999990
   20.02666664  197.87300110    0.73000002    2.84999990
   20.03000069  190.72599792    0.73000002    2.84999990
   20.03305435  205.60200500    0.73000002    2.84999990
   20.03638840  199.36900330    0.73000002    2.84999990
   20.03944397  201.34300232    0.73000002    2.84999990
   20.04277802  200.50000000    0.73000002    2.84999990
   20.04583359  204.52600098    0.73000002    2.84999990
   20.04638863  196.64599609    0.73000002    2.84999990
   20.05249977  196.64599609    0.73000002    2.84999990
   20.05638885  201.05000305    0.73000002    2.84999990
   20.05972099  187.33299255    0.73000002    2.84999990
   20.06305504  186.10699463    0.73000002    2.84999990
   20.06611061  204.11700439    0.73000002    2.84999990
   20.06944466  202.15499878    0.73000002    2.84999990
   20.07277870  204.52099609    0.73000002    2.84999990
   20.07583427  202.85800171    0.73000002    2.84999990
   20.07916832  210.59399414    0.73000002    2.84999990
   20.07944489  202.51499939    0.73000002    2.84999990
   20.08277893  203.07600403    0.73000002    2.84999990
   20.08611107  201.48500061    0.73000002    2.84999990
   20.08916664  212.17199707    0.73000002    2.84999990
   20.09527779  212.17199707    0.73000002    2.84999990
   20.09944534  219.22200012    0.73000002    2.84999990
   20.10250092  213.57099915    0.73000002    2.84999990
   20.10583305  225.37800598    0.73000002    2.84999990
   20.10916710  207.17599487    0.73000002    2.84999990
   20.11222267  221.43699646    0.73000002    2.84999990
   20.11277771  219.74400330    0.73000002    2.84999990
   20.11611176  215.98800659    0.73000002    2.84999990
   20.11916733  218.83200073    0.73000002    2.84999990
   20.12249947  217.02999878    0.73000002    2.84999990
   20.12583351  216.50100708    0.73000002    2.84999990
   20.12888908  224.76499939    0.73000002    2.84999990
   20.13222313  219.18200684    0.73000002    2.84999990
   20.13805580  219.18200684    0.73000002    2.84999990
   20.14222145  223.40199280    0.73000002    2.84999990
   20.14555550  211.35099792    0.73000002    2.84999990
   20.14611053  202.96899414    0.73000002    2.84999990
   20.14916611  212.22099304    0.73000002    2.84999990
   20.15250015  217.03199768    0.73000002    2.84999990
   20.15555573  200.44099426    0.73000002    2.84999990
   20.15888786  218.85600281    0.73000002    2.84999990
   20.16194344  218.36199951    0.73000002    2.84999990
   20.16527748  225.15199280    0.73000002    2.84999990
   20.16860962  220.89799500    0.73000002    2.84999990
   20.17166519  225.70199585    0.73000002    2.84999990
   20.17499924  216.81300354    0.73000002    2.84999990
   20.18083191  216.81300354    0.73000002    2.84999990
   20.18499947  231.21800232    0.73000002    2.84999990
   20.18833160  226.77600098    0.73000002    2.84999990
   20.19138718  214.25900269    0.73000002    2.84999990
   20.19472122  229.45399475    0.73000002    2.84999990
   20.19805527  220.42300415    0.73000002    2.84999990
   20.20111275  231.59599304    0.73000002    2.84999990
   20.20444489  210.73199463    0.73000002    2.84999990
   20.20777893  227.68299866    0.73000002    2.84999990
   20.21083450  218.29899597    0.73000002    2.84999990
   20.21277809  222.00900269    0.73000002    2.84999990
   20.21444511  217.85299683    0.73000002    2.84999990
   20.21750069  222.20100403    0.73000002    2.84999990
   20.22389030  222.20100403    0.73000002    2.84999990
   20.22805595  219.01800537    0.73000002    2.84999990
   20.23111153  204.90400696    0.73000002    2.84999990
   20.23444557  212.56199646    0.73000002    2.84999990
   20.23750114  224.30599976    0.73000002    2.84999990
   20.24083328  206.52900696    0.73000002    2.84999990
   20.24416733  219.47200012    0.73000002    2.84999990
   20.24611092  213.12699890    0.73000002    2.84999990
   20.24777794  210.76300049    0.73000002    2.84999990
   20.25083351  218.06900024    0.73000002    2.84999990
   20.25416756  207.49899292    0.73000002    2.84999990
   20.25749969  212.01600647    0.73000002    2.84999990
   20.26055527  216.35800171    0.73000002    2.84999990
   20.26666641  216.35800171    0.73000002    2.84999990
   20.27083397  223.38200378    0.73000002    2.84999990
   20.27388954  215.44900513    0.73000002    2.84999990
   20.27722168  224.82000732    0.73000002    2.84999990
   20.27944374  206.48599243    0.73000002    2.84999990
   20.28083229  218.90899658    0.73000002    2.84999990
   20.28388786  226.38000488    0.73000002    2.84999990
   20.28722191  223.57600403    0.73000002    2.84999990
   20.29055595  211.84199524    0.73000002    2.84999990
   20.29361153  234.88299561    0.73000002    2.84999990
   20.29694366  220.17100525    0.73000002    2.84999990
   20.30027771  224.52299500    0.73000002    2.84999990
   20.30333328  211.74800110    0.73000002    2.84999990
   20.30944443  211.74800110    0.73000002    2.84999990
   20.31361008  268.14599609    0.73000002    2.84999990
   20.31694603  252.68099976    0.73000002    2.84999990
   20.32000160  252.60600281    0.73000002    2.84999990
   20.32333374  254.51499939    0.73000002    2.84999990
   20.32638931  244.81799316    0.73000002    2.84999990
   20.32972336  230.67300415    0.73000002    2.84999990
   20.33305550  236.85600281    0.73000002    2.84999990
   20.33611107  238.38699341    0.73000002    2.84999990
   20.33944511  219.84700012    0.73000002    2.84999990
   20.34277916  218.72000122    0.73000002    2.84999990
   20.34583473  219.85000610    0.73000002    2.84999990
   20.34638977  209.45500183    0.73000002    2.84999990
   20.35222244  209.45500183    0.73000002    2.84999990
   20.35639000  223.88699341    0.73000002    2.84999990
   20.35972214  224.45500183    0.73000002    2.84999990
   20.36277771  216.38299561    0.73000002    2.84999990
   20.36611176  225.04499817    0.73000002    2.84999990
   20.36944389  221.45399475    0.73000002    2.84999990
   20.37249947  219.99000549    0.73000002    2.84999990
   20.37583351  226.18099976    0.73000002    2.84999990
   20.37916756  221.16900635    0.73000002    2.84999990
   20.37972260  218.93200684    0.73000002    2.84999990
   20.38277817  219.61700439    0.73000002    2.84999990
   20.38583374  206.60400391    0.73000002    2.84999990
   20.38916588  254.63400269    0.73000002    2.84999990
   20.39527702  254.63400269    0.73000002    2.84999990
   20.39916611  316.34298706    0.73000002    2.84999990
   20.40250015  291.33898926    0.73000002    2.84999990
   20.40583229  282.72900391    0.73000002    2.84999990
   20.40888786  235.18099976    0.73000002    2.84999990
   20.41222191  267.18600464    0.73000002    2.84999990
   20.41305542  255.90699768    0.73000002    2.84999990
   20.41583252  249.45899963    0.73000002    2.84999990
   20.41888809  235.19500732    0.73000002    2.84999990
   20.42222214  228.24600220    0.73000002    2.84999990
   20.42555428  225.44900513    0.73000002    2.84999990
   20.42860985  248.68600464    0.73000002    2.84999990
   20.43194389  249.12100220    0.73000002    2.84999990
   20.43805504  249.12100220    0.73000002    2.84999990
   20.44222069  236.89100647    0.73000002    2.84999990
   20.44527626  249.70799255    0.73000002    2.84999990
   20.44638824  254.64599609    0.73000002    2.84999990
   20.44916534  237.08999634    0.73000002    2.84999990
   20.45222282  231.86500549    0.73000002    2.84999990
   20.45555687  225.78599548    0.73000002    2.84999990
   20.45888901  239.69299316    0.73000002    2.84999990
   20.46194458  236.61700439    0.73000002    2.84999990
   20.46527863  230.13000488    0.73000002    2.84999990
   20.46861076  234.82400513    0.73000002    2.84999990
   20.47166634  223.53500366    0.73000002    2.84999990
   20.47500038  219.91799927    0.73000002    2.84999990
   20.48083305  219.91799927    0.73000002    2.84999990
   20.48500061  228.13800049    0.73000002    2.84999990
   20.48833275  213.55999756    0.73000002    2.84999990
   20.49138832  217.73899841    0.73000002    2.84999990
   20.49472237  220.07600403    0.73000002    2.84999990
   20.49777794  213.72300720    0.73000002    2.84999990
   20.50111198  210.26100159    0.73000002    2.84999990
   20.50444412  207.19000244    0.73000002    2.84999990
   20.50749969  221.17500305    0.73000002    2.84999990
   20.51083374  207.83299255    0.73000002    2.84999990
   20.51305580  211.40800476    0.73000002    2.84999990
   20.51444435  216.23399353    0.73000002    2.84999990
   20.51749992  201.45599365    0.73000002    2.84999990
   20.52361107  201.45599365    0.73000002    2.84999990
   20.52777672  233.49699402    0.73000002    2.84999990
   20.53111076  232.53599548    0.73000002    2.84999990
   20.53416634  276.48199463    0.73000002    2.84999990
   20.53750038  313.82901001    0.73000002    2.84999990
   20.54083252  264.51000977    0.73000002    2.84999990
   20.54388809  294.68399048    0.73000002    2.84999990
   20.54638863  321.00500488    0.73000002    2.84999990
   20.54777718  309.64599609    0.73000002    2.84999990
   20.55083275  297.16101074    0.73000002    2.84999990
   20.55416679  302.30300903    0.73000002    2.84999990
   20.55749893  213.65400696    0.73000002    2.84999990
   20.56055450  127.15000153    0.73000002    2.84999990
   20.56666756  127.15000153    0.73000002    2.84999990
