    HOUR (UT)   FLARE FACTOR    SKY TESTER    SUN TESTER
   12.72638798   -1.00000000   -1.00000000   -1.00000000
   13.66111088  102.24400330    0.51999998    2.69000006
   13.66416645  102.60399628    0.51999998    2.69000006
   13.66750050  106.02500153    0.51999998    2.69000006
   13.67055607  106.22000122    0.52999997    2.69000006
   13.67388916  114.57399750    0.51999998    2.69000006
   13.67722225  105.91999817    0.52999997    2.69000006
   13.68138885  105.91999817    0.51999998    2.69000006
   13.68527794  115.92700195    0.51999998    2.71000004
   13.68861103  109.71600342    0.51999998    2.69000006
   13.69194412  104.27100372    0.52999997    2.67000008
   13.69416714  100.49800110    0.52999997    2.69000006
   13.69555569  102.72000122    0.52999997    2.69000006
   13.69888878   98.10720062    0.52999997    2.69000006
   13.70194435  102.63500214    0.52999997    2.71000004
   13.70527744  108.36000061    0.52999997    2.69000006
   13.70861053   95.15809631    0.55000001    2.69000006
   13.71166611   95.29989624    0.55000001    2.69000006
   13.71500015   82.20960236    0.52999997    2.71000004
   13.71805477   89.47129822    0.55000001    2.69000006
   13.72416592   89.47129822    0.55000001    2.69000006
   13.72833252   81.65450287    0.52999997    2.69000006
   13.73138809   86.44670105    0.52999997    2.69000006
   13.73472214   85.93139648    0.55000001    2.69000006
   13.73805618   92.46320343    0.52999997    2.69000006
   13.74111176   96.49610138    0.52999997    2.69000006
   13.74444485   86.04560089    0.52999997    2.69000006
   13.74750042   86.11460114    0.52999997    2.71000004
   13.75083351   85.64140320    0.52999997    2.71000004
   13.75416660  103.26599884    0.52999997    2.69000006
   13.75722218   98.62850189    0.52999997    2.69000006
   13.76055527   96.25060272    0.52999997    2.71000004
   13.76111126  102.55000305    0.52999997    2.71000004
   13.76694393  102.55000305    0.52999997    2.71000004
   13.77111053  100.01599884    0.55000001    2.71000004
   13.77444458   94.90789795    0.52999997    2.71000004
   13.77750015   96.89569855    0.55000001    2.69000006
   13.78083324   96.75050354    0.52999997    2.71000004
   13.78416729   85.57630157    0.55000001    2.69000006
   13.78722286   85.37460327    0.55000001    2.69000006
   13.79055595   89.30110168    0.58999997    2.69000006
   13.79388905   79.42269897    2.21000004    2.69000006
   13.79444504   82.56819916    2.21000004    2.69000006
   13.79750061   98.36740112    2.26999998    2.69000006
   13.80055618   90.58760071    1.01999998    2.71000004
   13.80388927   91.58609772    4.01999998    2.73000002
   13.80972195   91.58609772    4.90999985    2.57999992
   13.81388950  118.50399780    4.90999985    2.51999998
   13.81722260   87.26119995    3.95000005    2.66000009
   13.82027817   87.33640289    2.28999996    2.57999992
   13.82361126   92.90660095    0.98000002    2.69000006
   13.82694435   88.77780151    0.58999997    2.71000004
   13.82777786   84.33499908    0.58999997    2.71000004
   13.83055592   88.07900238    0.51999998    2.69000006
   13.83361053   85.71579742    0.50000000    2.71000004
   13.83694458   97.51730347    0.50000000    2.69000006
   13.84000015   92.38809967    0.50000000    2.71000004
   13.84333324   91.41310120    0.50000000    2.71000004
   13.84666634   90.17800140    0.50000000    2.73000002
   13.85277843   90.17800140    0.50000000    2.71000004
   13.85694504   88.57800293    0.50000000    2.73000002
   13.86000061   86.57039642    0.50000000    2.73000002
   13.86111164   91.24490356    0.50000000    2.71000004
   13.86388969   89.00140381    0.50000000    2.71000004
   13.86694431   91.75990295    0.50000000    2.71000004
   13.87027836   86.92620087    0.50000000    2.71000004
   13.87333393   90.13639832    0.50000000    2.71000004
   13.87666702   88.09290314    0.50000000    2.71000004
   13.88000011   91.08470154    0.50000000    2.71000004
   13.88305569   92.30380249    0.51999998    2.73000002
   13.88638878   98.74099731    0.63000000    2.71000004
   13.88972187   92.11370087    0.63000000    2.71000004
   13.89555550   92.11370087    0.52999997    2.71000004
   13.89972210   98.10179901    0.51999998    2.71000004
   13.90277767   91.51000214    0.50000000    2.69000006
   13.90611076   96.16690063    0.51999998    2.71000004
   13.90944386  101.45200348    0.79000002    2.71000004
   13.91249943   90.00340271    0.89999998    2.73000002
   13.91583252   83.97930145    2.05999994    2.69000006
   13.91888905   82.57859802    1.86000001    2.71000004
   13.92222214   90.76129913    1.00000000    2.71000004
   13.92555618   82.64209747    1.09000003    2.73000002
   13.92777824   86.70929718    1.09000003    2.73000002
   13.92916679   78.29499817    1.19000006    2.73000002
   13.93222237   84.93029785    0.83999997    2.71000004
   13.93833351   84.93029785    0.80000001    2.73000002
   13.94250011   90.71130371    0.83999997    2.73000002
   13.94583321   84.94879913    0.86000001    2.71000004
   13.94888878   82.77300262    0.83999997    2.69000006
   13.95222187   85.78620148    1.11000001    2.73000002
   13.95527744   90.14779663    1.11000001    2.73000002
   13.95861053   96.70339966    1.13000000    2.71000004
   13.96111107  102.90599823    1.14999998    2.71000004
   13.96249962   79.82890320    0.69000000    2.71000004
   13.96555519   84.13880157    0.55000001    2.71000004
   13.96888828   90.47019958    0.55000001    2.71000004
   13.97194386   91.95970154    0.52999997    2.73000002
   13.97527695   87.21399689    0.52999997    2.71000004
   13.98111057   87.21399689    0.56999999    2.73000002
   13.98527813  102.44599915    0.63000000    2.71000004
   13.98861122   95.16580200    0.67000002    2.71000004
   13.99166679   83.79689789    0.73000002    2.71000004
   13.99444485   96.14759827    0.76999998    2.71000004
   13.99555588   94.93630219    0.95999998    2.73000002
   13.99861145   91.58509827    1.00000000    2.73000002
   14.00194454   88.51640320    1.00000000    2.73000002
   14.00500011   90.02010345    1.01999998    2.71000004
   14.00833321   91.67919922    1.30999994    2.73000002
   14.01166630   97.72709656    1.44000006    2.71000004
   14.01472187   89.34079742    1.46000004    2.69000006
   14.01805496   96.23500061    2.07999992    2.69000006
   14.02416611   96.23500061    4.05999994    2.64000010
   14.02805519   93.56680298    4.90999985    2.57999992
   14.03138828   89.53350067    4.90999985    2.59999990
   14.03472233   93.08699799    4.90999985    2.57999992
   14.03777790  100.28700256    4.90999985    2.64000010
   14.04111195   91.30239868    4.59999990    2.67000008
   14.04444504   91.55699921    3.45000005    2.73000002
   14.04750061   96.17829895    2.91000009    2.66000009
   14.05083370   80.75340271    2.76999998    2.66000009
   14.05416679   93.27100372    2.86999989    2.64000010
   14.05722237   88.70159912    3.20000005    2.67000008
   14.06055546   96.97540283    3.50000000    2.61999989
   14.06138897   95.92279816    3.70000005    2.59999990
   14.06694412   95.92279816    4.32999992    2.59999990
   14.07111073   91.48069763    4.82999992    2.67000008
   14.07416630  102.47200012    4.90999985    2.67000008
   14.07750034  102.63600159    4.90999985    2.64000010
   14.08083344   91.66470337    4.90999985    2.53999996
   14.08388901   88.72550201    4.90999985    2.71000004
   14.08722210   92.12529755    4.90999985    2.71000004
   14.09027767   90.69670105    4.65999985    2.73000002
   14.09361076   92.86660004    3.89000010    2.73000002
   14.09444427   98.96130371    3.64000010    2.69000006
   14.09722233   97.14769745    4.34999990    2.71000004
   14.10027790   86.39270020    4.90999985    2.75000000
   14.10361195   96.25029755    4.90999985    2.76999998
   14.10972214   96.25029755    3.59999990    2.76999998
   14.11388969   91.15699768    4.90999985    2.82999992
   14.11722279  139.63499451    4.90999985    2.86999989
   14.12027836   -1.00000000    4.90999985    1.61000001
   14.12361145   -1.00000000    4.90999985    0.92000002
   14.12666702   89.40480042    4.90999985    2.19000006
   14.12777805   78.10189819    4.90999985    2.30999994
   14.13055611   75.64820099    4.90999985    2.89000010
   14.13361073  115.00800323    4.90999985    2.84999990
   14.13694477  101.45099640    4.90999985    2.55999994
   14.14027786  100.31199646    4.90999985    2.50000000
   14.14333344   86.94799805    4.90999985    2.59999990
   14.14666653   84.16790009    4.90999985    2.59999990
   14.15249920   84.16790009    4.90999985    2.69000006
   14.15666676   97.75070190    4.90999985    2.73000002
   14.15999985   96.13490295    4.34999990    2.69000006
   14.16111088  102.88200378    4.90999985    2.36999989
   14.16361046  101.16400146    4.90999985    2.46000004
   14.16666698   94.34220123    3.16000009    2.69000006
   14.17000008  105.03399658    0.56999999    2.76999998
   14.17333412   96.18620300    0.51999998    2.75000000
   14.17638874  101.36100006    0.50000000    2.75000000
   14.17972279   90.28269958    0.67000002    2.76999998
   14.18277836   91.86119843    1.78999996    2.76999998
   14.18611145   95.61740112    1.96000004    2.73000002
   14.18944454   93.36419678    2.86999989    2.76999998
   14.19555569   93.36419678    2.19000006    2.76999998
   14.19944477   91.38950348    0.98000002    2.76999998
   14.20277786   90.21199799    1.11000001    2.76999998
   14.20611095   94.06030273    1.58000004    2.78999996
   14.20916653   82.23210144    4.90999985    2.84999990
   14.21249962   90.95079803    4.90999985    2.78999996
   14.21583271   81.24210358    4.90999985    2.19000006
   14.21888828   85.60230255    4.90999985    2.80999994
   14.22222137   86.41100311    3.20000005    2.78999996
   14.22527695   86.66950226    3.07999992    2.76999998
   14.22777748   84.90650177    3.75000000    2.76999998
   14.22916603   91.64959717    3.41000009    2.76999998
   14.23222160   92.89360046    1.13000000    2.73000002
   14.23833370   92.89360046    0.47999999    2.75000000
   14.24250031   84.46089935    0.47999999    2.75000000
   14.24555588   84.42120361    0.47999999    2.75000000
   14.24888897   85.95960236    1.21000004    2.78999996
   14.25222206   88.61319733    4.90999985    2.82999992
   14.25527763   89.24729919    4.90999985    2.61999989
   14.25861073   91.54139709    4.90999985    2.82999992
   14.26111126   94.44390106    4.90999985    2.84999990
   14.26222229  119.62999725    4.90999985    2.69000006
   14.26527786  145.83200073    4.90999985    1.83000004
   14.26861095   -1.00000000    4.90999985    1.39999998
   14.27194405   87.65419769    4.90999985    1.46000004
   14.27499962   78.61910248    4.90999985    2.64000010
   14.28111076   78.61910248    1.96000004    2.76999998
   14.28527832   88.27749634    4.55999994    2.76999998
   14.28861141   94.24700165    3.09999990    2.75000000
   14.29166698   87.36309814    2.34999990    2.76999998
   14.29444504   91.10130310    2.21000004    2.76999998
   14.29555607   92.26180267    1.89999998    2.76999998
   14.29861164   85.07119751    2.30999994    2.76999998
   14.30194473   89.03620148    3.11999989    2.76999998
   14.30527782  104.14099884    2.64000010    2.80999994
   14.30833340   88.18939972    4.90999985    2.69000006
   14.31166649  112.96099854    4.90999985    2.86999989
   14.31472206  109.60099792    4.90999985    2.78999996
   14.31805515   -1.00000000    4.90999985    2.64000010
   14.32388878   -1.00000000    4.90999985    1.88000000
   14.32805538  169.64100647    4.90999985    2.26999998
   14.33138847  104.43099976    4.90999985    2.19000006
   14.33444405   91.88809967    4.90999985    2.69000006
   14.33777714   99.07389832    4.90999985    2.69000006
   14.34111118   94.65290070    4.90999985    2.73000002
   14.34416676   96.85220337    4.90999985    2.67000008
   14.34749985   93.69120026    4.90999985    2.82999992
   14.35083389  109.50900269    4.90999985    2.91000009
   14.35388947  138.25100708    4.90999985    1.86000001
   14.35722256   90.60430145    4.90999985    1.58000004
   14.36027813  110.07900238    4.90999985    2.82999992
   14.37083340   -1.00000000    4.90999985    0.09000000
   14.37416649   -1.00000000    4.90999985    0.13000000
   15.19138908  114.19999695    3.48000002    2.80999994
   15.19472218  126.67199707    1.78999996    2.80999994
   15.19805527  120.24400330    4.48999977    2.80999994
   15.20138836  114.17500305    4.90999985    2.82999992
   15.20472240  109.94100189    2.13000011    2.78999996
   15.20805550  112.15699768    1.28999996    2.78999996
   15.21222210  112.15699768    2.11999989    2.78999996
   15.21638870  119.89199829    2.36999989    2.76999998
   15.21999931  107.88600159    2.00000000    2.78999996
   15.22333336  113.32700348    2.69000006    2.80999994
   15.22472191  113.93199921    2.69000006    2.80999994
   15.22722149  114.28500366    3.25000000    2.75000000
   15.23055553  111.77400208    3.16000009    2.73000002
   15.23388958  119.19400024    2.28999996    2.78999996
   15.23722267  115.98400116    1.39999998    2.78999996
   15.24055576  103.74199677    1.19000006    2.78999996
   15.24388885  122.71399689    0.98000002    2.80999994
   15.24694443  106.43399811    0.94000000    2.80999994
   15.25027752  101.98899841    2.00000000    2.84999990
   15.25916672  313.50299072    4.90999985    1.09000003
   15.26111126  111.77400208    3.16000009    2.73000002
   15.26138878  119.19400024    2.28999996    2.78999996
   15.26138878  115.98400116    1.39999998    2.78999996
   15.26138878  103.74199677    1.19000006    2.78999996
   15.26166630  122.71399689    0.98000002    2.80999994
   15.26166630  106.43399811    0.94000000    2.80999994
   15.26166630  101.98899841    2.00000000    2.84999990
   15.26194477  313.50299072    4.90999985    1.09000003
   15.26194477  114.28500366    3.25000000    2.75000000
   15.26388931   -1.00000000    4.90999985    0.34000000
   15.26722240   -1.00000000    4.90999985    0.30000001
   15.27027798   -1.00000000    4.90999985    0.20999999
   15.27361107   -1.00000000    4.90999985    0.23000000
   15.27694416   -1.00000000    4.71999979    0.05000000
   15.28611183   -1.00000000    2.50000000    0.01000000
   15.28916740   -1.00000000    2.50000000    0.01000000
   15.29250050   -1.00000000    2.50000000    0.01000000
   15.29583359   -1.00000000    2.03999996    0.01000000
   15.29916668   -1.00000000    4.11999989    0.03000000
   15.30249977   -1.00000000    4.11999989    0.03000000
   15.30555534   -1.00000000    4.90999985    0.13000000
   15.30888939   -1.00000000    4.90999985    0.28000000
   15.31194496   -1.00000000    4.90999985    0.17000000
   15.31527805   -1.00000000    4.90999985    0.07000000
   15.31861115   -1.00000000    4.90999985    0.05000000
   15.32888889   -1.00000000    4.28999996    0.01000000
   15.33194447   -1.00000000    4.28999996    0.01000000
   15.33527756   -1.00000000    4.28999996    0.01000000
   15.33861065   -1.00000000    4.28999996    0.01000000
   15.34166622   -1.00000000    4.28999996    0.01000000
   15.34499931   -1.00000000    4.28999996    0.01000000
   15.34805489   -1.00000000    4.28999996    0.01000000
   15.35138893   -1.00000000    4.28999996    0.01000000
   15.35472298   -1.00000000    4.28999996    0.01000000
   15.35777855   -1.00000000    4.28999996    0.01000000
   15.36111164   -1.00000000    4.28999996    0.01000000
   15.37166691   -1.00000000    4.28999996    0.01000000
   15.37500000   -1.00000000    4.28999996    0.01000000
   15.37805557   -1.00000000    4.28999996    0.01000000
   15.38138866   -1.00000000    4.28999996    0.01000000
   15.38444424   -1.00000000    4.28999996    0.01000000
   15.38777733   -1.00000000    4.28999996    0.01000000
   15.39111137   -1.00000000    4.28999996    0.01000000
   15.39416695   -1.00000000    4.28999996    0.01000000
   15.39777756   -1.00000000    4.28999996    0.01000000
   15.40111065   -1.00000000    4.28999996    0.01000000
   15.40444374   -1.00000000    4.28999996    0.01000000
   15.41444397   -1.00000000    4.28999996    0.01000000
   15.41777802   -1.00000000    4.28999996    0.01000000
   15.42083359   -1.00000000    4.28999996    0.01000000
   15.42416668   -1.00000000    4.28999996    0.01000000
   15.42750072   -1.00000000    4.28999996    0.01000000
   15.43083382   -1.00000000    4.28999996    0.01000000
   15.43416691   -1.00000000    4.28999996    0.01000000
   15.43750000   -1.00000000    4.28999996    0.01000000
   15.44055557   -1.00000000    4.28999996    0.01000000
   15.44388866   -1.00000000    4.28999996    0.01000000
   15.44722271   -1.00000000    4.28999996    0.01000000
   15.45722198   -1.00000000    4.28999996    0.01000000
   15.46055508   -1.00000000    4.28999996    0.01000000
   15.46388912   -1.00000000    4.28999996    0.01000000
   15.46722221   -1.00000000    4.28999996    0.01000000
   15.47055531   -1.00000000    4.28999996    0.01000000
   15.47361088   -1.00000000    4.28999996    0.01000000
   15.47694397   -1.00000000    4.28999996    0.01000000
   15.48027706   -1.00000000    4.90999985    0.01000000
   15.48333359   -1.00000000    4.90999985    0.01000000
   15.48666668   -1.00000000    4.90999985    0.03000000
   15.49000072   -1.00000000    4.90999985    0.17000000
   15.50027752   -1.00000000    4.90999985    2.57999992
   15.50333309   -1.00000000    4.90999985    2.71000004
   15.50666714   -1.00000000    4.90999985    2.26999998
   15.51000023   -1.00000000    4.90999985    1.16999996
   15.51305580   -1.00000000    4.90999985    1.69000006
   15.51638889   -1.00000000    4.90999985    0.46000001
   15.51944447   -1.00000000    4.90999985    0.70999998
   15.52277756   -1.00000000    4.90999985    0.51999998
   15.52611065   -1.00000000    4.90999985    0.13000000
   15.52972221   -1.00000000    4.90999985    0.05000000
   15.53277779   -1.00000000    4.44999981    0.01000000
   15.54305553   -1.00000000    4.90999985    0.07000000
   15.54638958   -1.00000000    4.90999985    0.11000000
   15.54944515   -1.00000000    4.90999985    0.23000000
   15.55277824   -1.00000000    4.90999985    0.25999999
   15.55583382   -1.00000000    4.90999985    0.40000001
   15.55916691   -1.00000000    4.90999985    0.40000001
   15.56305599   -1.00000000    4.90999985    0.15000001
   15.56611156   -1.00000000    4.90999985    0.05000000
   15.56944466   -1.00000000    4.90999985    0.05000000
   15.57250023   -1.00000000    4.90999985    0.07000000
   15.57583332   -1.00000000    4.90999985    0.17000000
   15.58583260   -1.00000000    4.90999985    0.17000000
   15.58916664   -1.00000000    4.90999985    0.69000000
   15.59222221   -1.00000000    4.90999985    2.80999994
   15.59611034   -1.00000000    4.90999985    2.67000008
   15.59916592   -1.00000000    4.90999985    2.67000008
   15.60249996   -1.00000000    4.90999985    2.86999989
   15.60555553   -1.00000000    3.48000002    2.80999994
   15.60888958   -1.00000000    1.64999998    2.80999994
   15.61222267   -1.00000000    1.96000004    2.78999996
   15.61527824   -1.00000000    0.76999998    2.78999996
   15.61861134   -1.00000000    0.40000001    2.78999996
   15.62861156   -1.00000000    0.40000001    2.80999994
   15.63194466   -1.00000000    0.40000001    2.80999994
   15.63527775   -1.00000000    0.40000001    2.80999994
   15.63833332   -1.00000000    0.38000000    2.80999994
   15.64166641   -1.00000000    0.40000001    2.80999994
   15.64499950   -1.00000000    0.40000001    2.80999994
   15.64805508   -1.00000000    0.38000000    2.80999994
   15.65138817   -1.00000000    0.38000000    2.80999994
   15.65472221   -1.00000000    0.40000001    2.80999994
   15.65777779   -1.00000000    0.40000001    2.80999994
   15.66111088   -1.00000000    0.38000000    2.80999994
   15.67166710   -1.00000000    0.40000001    2.80999994
   15.67472267   -1.00000000    0.40000001    2.80999994
   15.67805576   -1.00000000    0.40000001    2.80999994
   15.68138885   -1.00000000    0.38000000    2.78999996
   15.68444443   -1.00000000    0.38000000    2.80999994
   15.68777752   -1.00000000    0.38000000    2.82999992
   15.69111156   -1.00000000    0.38000000    2.80999994
   15.69416714   -1.00000000    0.38000000    2.80999994
   15.69805527   -1.00000000    0.38000000    2.82999992
   15.70111084   -1.00000000    0.38000000    2.80999994
   15.70444393   -1.00000000    4.90999985    2.86999989
   15.71444416   -1.00000000    4.90999985    2.66000009
   15.71777725   -1.00000000    4.90999985    2.00000000
   15.72083282   -1.00000000    4.90999985    1.73000002
   15.72416592   -1.00000000    4.90999985    2.76999998
   15.72722149   -1.00000000    1.94000006    2.78999996
   15.73111057   -1.00000000    0.58999997    2.80999994
   15.73416710   -1.00000000    0.40000001    2.80999994
   15.73750019   -1.00000000    0.40000001    2.82999992
   15.74055576   -1.00000000    0.38000000    2.80999994
   15.74388885   -1.00000000    0.38000000    2.80999994
   15.74722290   -1.00000000    0.69000000    2.82999992
   15.75722218   -1.00000000    0.38000000    2.82999992
   15.76055527   -1.00000000    0.46000001    2.84999990
   15.76416683   -1.00000000    4.90999985    2.86999989
   15.76722240   -1.00000000    4.90999985    2.89000010
   15.77055550   -1.00000000    4.90999985    1.80999994
   15.77388859   -1.00000000    4.90999985    1.25000000
   15.77694416   -1.00000000    4.90999985    0.75000000
   15.78027725   -1.00000000    4.90999985    1.55999994
   15.78333378   -1.00000000    4.90999985    2.96000004
   15.78666687   -1.00000000    4.90999985    2.86999989
   15.79000092   -1.00000000    4.90999985    2.89000010
   15.80027771   -1.00000000    0.51999998    2.80999994
   15.80333328   -1.00000000    0.50000000    2.80999994
   15.80666733   -1.00000000    0.40000001    2.80999994
   15.81000042   -1.00000000    0.40000001    2.82999992
   15.81305599   -1.00000000    0.40000001    2.82999992
   15.81638908   -1.00000000    0.38000000    2.82999992
   15.81944466   -1.00000000    0.40000001    2.82999992
   15.82277775   -1.00000000    1.36000001    2.84999990
   15.82611084   -1.00000000    0.56999999    2.82999992
   15.82972240   -1.00000000    0.41999999    2.82999992
   15.83277798   -1.00000000    4.90999985    2.86999989
   15.84305477   -1.00000000    4.90999985    2.89000010
   15.84611034   -1.00000000    4.90999985    2.86999989
   15.84944439   -1.00000000    1.63000000    2.84999990
   15.85277843   -1.00000000    4.90999985    2.80999994
   15.85583401   -1.00000000    4.90999985    2.75000000
   15.85916710   -1.00000000    0.98000002    2.82999992
   15.86277771   -1.00000000    3.82999992    2.86999989
   15.86583328   -1.00000000    4.90999985    1.61000001
   15.86916637   -1.00000000    4.90999985    1.13000000
   15.87250042   -1.00000000    4.90999985    1.71000004
   15.87555599   -1.00000000    4.90999985    2.55999994
   15.88583279   -1.00000000    0.88000000    2.80999994
   15.88916683   -1.00000000    1.36000001    2.82999992
   15.89222240   -1.00000000    1.75000000    2.82999992
   15.89611053   -1.00000000    0.44000000    2.80999994
   15.89916611   -1.00000000    0.41999999    2.80999994
   15.90249920   -1.00000000    0.41999999    2.80999994
   15.90583324   -1.00000000    0.40000001    2.80999994
   15.90888882   -1.00000000    0.44000000    2.86999989
   15.91222191   -1.00000000    0.61000001    2.86999989
   15.91555500   -1.00000000    4.90999985    2.96000004
   15.91861153   -1.00000000    4.90999985    0.30000001
   15.92861176   -1.00000000    4.90999985    2.03999996
   15.93194485   -1.00000000    4.90999985    1.46000004
   15.93527794   -1.00000000    4.90999985    1.46000004
   15.93833351   -1.00000000    4.90999985    0.03000000
   15.94166660   -1.00000000    3.03999996    0.01000000
   15.94499969   -1.00000000    4.90999985    0.01000000
   15.94805527   -1.00000000    4.90999985    0.05000000
   15.95138836   -1.00000000    4.90999985    0.11000000
   15.95472240   -1.00000000    4.90999985    0.13000000
   15.95777798   -1.00000000    4.90999985    0.19000000
   15.96111107   -1.00000000    4.90999985    0.11000000
   15.97166634   -1.00000000    4.90999985    0.03000000
   15.97472191   -1.00000000    4.90999985    0.07000000
   15.97805500   -1.00000000    4.90999985    0.15000001
   15.98138809   -1.00000000    4.90999985    0.11000000
   15.98444462   -1.00000000    4.90999985    0.07000000
   15.98777771   -1.00000000    4.90999985    0.05000000
   15.99083328   -1.00000000    3.39000010    0.01000000
   15.99416733   -1.00000000    1.44000006    0.01000000
   15.99777794   -1.00000000    4.36999989    0.03000000
   16.00083351   -1.00000000    4.90999985    0.07000000
   16.00416756   -1.00000000    4.90999985    0.19000000
   16.01444435   -1.00000000    4.90999985    0.52999997
   16.01777840   -1.00000000    4.90999985    1.25000000
   16.02083397   -1.00000000    4.90999985    0.30000001
   16.02416611   -1.00000000    4.90999985    0.20999999
   16.02722168   -1.00000000    4.90999985    0.20999999
   16.03111076   -1.00000000    4.90999985    0.17000000
   16.03416634   -1.00000000    4.90999985    0.11000000
   16.03750038   -1.00000000    4.90999985    0.07000000
   16.04083252   -1.00000000    4.90999985    0.11000000
   16.04388809   -1.00000000    4.90999985    1.48000002
   16.04722214   -1.00000000    4.90999985    2.76999998
   16.05722237   -1.00000000    4.90999985    2.89000010
   16.06055450   -1.00000000    4.90999985    2.94000006
   16.06416512   -1.00000000    4.90999985    1.23000002
   16.06722260   -1.00000000    4.90999985    0.31999999
   16.07055664   -1.00000000    4.90999985    0.03000000
   16.07389069   -1.00000000    3.59999990    0.01000000
   16.07694626   -1.00000000    3.59999990    0.01000000
   16.08027840   -1.00000000    3.59999990    0.01000000
   16.08361244   -1.00000000    3.59999990    0.01000000
   16.08666801   -1.00000000    3.59999990    0.01000000
   16.09000015   -1.00000000    2.96000004    0.01000000
   16.10000038   -1.00000000    4.90999985    0.09000000
   16.10333443   -1.00000000    4.90999985    0.25000000
   16.10666656   -1.00000000    4.90999985    0.69000000
   16.10972214   -1.00000000    4.90999985    2.44000006
   16.11305618   -1.00000000    4.90999985    2.51999998
   16.11611176   -1.00000000    4.90999985    1.63000000
   16.11944389   -1.00000000    4.90999985    0.20999999
   16.12277794   -1.00000000    4.90999985    0.20999999
   16.12583351   -1.00000000    4.90999985    0.28000000
   16.12944412   -1.00000000    4.90999985    0.75000000
   16.13249969   -1.00000000    4.90999985    1.05999994
   16.14305496   -1.00000000    4.90999985    2.89000010
   16.14611053   -1.00000000    4.90999985    2.76999998
   16.14944458   -1.00000000    4.90999985    2.82999992
   16.15277672   -1.00000000    4.90999985    2.84999990
   16.15583229   -1.00000000    4.90999985    2.82999992
   16.15916634   -1.00000000    4.90999985    2.86999989
   16.16277695   -1.00000000    4.90999985    1.36000001
   16.16583252   -1.00000000    4.90999985    0.41999999
   16.16916656   -1.00000000    4.90999985    0.11000000
   16.17249870   -1.00000000    4.90999985    0.05000000
   16.17555428   -1.00000000    4.90999985    0.03000000
   16.18583298   -1.00000000    2.09999990    0.01000000
   16.18888855   -1.00000000    2.09999990    0.01000000
   16.20861244   -1.00000000    4.90999985    0.20999999
   16.21222305   -1.00000000    1.76999998    0.01000000
   16.21555710   -1.00000000    1.76999998    0.01000000
   16.21888924   -1.00000000    1.76999998    0.01000000
   16.22888947   -1.00000000    1.76999998    0.01000000
   16.23194504   -1.00000000    1.76999998    0.01000000
   16.23527718   -1.00000000    1.76999998    0.01000000
   16.23833275   -1.00000000    2.07999992    0.01000000
   16.24166679   -1.00000000    1.55999994    0.01000000
   16.24527740   -1.00000000    1.94000006    0.01000000
   16.24861145   -1.00000000    2.89000010    0.01000000
   16.25194359   -1.00000000    3.72000003    0.01000000
   16.25499916   -1.00000000    4.67999983    0.01000000
   16.25833321   -1.00000000    4.90999985    0.03000000
   16.26166725   -1.00000000    4.90999985    0.07000000
   16.27166557   -1.00000000    4.90999985    0.19000000
   16.27472115   -1.00000000    4.90999985    0.17000000
   16.27833366   -1.00000000    4.90999985    0.13000000
   16.28166580   -1.00000000    4.90999985    0.13000000
   16.28499985   -1.00000000    4.90999985    0.11000000
   16.28805542   -1.00000000    4.90999985    0.07000000
   16.29138756   -1.00000000    4.90999985    0.07000000
   16.29472160   -1.00000000    4.90999985    0.09000000
   16.29777718   -1.00000000    4.90999985    0.15000001
   16.30111122   -1.00000000    4.90999985    0.25000000
   16.30444336   -1.00000000    4.90999985    0.31999999
   16.31444359   -1.00000000    4.90999985    2.91000009
   16.31777954   -1.00000000    4.90999985    2.86999989
   16.32083511   -1.00000000    4.00000000    2.82999992
   16.32416725   -1.00000000    0.95999998    2.80999994
   16.32750130   -1.00000000    1.03999996    2.82999992
   16.33055687   -1.00000000    1.38000000    2.80999994
   16.33388901   -1.00000000    0.50000000    2.78999996
   16.33722305   -1.00000000    0.47999999    2.80999994
   16.34027863   -1.00000000    0.41999999    2.80999994
   16.34388924   -1.00000000    0.44000000    2.78999996
   16.34722328   -1.00000000    2.07999992    2.80999994
   16.35722351   -1.00000000    0.38000000    2.80999994
   16.36055565   -1.00000000    0.40000001    2.80999994
   16.36388969   -1.00000000    0.40000001    2.80999994
   16.36694527   -1.00000000    0.40000001    2.80999994
   16.37027740   -1.00000000    0.38000000    2.80999994
   16.37361145   -1.00000000    0.36000001    2.80999994
   16.37694550   -1.00000000    0.38000000    2.82999992
   16.38027763   -1.00000000    0.38000000    2.82999992
   16.38361168   -1.00000000    0.38000000    2.82999992
   16.38666725   -1.00000000    0.36000001    2.82999992
   16.38999939   -1.00000000    0.36000001    2.82999992
   16.40027809   -1.00000000    0.36000001    2.80999994
   16.40333366   -1.00000000    0.36000001    2.80999994
   16.40666580   -1.00000000    0.36000001    2.80999994
   16.41027832   -1.00000000    0.36000001    2.82999992
   16.41361046   -1.00000000    0.36000001    2.82999992
   16.41694450   -1.00000000    0.38000000    2.82999992
   16.42027664   -1.00000000    0.36000001    2.82999992
   16.42333221   -1.00000000    0.38000000    2.82999992
   16.42666626   -1.00000000    0.38000000    2.80999994
   16.43000031   -1.00000000    0.36000001    2.82999992
   16.43333244   -1.00000000    0.38000000    2.80999994
   16.44305420   -1.00000000    0.38000000    2.80999994
   16.44610977   -1.00000000    0.40000001    2.80999994
   16.44944382   -1.00000000    0.38000000    2.80999994
   16.45277786   -1.00000000    0.38000000    2.80999994
   16.45583344   -1.00000000    0.38000000    2.80999994
   16.45916748   -1.00000000    0.40000001    2.82999992
   16.46250153   -1.00000000    0.38000000    2.82999992
   16.46555710   -1.00000000    0.38000000    2.80999994
   16.46888924   -1.00000000    0.38000000    2.82999992
   16.47222328   -1.00000000    0.38000000    2.80999994
   16.47527885   -1.00000000    0.38000000    2.80999994
   16.48583412   -1.00000000    0.38000000    2.80999994
   16.48916626   -1.00000000    0.36000001    2.82999992
   16.49222183   -1.00000000    0.36000001    2.82999992
   16.49555588   -1.00000000    0.38000000    2.82999992
   16.49888992   -1.00000000    0.36000001    2.82999992
   16.50194359   -1.00000000    0.36000001    2.80999994
   16.50527763   -1.00000000    0.36000001    2.80999994
   16.50861168   -1.00000000    0.38000000    2.80999994
   16.51222229   -1.00000000    0.36000001    2.82999992
   16.51527786   -1.00000000    0.36000001    2.80999994
   16.51861000   -1.00000000    0.36000001    2.82999992
   16.52861023   -1.00000000    0.38000000    2.82999992
   16.53194427   -1.00000000    0.36000001    2.80999994
   16.53527641   -1.00000000    0.36000001    2.82999992
   16.53833199   -1.00000000    0.36000001    2.82999992
   16.54166603   -1.00000000    0.36000001    2.82999992
   16.54527664   -1.00000000    0.36000001    2.80999994
   16.54833221   -1.00000000    0.36000001    2.80999994
   16.55166626   -1.00000000    0.38000000    2.80999994
   16.55499840   -1.00000000    0.38000000    2.80999994
   16.55805397   -1.00000000    0.38000000    2.80999994
   16.56138802   -1.00000000    0.38000000    2.82999992
   16.57166672   -1.00000000    0.41999999    2.80999994
   16.57472229   -1.00000000    0.41999999    2.80999994
   16.57833481   -1.00000000    0.73000002    2.84999990
   16.58139038   -1.00000000    4.90999985    1.09000003
   16.58472252   -1.00000000    4.90999985    2.53999996
   16.58805656   -1.00000000    4.90999985    2.84999990
   16.59111214   -1.00000000    3.39000010    2.80999994
   16.59444427   -1.00000000    3.14000010    2.82999992
   16.59777832   -1.00000000    3.03999996    2.80999994
   16.60083389   -1.00000000    2.82999992    2.80999994
   16.60416794   -1.00000000    3.51999998    2.82999992
   16.61444473   -1.00000000    1.94000006    2.80999994
   16.61750031   -1.00000000    2.11999989    2.82999992
   16.62083435   -1.00000000    1.88000000    2.82999992
   16.62416649   -1.00000000    1.83000004    2.80999994
   16.62722206   -1.00000000    2.21000004    2.80999994
   16.63055611   -1.00000000    3.34999990    2.80999994
   16.63388824   -1.00000000    3.34999990    2.80999994
   16.63694382   -1.00000000    4.90999985    2.91000009
   16.64027786   -1.00000000    4.90999985    0.46000001
   16.64388847   -1.00000000    4.90999985    0.36000001
   16.64694405   -1.00000000    4.90999985    0.83999997
   16.65722275   -1.00000000    4.90999985    1.11000001
   16.66055489   -1.00000000    4.90999985    2.91000009
   16.66361046   -1.00000000    4.90999985    2.96000004
   16.66694450   -1.00000000    4.90999985    2.80999994
   16.67027664   -1.00000000    4.90999985    2.84999990
   16.67333221   -1.00000000    4.90999985    1.41999996
   16.67722130   -1.00000000    4.90999985    0.64999998
   16.68027687   -1.00000000    4.90999985    0.52999997
   16.68361092   -1.00000000    4.90999985    0.28000000
   16.68694305   -1.00000000    4.90999985    0.23000000
   16.68999863   -1.00000000    4.90999985    0.28000000
   16.70000076   -1.00000000    4.90999985    1.94000006
   16.70333481   -1.00000000    4.90999985    2.82999992
   16.70666695   -1.00000000    4.90999985    2.01999998
   16.71027946   -1.00000000    4.90999985    1.64999998
   16.71333504   -1.00000000    4.90999985    1.26999998
   16.71666718   -1.00000000    4.90999985    0.92000002
   16.72000122   -1.00000000    4.90999985    2.86999989
   16.72305679   -1.00000000    4.90999985    1.26999998
   16.72638893   -1.00000000    4.90999985    0.75000000
   16.72972298   -1.00000000    4.90999985    0.38000000
   16.73277855   -1.00000000    4.90999985    0.92000002
   16.74305534   -1.00000000    4.90999985    1.88000000
   16.74611092   -1.00000000    4.90999985    2.89000010
   16.74944496   -1.00000000    4.90999985    2.51999998
   16.75250053   -1.00000000    4.90999985    2.21000004
   16.75583267   -1.00000000    4.90999985    2.44000006
   16.75916672   -1.00000000    4.90999985    2.89000010
   16.76250076   -1.00000000    4.90999985    2.84999990
   16.76555634   -1.00000000    4.90999985    2.76999998
   16.76888847   -1.00000000    4.90999985    2.75000000
   16.77194405   -1.00000000    4.90999985    2.75000000
   16.77527809   -1.00000000    4.90999985    2.82999992
   16.78583336   -1.00000000    4.90999985    2.82999992
   16.78888893   -1.00000000    4.90999985    2.80999994
   16.79222107   -1.00000000    4.90999985    2.84999990
   16.79555511   -1.00000000    4.90999985    2.80999994
   16.79861069   -1.00000000    4.90999985    2.84999990
   16.80194283   -1.00000000    4.90999985    2.84999990
   16.80527687   -1.00000000    4.90999985    2.86999989
   16.80833244   -1.00000000    4.90999985    2.36999989
   16.81194305   -1.00000000    4.90999985    1.51999998
   16.81499863   -1.00000000    4.90999985    1.73000002
   16.81833458   -1.00000000    4.90999985    2.61999989
   16.82861137   -1.00000000    4.90999985    2.78999996
   16.83194542   -1.00000000    4.90999985    2.78999996
   16.83500099   -1.00000000    4.90999985    2.76999998
   16.83833313   -1.00000000    4.90999985    1.61000001
   16.84166718   -1.00000000    4.90999985    2.07999992
   16.84527779   -1.00000000    4.90999985    0.23000000
   16.84833336   -1.00000000    4.90999985    0.09000000
   16.85166740   -1.00000000    2.91000009    0.05000000
   16.85499954   -1.00000000    4.90999985    0.05000000
   16.85805511   -1.00000000    4.90999985    0.07000000
   16.86138916   -1.00000000    4.90999985    0.11000000
   16.87138939   -1.00000000    4.90999985    0.03000000
   16.87472153   -1.00000000    3.05999994    0.01000000
   16.87833405   -1.00000000    3.18000007    0.01000000
   16.88138962   -1.00000000    4.53999996    0.01000000
   16.88472176   -1.00000000    4.90999985    0.01000000
   16.88805580   -1.00000000    4.42999983    0.01000000
   16.89111137   -1.00000000    2.11999989    0.01000000
   16.89444351   -1.00000000    4.90999985    0.03000000
   16.89777756   -1.00000000    4.90999985    0.03000000
   16.90083313   -1.00000000    3.16000009    0.01000000
   16.90416718   -1.00000000    1.86000001    0.01000000
   16.91416550   -1.00000000    1.86000001    0.01000000
   16.91749954   -1.00000000    1.71000004    0.01000000
   16.92083359   -1.00000000    1.23000002    0.01000000
   16.92388916   -1.00000000    1.33000004    0.01000000
   16.92722130   -1.00000000    3.00000000    0.03000000
   16.93055534   -1.00000000    4.90999985    0.05000000
   16.93388748   -1.00000000    4.90999985    0.13000000
   16.93694305   -1.00000000    4.90999985    0.34000000
   16.94027710   -1.00000000    4.90999985    0.25999999
   16.94388771   -1.00000000    4.90999985    0.07000000
   16.94694328   -1.00000000    4.90999985    0.05000000
   16.95722389   -1.00000000    4.90999985    0.01000000
   16.96027946   -1.00000000    4.90999985    0.01000000
   16.96361160   -1.00000000    4.90999985    0.01000000
   16.96694565   -1.00000000    4.90999985    0.01000000
   16.97000122   -1.00000000    4.90999985    0.01000000
   16.97333336   -1.00000000    4.90999985    0.01000000
   16.97694588   -1.00000000    4.90999985    0.01000000
   16.98000145   -1.00000000    4.90999985    0.01000000
   16.98333359   -1.00000000    4.90999985    0.01000000
   16.98666763   -1.00000000    4.90999985    0.01000000
   16.98972321   -1.00000000    4.90999985    0.01000000
   17.00000000   -1.00000000    4.90999985    0.01000000
   17.00333405   -1.00000000    4.90999985    0.01000000
   17.00638962   -1.00000000    4.90999985    0.01000000
   17.01000023   -1.00000000    4.90999985    0.01000000
   17.01305580   -1.00000000    4.90999985    0.01000000
   17.01638794   -1.00000000    4.90999985    0.01000000
   17.01972198   -1.00000000    4.90999985    0.01000000
   17.02277756   -1.00000000    4.90999985    0.01000000
   17.02611160   -1.00000000    4.90999985    0.01000000
   17.02944374   -1.00000000    4.90999985    0.01000000
   17.03249931   -1.00000000    4.90999985    0.01000000
   17.04277802   -1.00000000    4.90999985    0.01000000
   17.04611015   -1.00000000    4.90999985    0.01000000
   17.04916573   -1.00000000    4.90999985    0.01000000
   17.05249977   -1.00000000    4.90999985    0.01000000
   17.05583191   -1.00000000    4.90999985    0.01000000
   17.05888748   -1.00000000    4.90999985    0.01000000
   17.06222153   -1.00000000    4.90999985    0.01000000
   17.06555557   -1.00000000    4.90999985    0.01000000
   17.06861115   -1.00000000    4.90999985    0.01000000
   17.07194519   -1.00000000    4.90999985    0.01000000
   17.07500076   -1.00000000    4.90999985    0.01000000
   17.08555603   -1.00000000    4.90999985    0.01000000
   17.08889008   -1.00000000    4.90999985    0.01000000
   17.09222221   -1.00000000    4.90999985    0.01000000
   17.09527779   -1.00000000    4.90999985    0.01000000
   17.09861183   -1.00000000    4.90999985    0.01000000
   17.10194397   -1.00000000    4.90999985    0.01000000
   17.10499954   -1.00000000    4.90999985    0.01000000
   17.10833359   -1.00000000    4.90999985    0.01000000
   17.11194420   -1.00000000    4.90999985    0.01000000
   17.11499977   -1.00000000    4.90999985    0.01000000
   17.11833382   -1.00000000    4.90999985    0.01000000
   17.12861061   -1.00000000    4.90999985    0.01000000
   17.13166618   -1.00000000    4.90999985    0.01000000
   17.13500023   -1.00000000    4.90999985    0.01000000
   17.13833237   -1.00000000    4.90999985    0.01000000
   17.14138794   -1.00000000    4.90999985    0.01000000
   17.14500046   -1.00000000    4.90999985    0.01000000
   17.14833260   -1.00000000    4.90999985    0.01000000
   17.15138817   -1.00000000    4.90999985    0.01000000
   17.15472221   -1.00000000    4.90999985    0.01000000
   17.15805435   -1.00000000    4.90999985    0.01000000
   17.16138840   -1.00000000    4.90999985    0.01000000
   17.17138863   -1.00000000    4.90999985    0.01000000
   17.17444420   -1.00000000    4.90999985    0.01000000
   17.17805481   -1.00000000    4.90999985    0.01000000
   17.18138885   -1.00000000    4.90999985    0.01000000
   17.18444443   -1.00000000    4.90999985    0.01000000
   17.18777657   -1.00000000    4.90999985    0.01000000
   17.19111061   -1.00000000    4.90999985    0.01000000
   17.19416618   -1.00000000    4.90999985    0.01000000
   17.19749832   -1.00000000    4.90999985    0.01000000
   17.20055580   -1.00000000    4.90999985    0.01000000
   17.20388985   -1.00000000    4.90999985    0.01000000
   17.22611237   -1.00000000    4.90999985    0.01000000
   17.22944450   -1.00000000    4.90999985    0.01000000
   17.23277855   -1.00000000    4.90999985    0.01000000
   17.23583412   -1.00000000    4.90999985    0.01000000
   17.23916626   -1.00000000    4.90999985    0.01000000
   17.24250031   -1.00000000    4.90999985    0.01000000
   17.24555588   -1.00000000    4.90999985    0.01000000
   17.24888992   -1.00000000    4.90999985    0.01000000
   17.25722313   -1.00000000    4.90999985    0.01000000
   17.26055527   -1.00000000    4.90999985    0.01000000
   17.26388931   -1.00000000    4.90999985    0.01000000
   17.26722145   -1.00000000    4.90999985    0.01000000
   17.27027702   -1.00000000    4.90999985    0.01000000
   17.27361107   -1.00000000    4.90999985    0.01000000
   17.27694511   -1.00000000    4.53999996    0.01000000
   17.28027725   -1.00000000    4.01999998    0.01000000
   17.28333282   -1.00000000    4.01999998    0.01000000
   17.28666687   -1.00000000    4.01999998    0.01000000
   17.28999901   -1.00000000    4.01999998    0.01000000
   17.30027771   -1.00000000    4.57999992    0.01000000
   17.30360985   -1.00000000    4.90999985    0.01000000
   17.30694389   -1.00000000    4.90999985    0.05000000
   17.31027794   -1.00000000    4.90999985    0.09000000
   17.31333351   -1.00000000    4.90999985    0.09000000
   17.31666756   -1.00000000    4.90999985    0.20999999
   17.32000160   -1.00000000    4.90999985    0.31999999
   17.32305717   -1.00000000    4.90999985    0.40000001
   17.32694626   -1.00000000    4.90999985    0.13000000
   17.33000183   -1.00000000    4.90999985    0.07000000
   17.33333397   -1.00000000    4.90999985    0.05000000
   17.34333420   -1.00000000    4.90999985    0.07000000
   17.34638977   -1.00000000    4.90999985    0.09000000
   17.34972191   -1.00000000    4.90999985    0.20999999
   17.35305595   -1.00000000    4.90999985    0.52999997
   17.35639000   -1.00000000    4.90999985    0.41999999
   17.36000061   -1.00000000    4.90999985    0.51999998
   17.36305618   -1.00000000    4.90999985    0.79000002
   17.36638832   -1.00000000    4.90999985    0.75000000
   17.36944389   -1.00000000    4.90999985    0.25999999
   17.37277794   -1.00000000    4.90999985    0.17000000
   17.37611198   -1.00000000    4.90999985    0.13000000
   17.38611031   -1.00000000    4.90999985    0.09000000
   17.38916588   -1.00000000    4.90999985    0.13000000
   17.39305496   -1.00000000    4.90999985    0.15000001
   17.39611053   -1.00000000    4.90999985    0.19000000
   17.39944458   -1.00000000    4.90999985    0.38000000
   17.40277672   -1.00000000    4.90999985    0.28000000
   17.40583229   -1.00000000    4.90999985    0.46000001
   17.40916634   -1.00000000    4.90999985    0.67000002
   17.41250038   -1.00000000    4.90999985    1.00000000
   17.41555595   -1.00000000    4.90999985    0.95999998
   17.41888809   -1.00000000    4.90999985    1.38000000
   17.42888832   -1.00000000    4.90999985    1.66999996
   17.43222237   -1.00000000    4.90999985    1.91999996
   17.43527603   -1.00000000    4.90999985    1.83000004
   17.43861008   -1.00000000    4.90999985    1.91999996
   17.44194412   -1.00000000    4.90999985    2.01999998
   17.44527626   -1.00000000    4.90999985    2.09999990
   17.44833183   -1.00000000    4.90999985    2.05999994
   17.45166779   -1.00000000    4.90999985    2.03999996
   17.45499992   -1.00000000    4.90999985    1.89999998
   17.45805550   -1.00000000    4.90999985    1.86000001
   17.46166801   -1.00000000    4.90999985    1.86000001
   17.47166634   -1.00000000    4.90999985    1.98000002
   17.47500038   -1.00000000    4.90999985    1.80999994
   17.47833443   -1.00000000    4.90999985    1.75000000
