    HOUR (UT)   FLARE FACTOR    SKY TESTER    SUN TESTER
   11.27027798   -1.00000000   -1.00000000   -1.00000000
   11.29277802  187.24299622    0.00000000    0.00000000
   11.29611111  278.21600342    0.00000000    0.00000000
   11.29916668  207.11399841    0.00000000    0.00000000
   11.30249977  205.35000610    0.00000000    0.00000000
   11.30555534  235.48899841    0.00000000    0.00000000
   11.30888939  233.21000671    0.00000000    0.00000000
   11.31305599  233.21000671    0.00000000    0.00000000
   11.31722260  208.39599609    0.00000000    0.00000000
   11.32027817  217.50100708    0.00000000    0.00000000
   11.32361126  187.51800537    0.00000000    0.00000000
   11.32583332  221.05700684    0.00000000    0.00000000
   11.32750034  200.71200562    0.00000000    0.00000000
   11.33083344  206.83900452    0.00000000    0.00000000
   11.33388901  196.75599670    0.00000000    0.00000000
   11.33722210  203.65199280    0.00000000    0.00000000
   11.34055519  212.03399658    0.00000000    0.00000000
   11.34361076  209.84300232    0.00000000    0.00000000
   11.34694386  219.83299255    0.00000000    0.00000000
   11.35000038  194.73699951    0.00000000    0.00000000
   11.35638905  194.73699951    0.00000000    0.00000000
   11.36055565  200.10800171    0.00000000    0.00000000
   11.36361122  199.20199585    0.00000000    0.00000000
   11.36694431  205.63800049    0.00000000    0.00000000
   11.37027836  202.65299988    0.00000000    0.00000000
   11.37361145  200.10699463    0.00000000    0.00000000
   11.37666702  199.00599670    0.00000000    0.00000000
   11.38000011  197.41700745    0.00000000    0.00000000
   11.38333321  196.16299438    0.00000000    0.00000000
   11.38666630  213.18099976    0.00000000    0.00000000
   11.38972187  192.30099487    0.00000000    0.00000000
   11.39305496  186.31700134    0.00000000    0.00000000
   11.39416695  202.19500732    0.00000000    0.00000000
   11.39888859  202.19500732    0.00000000    0.00000000
   11.40277767  190.48300171    0.00000000    0.00000000
   11.40611076  189.66000366    0.00000000    0.00000000
   11.40944386  206.76400757    0.00000000    0.00000000
   11.41249943  189.23100281    0.00000000    0.00000000
   11.41583252  206.85899353    0.00000000    0.00000000
   11.41916656  190.77699280    0.00000000    0.00000000
   11.42222214  203.88900757    0.00000000    0.00000000
   11.42555618  186.73199463    0.00000000    0.00000000
   11.42611122  199.02299500    0.00000000    0.00000000
   11.42944431  200.94000244    0.00000000    0.00000000
   11.43249989  186.30000305    0.00000000    0.00000000
   11.43583298  180.82499695    0.00000000    0.00000000
   11.44166660  180.82499695    0.00000000    0.00000000
   11.44583321  194.03799438    0.00000000    0.00000000
   11.44916630  197.78900146    0.00000000    0.00000000
   11.45222187  189.00799561    0.00000000    0.00000000
   11.45555496  193.11199951    0.00000000    0.00000000
   11.45888901  183.71099854    0.00000000    0.00000000
   11.45944405  188.58399963    0.00000000    0.00000000
   11.46249962  189.62899780    0.00000000    0.00000000
   11.46583271  184.01199341    0.00000000    0.00000000
   11.46888828   79.42179871    0.00000000    0.00000000
   11.47222137  106.10500336    0.00000000    0.00000000
   11.47555542  214.41900635    0.00000000    0.00000000
   11.47861099   -1.00000000    0.00000000    0.00000000
   11.48611164   -1.00000000    0.00000000    0.00000000
   11.49027824   -1.00000000    0.00000000    0.00000000
   11.49277782  115.21900177    0.00000000    0.00000000
   11.49388885  215.98800659    0.00000000    0.00000000
   11.49722290  132.24800110    0.00000000    0.00000000
   11.50055599   36.65079880    0.00000000    0.00000000
   11.50361156   -1.00000000    0.00000000    0.00000000
   11.50694466   -1.00000000    0.00000000    0.00000000
   11.51027775   -1.00000000    0.00000000    0.00000000
   11.51333332   -1.00000000    0.00000000    0.00000000
   11.51666641   -1.00000000    0.00000000    0.00000000
   11.51972198   -1.00000000    0.00000000    0.00000000
   11.52305508   -1.00000000    0.00000000    0.00000000
   11.53138828   -1.00000000    0.00000000    0.00000000
   11.53444481   -1.00000000    0.00000000    0.00000000
   11.53777790   -1.00000000    0.00000000    0.00000000
   11.54111195   -1.00000000    0.00000000    0.00000000
   11.54416752   -1.00000000    0.00000000    0.00000000
   11.54750061  280.22198486    0.00000000    0.00000000
   11.55083370  312.64099121    0.00000000    0.00000000
   11.55388927  230.85299683    0.00000000    0.00000000
   11.55722237  216.99099731    0.00000000    0.00000000
   11.55944443  281.13699341    0.00000000    0.00000000
   11.56083393  286.24099731    0.00000000    0.00000000
   11.56388950  320.24200439    0.00000000    0.00000000
   11.57027817  320.24200439    0.00000000    0.00000000
   11.57444477  197.24299622    0.00000000    0.00000000
   11.57750034  242.79200745    0.00000000    0.00000000
   11.58083344  183.28300476    0.00000000    0.00000000
   11.58388901  169.27799988    0.00000000    0.00000000
   11.58722210  184.45700073    0.00000000    0.00000000
   11.59055519  171.69700623    0.00000000    0.00000000
   11.59277725  175.38000488    0.00000000    0.00000000
   11.59416676  182.23500061    0.00000000    0.00000000
   11.59722233  196.69900513    0.00000000    0.00000000
   11.60055637  178.11700439    0.00000000    0.00000000
   11.60388947  187.26899719    0.00000000    0.00000000
   11.60694504  176.71299744    0.00000000    0.00000000
   11.61305618  176.71299744    0.00000000    0.00000000
   11.61722279  170.23899841    0.00000000    0.00000000
   11.62027836  173.82099915    0.00000000    0.00000000
   11.62361145  186.36799622    0.00000000    0.00000000
   11.62611103  178.00700378    0.00000000    0.00000000
   11.62722206  179.25500488    0.00000000    0.00000000
   11.63027763  181.77000427    0.00000000    0.00000000
   11.63361073  176.58099365    0.00000000    0.00000000
   11.63666630  169.07400513    0.00000000    0.00000000
   11.64000034  172.50399780    0.00000000    0.00000000
   11.64333344  173.10899353    0.00000000    0.00000000
   11.64638901  177.50500488    0.00000000    0.00000000
   11.64972210  165.23399353    0.00000000    0.00000000
   11.65583324  165.23399353    0.00000000    0.00000000
   11.65999985  178.87399292    0.00000000    0.00000000
   11.66305542  171.21800232    0.00000000    0.00000000
   11.66638851  173.48300171    0.00000000    0.00000000
   11.66972256  169.26400757    0.00000000    0.00000000
   11.67277813  169.56300354    0.00000000    0.00000000
   11.67611122  172.20199585    0.00000000    0.00000000
   11.67944431  171.86599731    0.00000000    0.00000000
   11.68249989  174.33599854    0.00000000    0.00000000
   11.68583298  168.00599670    0.00000000    0.00000000
   11.68888855  168.45700073    0.00000000    0.00000000
   11.69222260  176.16499329    0.00000000    0.00000000
   11.69277763  175.68600464    0.00000000    0.00000000
   11.69861126  175.68600464    0.00000000    0.00000000
   11.70277786  176.10800171    0.00000000    0.00000000
   11.70611095  151.69999695    0.00000000    0.00000000
   11.70916653  164.17300415    0.00000000    0.00000000
   11.71249962  164.90199280    0.00000000    0.00000000
   11.71583271  163.94900513    0.00000000    0.00000000
   11.71888828  159.60400391    0.00000000    0.00000000
   11.72222137  171.00500488    0.00000000    0.00000000
   11.72555542  160.57299805    0.00000000    0.00000000
   11.72611046  168.72399902    0.00000000    0.00000000
   11.72916603  169.30599976    0.00000000    0.00000000
   11.73222160  163.55799866    0.00000000    0.00000000
   11.73555565  155.70300293    0.00000000    0.00000000
   11.74166679  155.70300293    0.00000000    0.00000000
   11.74555588  153.38299561    0.00000000    0.00000000
   11.74888897  164.80599976    0.00000000    0.00000000
   11.75222206  172.44500732    0.00000000    0.00000000
   11.75527763  164.22399902    0.00000000    0.00000000
   11.75861073  154.04400635    0.00000000    0.00000000
   11.75944424  160.02000427    0.00000000    0.00000000
   11.76222229  144.30499268    0.00000000    0.00000000
   11.76527786  162.72000122    0.00000000    0.00000000
   11.76861095  155.28300476    0.00000000    0.00000000
   11.77194405  156.26499939    0.00000000    0.00000000
   11.77499962  173.96299744    0.00000000    0.00000000
   11.77833271  157.03199768    0.00000000    0.00000000
   11.78444481  157.03199768    0.00000000    0.00000000
   11.78861141  167.37500000    0.00000000    0.00000000
   11.79166698  175.46499634    0.00000000    0.00000000
   11.79277802  166.62600708    0.00000000    0.00000000
   11.79555607  176.45799255    0.00000000    0.00000000
   11.79861164  179.94900513    0.00000000    0.00000000
   11.80194473  164.23699951    0.00000000    0.00000000
   11.80500031  160.55000305    0.00000000    0.00000000
   11.80833340  163.93800354    0.00000000    0.00000000
   11.81166649  187.53500366    0.00000000    0.00000000
   11.81472206  164.19000244    0.00000000    0.00000000
   11.81805515  170.33999634    0.00000000    0.00000000
   11.82138920  169.69000244    0.00000000    0.00000000
   11.82722187  169.69000244    0.00000000    0.00000000
   11.83138847  185.06900024    0.00000000    0.00000000
   11.83444405  177.22599792    0.00000000    0.00000000
   11.83777714  179.43099976    0.00000000    0.00000000
   11.84083271  178.47399902    0.00000000    0.00000000
   11.84416676  179.25700378    0.00000000    0.00000000
   11.84749985  157.95300293    0.00000000    0.00000000
   11.85055637  173.26400757    0.00000000    0.00000000
   11.85388947  196.55900574    0.00000000    0.00000000
   11.85722256  168.48300171    0.00000000    0.00000000
   11.85944462  165.49200439    0.00000000    0.00000000
   11.86083412  168.00900269    0.00000000    0.00000000
   11.86388969  155.85499573    0.00000000    0.00000000
   11.87027836  155.85499573    0.00000000    0.00000000
   11.87444496  166.85899353    0.00000000    0.00000000
   11.87805557  159.75199890    0.00000000    0.00000000
   11.88138866  153.41499329    0.00000000    0.00000000
   11.88444424  174.29699707    0.00000000    0.00000000
   11.88777733  161.19000244    0.00000000    0.00000000
   11.89111137  155.56500244    0.00000000    0.00000000
   11.89277744  168.35000610    0.00000000    0.00000000
   11.89472198  153.02900696    0.00000000    0.00000000
   11.89777756  154.19500732    0.00000000    0.00000000
   11.90111065  149.80299377    0.00000000    0.00000000
   11.90444374  164.99499512    0.00000000    0.00000000
   11.90749931  148.25999451    0.00000000    0.00000000
   11.91277695  148.25999451    0.00000000    0.00000000
   11.91694450  162.96400452    0.00000000    0.00000000
   11.92027855  157.39799500    0.00000000    0.00000000
   11.92333412  157.37100220    0.00000000    0.00000000
   11.92611122  158.96400452    0.00000000    0.00000000
   11.92722225  160.33900452    0.00000000    0.00000000
   11.93027782  171.86999512    0.00000000    0.00000000
   11.93361092  155.59199524    0.00000000    0.00000000
   11.93694496  156.77900696    0.00000000    0.00000000
   11.94000053  156.24000549    0.00000000    0.00000000
   11.94333363  151.53300476    0.00000000    0.00000000
   11.94638920  147.94400024    0.00000000    0.00000000
   11.94972229  148.18899536    0.00000000    0.00000000
   11.95583344  148.18899536    0.00000000    0.00000000
   11.95972157  160.86399841    0.00000000    0.00000000
   11.96305561  147.68600464    0.00000000    0.00000000
   11.96638870  158.59399414    0.00000000    0.00000000
   11.96944427  141.93299866    0.00000000    0.00000000
   11.97277737  153.48399353    0.00000000    0.00000000
   11.97694397  148.36900330    0.00000000    0.00000000
   11.97999954  140.53500366    0.00000000    0.00000000
   11.98333359  143.56599426    0.00000000    0.00000000
   11.98666668  147.75999451    0.00000000    0.00000000
   11.98972225  146.52400208    0.00000000    0.00000000
   11.99277782  144.08599854    0.00000000    0.00000000
   11.99361134  152.14500427    0.00000000    0.00000000
   11.99861145  152.14500427    0.00000000    0.00000000
   12.00277805  159.44999695    0.00000000    0.00000000
   12.00583363  158.10499573    0.00000000    0.00000000
   12.00916672  143.24299622    0.00000000    0.00000000
   12.01249981  135.47700500    0.00000000    0.00000000
   12.01555538  152.84899902    0.00000000    0.00000000
   12.01888847  149.43800354    0.00000000    0.00000000
   12.02194405  144.39999390    0.00000000    0.00000000
   12.02527714  138.69500732    0.00000000    0.00000000
   12.02611065  155.04899597    0.00000000    0.00000000
   12.02888870  144.86599731    0.00000000    0.00000000
   12.03194427  148.88999939    0.00000000    0.00000000
   12.03527832  153.74400330    0.00000000    0.00000000
   12.04138947  153.74400330    0.00000000    0.00000000
   12.04555607  155.01699829    0.00000000    0.00000000
   12.04888916  149.07299805    0.00000000    0.00000000
   12.05194473  161.90299988    0.00000000    0.00000000
   12.05583382  175.31199646    0.00000000    0.00000000
   12.05916691  189.72599792    0.00000000    0.00000000
   12.05972195  190.45100403    0.00000000    0.00000000
   12.06250000  142.45500183    0.00000000    0.00000000
   12.06583309  147.57499695    0.00000000    0.00000000
   12.06888866  176.60299683    0.00000000    0.00000000
   12.07222176  176.93499756    0.00000000    0.00000000
   12.07555580  178.28799438    0.00000000    0.00000000
   12.07861137  153.61900330    0.00000000    0.00000000
   12.08416653  153.61900330    0.00000000    0.00000000
   12.08833313  168.56799316    0.00000000    0.00000000
   12.09166622  171.55499268    0.00000000    0.00000000
   12.09305477  162.51899719    0.00000000    0.00000000
   12.09527779  148.25799561    0.00000000    0.00000000
   12.09861088  142.30299377    0.00000000    0.00000000
   12.10166740  153.17100525    0.00000000    0.00000000
   12.10500050  150.52600098    0.00000000    0.00000000
   12.10833359  151.33200073    0.00000000    0.00000000
   12.11138916  153.94299316    0.00000000    0.00000000
   12.11472225  153.06700134    0.00000000    0.00000000
   12.11805534  159.34199524    0.00000000    0.00000000
   12.12111092  141.80000305    0.00000000    0.00000000
   12.12722206  141.80000305    0.00000000    0.00000000
   12.13138866  153.87500000    0.00000000    0.00000000
   12.13444424  148.84199524    0.00000000    0.00000000
   12.13777733  148.11700439    0.00000000    0.00000000
   12.14083290  152.39100647    0.00000000    0.00000000
   12.14416695  164.08099365    0.00000000    0.00000000
   12.14750004  160.07600403    0.00000000    0.00000000
   12.15055561  151.12899780    0.00000000    0.00000000
   12.15388870  151.32200623    0.00000000    0.00000000
   12.15722179  140.66999817    0.00000000    0.00000000
   12.15972137  159.54899597    0.00000000    0.00000000
   12.16055489  160.72399902    0.00000000    0.00000000
   12.16388893  144.97599792    0.00000000    0.00000000
   12.17000008  144.97599792    0.00000000    0.00000000
   12.17416668  152.87100220    0.00000000    0.00000000
   12.17750072  155.29299927    0.00000000    0.00000000
   12.18055630  153.60899353    0.00000000    0.00000000
   12.18388939  158.71499634    0.00000000    0.00000000
   12.18694496  161.19299316    0.00000000    0.00000000
   12.19027805  167.00799561    0.00000000    0.00000000
   12.19305515  160.07499695    0.00000000    0.00000000
   12.19388866  158.03399658    0.00000000    0.00000000
   12.19722271  152.82899475    0.00000000    0.00000000
   12.20055580  154.67399597    0.00000000    0.00000000
   12.20361137  145.18400574    0.00000000    0.00000000
   12.20694447  148.18400574    0.00000000    0.00000000
   12.21277714  148.18400574    0.00000000    0.00000000
   12.21694374  159.69500732    0.00000000    0.00000000
   12.22027779  160.38999939    0.00000000    0.00000000
   12.22333336  148.62800598    0.00000000    0.00000000
   12.22638798  176.73100281    0.00000000    0.00000000
   12.22694397  179.00100708    0.00000000    0.00000000
   12.23027706  160.40899658    0.00000000    0.00000000
   12.23361111  152.05299377    0.00000000    0.00000000
   12.23666668  143.53900146    0.00000000    0.00000000
   12.24000072  165.95700073    0.00000000    0.00000000
   12.24333382  138.33799744    0.00000000    0.00000000
   12.24638939  139.78500366    0.00000000    0.00000000
   12.24972248  144.21699524    0.00000000    0.00000000
   12.25583363  144.21699524    0.00000000    0.00000000
   12.25972176  143.58599854    0.00000000    0.00000000
   12.26305580  171.97200012    0.00000000    0.00000000
   12.26638889  161.72000122    0.00000000    0.00000000
   12.26944447  141.71200562    0.00000000    0.00000000
   12.27277756  145.33299255    0.00000000    0.00000000
   12.27611065  148.35499573    0.00000000    0.00000000
   12.27916622  146.64300537    0.00000000    0.00000000
   12.28249931  150.79400635    0.00000000    0.00000000
   12.28555584  148.50000000    0.00000000    0.00000000
   12.28888893  139.36099243    0.00000000    0.00000000
   12.29222298  131.13099670    0.00000000    0.00000000
   12.29305553  142.93400574    0.00000000    0.00000000
   12.31361103  142.93400574    0.00000000    0.00000000
   12.31777763  143.76899719    0.00000000    0.00000000
   12.32138920  143.04699707    0.00000000    0.00000000
   12.32472229  146.39799500    0.00000000    0.00000000
   12.32638836  144.17199707    0.00000000    0.00000000
   12.32833290  148.83799744    0.00000000    0.00000000
   12.33138847  146.85600281    0.00000000    0.00000000
   12.33472157  141.94000244    0.00000000    0.00000000
   12.33777714  143.46600342    0.00000000    0.00000000
   12.34111118  139.96699524    0.00000000    0.00000000
   12.34444427  150.08700562    0.00000000    0.00000000
   12.34749985  142.75900269    0.00000000    0.00000000
   12.35083389  138.47000122    0.00000000    0.00000000
   12.35638905  138.47000122    0.00000000    0.00000000
   12.36055565  170.37300110    0.00000000    0.00000000
   12.36361122  174.25199890    0.00000000    0.00000000
   12.36694431  163.50999451    0.00000000    0.00000000
   12.37027836  160.86599731    0.00000000    0.00000000
   12.37333393  152.08700562    0.00000000    0.00000000
   12.37666702  152.70100403    0.00000000    0.00000000
   12.37972260  149.94099426    0.00000000    0.00000000
   12.38305569  141.57000732    0.00000000    0.00000000
   12.38638878  153.18499756    0.00000000    0.00000000
   12.38944435  164.53599548    0.00000000    0.00000000
   12.39277744  168.32699585    0.00000000    0.00000000
   12.39333344  171.21600342    0.00000000    0.00000000
   12.39916611  171.21600342    0.00000000    0.00000000
   12.40333271  145.12899780    0.00000000    0.00000000
   12.40666676  152.07299805    0.00000000    0.00000000
   12.40972137  130.68600464    0.00000000    0.00000000
   12.41305542  146.73899841    0.00000000    0.00000000
   12.41611099  149.24800110    0.00000000    0.00000000
   12.41944504  140.80700684    0.00000000    0.00000000
   12.42277813  159.47099304    0.00000000    0.00000000
   12.42583370  160.51100159    0.00000000    0.00000000
   12.42666721  144.33599854    0.00000000    0.00000000
   12.42944431  150.98699951    0.00000000    0.00000000
   12.43277836  137.73899841    0.00000000    0.00000000
   12.43611145  147.16000366    0.00000000    0.00000000
   12.44194412  147.16000366    0.00000000    0.00000000
   12.44611073  160.16299438    0.00000000    0.00000000
   12.44944477  149.45700073    0.00000000    0.00000000
   12.45249939  143.90199280    0.00000000    0.00000000
   12.45583344  157.71499634    0.00000000    0.00000000
   12.45916653  158.21200562    0.00000000    0.00000000
   12.46000004  167.59100342    0.00000000    0.00000000
   12.46249962  136.02600098    0.00000000    0.00000000
   12.46583271  154.37699890    0.00000000    0.00000000
   12.46916580  162.06500244    0.00000000    0.00000000
   12.47222137  142.46800232    0.00000000    0.00000000
   12.47555542  158.32200623    0.00000000    0.00000000
   12.47861099  139.89199829    0.00000000    0.00000000
   12.48472214  139.89199829    0.00000000    0.00000000
   12.48888874  131.78599548    0.00000000    0.00000000
   12.49361134  142.77200317    0.00000000    0.00000000
   12.49416733  145.95199585    0.00000000    0.00000000
   12.49722290  140.42900085    0.00000000    0.00000000
   12.50055599  140.67399597    0.00000000    0.00000000
   12.50361156  148.99200439    0.00000000    0.00000000
   12.50694466  150.85800171    0.00000000    0.00000000
   12.51000023  154.91900635    0.00000000    0.00000000
   12.51333332  138.03700256    0.00000000    0.00000000
   12.51666641  151.42100525    0.00000000    0.00000000
   12.51972198  139.90100098    0.00000000    0.00000000
   12.52305508  151.82400513    0.00000000    0.00000000
   12.52777767  151.82400513    0.00000000    0.00000000
   12.53222179  143.78500366    0.00000000    0.00000000
   12.53527832  139.67399597    0.00000000    0.00000000
   12.53861141  149.07699585    0.00000000    0.00000000
   12.54194450  149.71099854    0.00000000    0.00000000
   12.54500008  149.34399414    0.00000000    0.00000000
   12.54833412  135.80499268    0.00000000    0.00000000
   12.55138874  142.95199585    0.00000000    0.00000000
   12.55472279  138.88400269    0.00000000    0.00000000
   12.55805588  134.80700684    0.00000000    0.00000000
   12.56111145  144.89300537    0.00000000    0.00000000
   12.56194496  153.16799927    0.00000000    0.00000000
   12.56500053  148.78199768    0.00000000    0.00000000
   12.57055569  148.78199768    0.00000000    0.00000000
   12.57694435  128.43800354    0.00000000    0.00000000
   12.58027744  138.36599731    0.00000000    0.00000000
   12.58416653  141.51300049    0.00000000    0.00000000
   12.58722210  134.55700684    0.00000000    0.00000000
   12.59055519  145.61399841    0.00000000    0.00000000
   12.59388828  144.80799866    0.00000000    0.00000000
   12.59416676  143.42500305    0.00000000    0.00000000
   12.59722233  141.52799988    0.00000000    0.00000000
   12.60055637  133.47200012    0.00000000    0.00000000
   12.60361195  143.46099854    0.00000000    0.00000000
   12.60694504  140.52600098    0.00000000    0.00000000
   12.61333370  140.52600098    0.00000000    0.00000000
   12.61750031  146.78300476    0.00000000    0.00000000
   12.62083340  141.80900574    0.00000000    0.00000000
   12.62388897  141.80099487    0.00000000    0.00000000
   12.62722206  138.02200317    0.00000000    0.00000000
   12.62777805  141.15400696    0.00000000    0.00000000
   12.63083363  138.44999695    0.00000000    0.00000000
   12.63388920  135.67399597    0.00000000    0.00000000
   12.63722229  140.57400513    0.00000000    0.00000000
   12.64055538  140.63299561    0.00000000    0.00000000
   12.64361095  144.60499573    0.00000000    0.00000000
   12.64694405  142.99499512    0.00000000    0.00000000
   12.64999962  133.47000122    0.00000000    0.00000000
   12.66499996  133.47000122    0.00000000    0.00000000
   12.66916656  141.29100037    0.00000000    0.00000000
   12.67250061  140.65699768    0.00000000    0.00000000
   12.67555618  142.48399353    0.00000000    0.00000000
   12.67888927  148.07299805    0.00000000    0.00000000
   12.68222237  141.97300720    0.00000000    0.00000000
   12.68527794  141.81100464    0.00000000    0.00000000
   12.68861103  152.10099792    0.00000000    0.00000000
   12.69166660  154.93200684    0.00000000    0.00000000
   12.69499969  151.44900513    0.00000000    0.00000000
   12.69916630  151.44900513    0.00000000    0.00000000
   12.70333290  143.96800232    0.00000000    0.00000000
   12.70638847  146.81500244    0.00000000    0.00000000
   12.71000004  142.18899536    0.00000000    0.00000000
   12.71305561  132.55599976    0.00000000    0.00000000
   12.71638870  138.20300293    0.00000000    0.00000000
   12.71944427  140.58500671    0.00000000    0.00000000
   12.72277737  135.80499268    0.00000000    0.00000000
   12.72611046  134.26699829    0.00000000    0.00000000
   12.72916603  135.55599976    0.00000000    0.00000000
   12.73249912  140.52799988    0.00000000    0.00000000
   12.73416710  137.32099915    0.00000000    0.00000000
   12.73611164  140.07000732    0.00000000    0.00000000
   12.74194431  140.07000732    0.00000000    0.00000000
   12.74611092  132.98899841    0.00000000    0.00000000
   12.74944496  144.25199890    0.00000000    0.00000000
   12.75249958  140.93899536    0.00000000    0.00000000
   12.75583363  137.41099548    0.00000000    0.00000000
   12.75888920  130.90600586    0.00000000    0.00000000
   12.76222229  142.24000549    0.00000000    0.00000000
   12.76555538  138.08999634    0.00000000    0.00000000
   12.76749992  145.15699768    0.00000000    0.00000000
   12.76916599  151.84199524    0.00000000    0.00000000
   12.77222157  144.86000061    0.00000000    0.00000000
   12.77555561  139.12600708    0.00000000    0.00000000
   12.77861118  140.73599243    0.00000000    0.00000000
   12.78472233  140.73599243    0.00000000    0.00000000
   12.78888893  143.08700562    0.00000000    0.00000000
   12.79222298  147.58299255    0.00000000    0.00000000
   12.79527855  139.24600220    0.00000000    0.00000000
   12.79861164  148.20799255    0.00000000    0.00000000
   12.80111122  141.38800049    0.00000000    0.00000000
   12.80222225  148.52400208    0.00000000    0.00000000
   12.80555534  139.05099487    0.00000000    0.00000000
   12.80888939  152.65400696    0.00000000    0.00000000
   12.81194496  154.51600647    0.00000000    0.00000000
   12.81527805  140.61700439    0.00000000    0.00000000
   12.81833363  141.72200012    0.00000000    0.00000000
   12.82166672  135.43099976    0.00000000    0.00000000
   12.82777786  135.43099976    0.00000000    0.00000000
   12.83166695  136.76199341    0.00000000    0.00000000
   12.83444405  139.28199768    0.00000000    0.00000000
   12.83527756  144.80900574    0.00000000    0.00000000
   12.83861065  140.16600037    0.00000000    0.00000000
   12.84194374  147.84800720    0.00000000    0.00000000
   12.84499931  140.48500061    0.00000000    0.00000000
   12.84833336  140.43400574    0.00000000    0.00000000
   12.85138893  134.25900269    0.00000000    0.00000000
   12.85472298  135.19700623    0.00000000    0.00000000
   12.85805607  138.03100586    0.00000000    0.00000000
   12.86111164  135.90199280    0.00000000    0.00000000
   12.86444473  136.65299988    0.00000000    0.00000000
   12.87055588  136.65299988    0.00000000    0.00000000
   12.87472248  141.20199585    0.00000000    0.00000000
   12.87777805  136.99600220    0.00000000    0.00000000
   12.88111115  143.95100403    0.00000000    0.00000000
   12.88444424  132.85800171    0.00000000    0.00000000
   12.88749981  141.22300720    0.00000000    0.00000000
   12.89083290  140.89300537    0.00000000    0.00000000
   12.89416695  137.66200256    0.00000000    0.00000000
   12.89722252  136.95199585    0.00000000    0.00000000
   12.90055561  146.26199341    0.00000000    0.00000000
   12.90138817  147.05900574    0.00000000    0.00000000
   12.90416622  140.37399292    0.00000000    0.00000000
   12.90722179  141.50900269    0.00000000    0.00000000
   12.91333294  141.50900269    0.00000000    0.00000000
   12.91750050  136.13999939    0.00000000    0.00000000
   12.92083359  146.18600464    0.00000000    0.00000000
   12.92388916  155.78100586    0.00000000    0.00000000
   12.92722225  141.43299866    0.00000000    0.00000000
   12.93027782  144.66400146    0.00000000    0.00000000
   12.93361092  132.76699829    0.00000000    0.00000000
   12.93472195  140.82600403    0.00000000    0.00000000
   12.93722248  151.07800293    0.00000000    0.00000000
   12.94027805  141.18899536    0.00000000    0.00000000
   12.94361115  147.69000244    0.00000000    0.00000000
   12.94694424  144.29499817    0.00000000    0.00000000
   12.95138836  138.60200500    0.00000000    0.00000000
   12.95611095  138.60200500    0.00000000    0.00000000
   12.96027756  142.67199707    0.00000000    0.00000000
   12.96361065  139.84199524    0.00000000    0.00000000
   12.96666622  146.10699463    0.00000000    0.00000000
   12.96833324  144.99800110    0.00000000    0.00000000
   12.97027779  147.44000244    0.00000000    0.00000000
   12.97361088  149.24299622    0.00000000    0.00000000
   12.97694397  140.22200012    0.00000000    0.00000000
   12.97999954  152.06399536    0.00000000    0.00000000
   12.98333359  144.07200623    0.00000000    0.00000000
   12.98666668  143.01600647    0.00000000    0.00000000
   12.98972225  128.44799805    0.00000000    0.00000000
   12.99305534  148.37600708    0.00000000    0.00000000
   12.99916649  148.37600708    0.00000000    0.00000000
   13.00305557  142.65100098    0.00000000    0.00000000
   13.00638866  137.29400635    0.00000000    0.00000000
   13.00972176  141.07699585    0.00000000    0.00000000
   13.01277733  141.51100159    0.00000000    0.00000000
   13.01611137  141.80299377    0.00000000    0.00000000
   13.01944447  139.02600098    0.00000000    0.00000000
   13.02250004  143.92900085    0.00000000    0.00000000
   13.02583313  142.99299622    0.00000000    0.00000000
   13.02888870  148.54400635    0.00000000    0.00000000
   13.03222179  140.47200012    0.00000000    0.00000000
   13.03500080  144.12199402    0.00000000    0.00000000
   13.03611183  136.50700378    0.00000000    0.00000000
   13.04194450  136.50700378    0.00000000    0.00000000
   13.04611111  144.26600647    0.00000000    0.00000000
   13.04916668  156.88900757    0.00000000    0.00000000
   13.05249977  154.68899536    0.00000000    0.00000000
   13.05583382  133.27499390    0.00000000    0.00000000
   13.05888939  141.69400024    0.00000000    0.00000000
   13.06222248  150.25199890    0.00000000    0.00000000
   13.06555557  151.50799561    0.00000000    0.00000000
   13.06833363  149.27099609    0.00000000    0.00000000
   13.06916618  157.47599792    0.00000000    0.00000000
   13.07222176  138.48100281    0.00000000    0.00000000
   13.07555580  148.24499512    0.00000000    0.00000000
   13.07861137  134.72900391    0.00000000    0.00000000
   13.08472157  134.72900391    0.00000000    0.00000000
   13.08888817  134.66600037    0.00000000    0.00000000
   13.09222221  149.86900330    0.00000000    0.00000000
   13.09527779  153.54499817    0.00000000    0.00000000
   13.09861088  139.06399536    0.00000000    0.00000000
   13.10166740  138.71000671    0.00000000    0.00000000
   13.10222244  141.05599976    0.00000000    0.00000000
   13.10527802  138.44200134    0.00000000    0.00000000
   13.10861111  138.08999634    0.00000000    0.00000000
   13.11166668  144.36599731    0.00000000    0.00000000
   13.11500072  143.19299316    0.00000000    0.00000000
   13.11833382  140.63099670    0.00000000    0.00000000
   13.12138939  144.51400757    0.00000000    0.00000000
   13.12750053  144.51400757    0.00000000    0.00000000
   13.13166714  136.86399841    0.00000000    0.00000000
   13.13500023  146.47399902    0.00000000    0.00000000
   13.13555527  134.05799866    0.00000000    0.00000000
   13.13861084  130.54600525    0.00000000    0.00000000
   13.14194393  135.64500427    0.00000000    0.00000000
   13.14499950  141.85000610    0.00000000    0.00000000
   13.14833355  141.63299561    0.00000000    0.00000000
   13.15166664  147.17199707    0.00000000    0.00000000
   13.15472221  139.84100342    0.00000000    0.00000000
   13.15805531  137.75799561    0.00000000    0.00000000
   13.16111088  134.96200562    0.00000000    0.00000000
   13.16444397  146.07299805    0.00000000    0.00000000
   13.17055607  146.07299805    0.00000000    0.00000000
   13.17444515  142.08900452    0.00000000    0.00000000
   13.17777824  144.66900635    0.00000000    0.00000000
   13.18111134  135.62199402    0.00000000    0.00000000
   13.18416691  144.62199402    0.00000000    0.00000000
   13.18750000  137.62600708    0.00000000    0.00000000
   13.19083309  146.58299255    0.00000000    0.00000000
   13.19388866  140.55999756    0.00000000    0.00000000
   13.19722271  143.99200439    0.00000000    0.00000000
   13.20055580  140.82600403    0.00000000    0.00000000
   13.20166683  138.17500305    0.00000000    0.00000000
   13.20416641  136.94000244    0.00000000    0.00000000
   13.20722198  140.36799622    0.00000000    0.00000000
   13.21333313  140.36799622    0.00000000    0.00000000
   13.21749973  143.43699646    0.00000000    0.00000000
   13.22055531  136.30000305    0.00000000    0.00000000
   13.22388840  130.33599854    0.00000000    0.00000000
   13.22722149  137.23100281    0.00000000    0.00000000
   13.23027706  143.30299377    0.00000000    0.00000000
   13.23361111  141.05799866    0.00000000    0.00000000
   13.23500061  139.35400391    0.00000000    0.00000000
   13.23722267  151.41400146    0.00000000    0.00000000
   13.24027824  150.14999390    0.00000000    0.00000000
   13.24361134  147.90699768    0.00000000    0.00000000
   13.24694443  162.46200562    0.00000000    0.00000000
   13.25000000  155.34899902    0.00000000    0.00000000
   13.25611115  155.34899902    0.00000000    0.00000000
   13.26027775  148.59800720    0.00000000    0.00000000
   13.26361084  145.48199463    0.00000000    0.00000000
   13.26666641  144.22200012    0.00000000    0.00000000
   13.26861095  145.52900696    0.00000000    0.00000000
   13.27055550  142.64500427    0.00000000    0.00000000
   13.27388859  137.04299927    0.00000000    0.00000000
   13.27722168  143.27699280    0.00000000    0.00000000
   13.28027725  138.97300720    0.00000000    0.00000000
   13.29277802  142.52499390    0.00000000    0.00000000
   13.29583359  131.85600281    0.00000000    0.00000000
   13.30194473  131.85600281    0.00000000    0.00000000
   13.30611134  150.73899841    0.00000000    0.00000000
   13.30833340  148.14900208    0.00000000    0.00000000
   13.31000042  135.97300720    0.00000000    0.00000000
   13.32944393  133.31599426    0.00000000    0.00000000
   13.33277798  133.53199768    0.00000000    0.00000000
   13.33611107  142.63099670    0.00000000    0.00000000
   13.33916664  124.51300049    0.00000000    0.00000000
   13.34777737  124.51300049    0.00000000    0.00000000
   13.35166740  128.86300659    0.00000000    0.00000000
   13.35500050  146.41799927    0.00000000    0.00000000
   13.35833359  139.18499756    0.00000000    0.00000000
   13.36138916  132.68800354    0.00000000    0.00000000
   13.36472225  140.03199768    0.00000000    0.00000000
   13.36805534  137.63900757    0.00000000    0.00000000
   13.37111092  139.46499634    0.00000000    0.00000000
   13.37444496  143.85299683    0.00000000    0.00000000
   13.37583351  143.39599609    0.00000000    0.00000000
   13.37805557  135.18699646    0.00000000    0.00000000
   13.38138866  124.73400116    0.00000000    0.00000000
   13.38777733  124.73400116    0.00000000    0.00000000
   13.39194393  133.71899414    0.00000000    0.00000000
   13.39527798  133.47000122    0.00000000    0.00000000
   13.39861107  140.67700195    0.00000000    0.00000000
   13.40166664  125.74700165    0.00000000    0.00000000
   13.40499973  141.75599670    0.00000000    0.00000000
   13.40805531  127.73400116    0.00000000    0.00000000
   13.40916634  131.39199829    0.00000000    0.00000000
   13.41166592  130.24400330    0.00000000    0.00000000
   13.41499996  131.98100281    0.00000000    0.00000000
   13.41805553  137.23399353    0.00000000    0.00000000
   13.42138958  133.41600037    0.00000000    0.00000000
   13.42472267  131.14399719    0.00000000    0.00000000
   13.43083382  131.14399719    0.00000000    0.00000000
   13.43500042  135.67100525    0.00000000    0.00000000
   13.43805599  136.24499512    0.00000000    0.00000000
   13.44138908  146.39300537    0.00000000    0.00000000
   13.44277763  133.94599915    0.00000000    0.00000000
   13.44499969  134.46899414    0.00000000    0.00000000
   13.44805527  135.23899841    0.00000000    0.00000000
   13.45138836  129.83299255    0.00000000    0.00000000
   13.45472240  140.63699341    0.00000000    0.00000000
   13.45777798  131.53599548    0.00000000    0.00000000
   13.46111107  142.59500122    0.00000000    0.00000000
   13.46444416  127.49400330    0.00000000    0.00000000
   13.46749973  137.28700256    0.00000000    0.00000000
   13.47361088  137.28700256    0.00000000    0.00000000
   13.47777748  128.68600464    0.00000000    0.00000000
   13.48083305  134.09700012    0.00000000    0.00000000
   13.48416710  128.48300171    0.00000000    0.00000000
   13.48750019  134.90199280    0.00000000    0.00000000
   13.49055576  135.10099792    0.00000000    0.00000000
   13.49388885  136.80400085    0.00000000    0.00000000
   13.49722290  136.24600220    0.00000000    0.00000000
   13.50027752  136.55599976    0.00000000    0.00000000
   13.50361156  132.05200195    0.00000000    0.00000000
   13.50666714  126.13200378    0.00000000    0.00000000
   13.50944424  129.23699951    0.00000000    0.00000000
   13.51055527  132.68899536    0.00000000    0.00000000
   13.51638889  132.68899536    0.00000000    0.00000000
   13.52055550  142.33500671    0.00000000    0.00000000
   13.52388859  140.94900513    0.00000000    0.00000000
   13.52694416  131.37199402    0.00000000    0.00000000
   13.53027725  131.62500000    0.00000000    0.00000000
   13.53361130  141.53500366    0.00000000    0.00000000
   13.53666687  133.29899597    0.00000000    0.00000000
   13.54000092  138.81300354    0.00000000    0.00000000
   13.54277802  129.42100525    0.00000000    0.00000000
   13.54361153  141.53399658    0.00000000    0.00000000
   13.54666710  128.53700256    0.00000000    0.00000000
   13.55000019  139.04100037    0.00000000    0.00000000
   13.55333328  131.77499390    0.00000000    0.00000000
   13.55916691  131.77499390    0.00000000    0.00000000
   13.56333351  138.95500183    0.00000000    0.00000000
   13.56666660  139.18800354    0.00000000    0.00000000
   13.56999969  140.25199890    0.00000000    0.00000000
   13.57305527  131.60899353    0.00000000    0.00000000
   13.57611084  137.77400208    0.00000000    0.00000000
   13.57666683  140.60099792    0.00000000    0.00000000
   13.57972240  138.08099365    0.00000000    0.00000000
   13.58305550  135.18099976    0.00000000    0.00000000
   13.58638859  134.50199890    0.00000000    0.00000000
   13.58944416  130.55099487    0.00000000    0.00000000
   13.59277725  130.97700500    0.00000000    0.00000000
   13.59611034  140.65699768    0.00000000    0.00000000
   13.60222244  140.65699768    0.00000000    0.00000000
   13.60638905  135.61700439    0.00000000    0.00000000
   13.60944462  136.72799683    0.00000000    0.00000000
   13.61000061  134.62800598    0.00000000    0.00000000
   13.61333370  135.80499268    0.00000000    0.00000000
   13.61638927  133.24299622    0.00000000    0.00000000
   13.61972237  135.97399902    0.00000000    0.00000000
   13.62277794  127.73000336    0.00000000    0.00000000
   13.62611103  131.93299866    0.00000000    0.00000000
   13.62944412  138.33599854    0.00000000    0.00000000
   13.63249969  122.18699646    0.00000000    0.00000000
   13.63583279  129.06799316    0.00000000    0.00000000
   13.63916683  134.08200073    0.00000000    0.00000000
   13.64499950  134.08200073    0.00000000    0.00000000
   13.64916611  136.90899658    0.00000000    0.00000000
   13.65222168  138.12199402    0.00000000    0.00000000
   13.65555477  143.17700195    0.00000000    0.00000000
   13.65888882  136.89799500    0.00000000    0.00000000
   13.66194439  131.57200623    0.00000000    0.00000000
   13.66527748  127.78099823    0.00000000    0.00000000
   13.66861153  130.04299927    0.00000000    0.00000000
   13.67166710  129.02000427    0.00000000    0.00000000
   13.67500019  136.42900085    0.00000000    0.00000000
   13.67611122  130.85099792    0.00000000    0.00000000
   13.67861176  140.77200317    0.00000000    0.00000000
   13.68194485  140.45700073    0.00000000    0.00000000
   13.68777752  140.45700073    0.00000000    0.00000000
   13.69194412  139.46099854    0.00000000    0.00000000
   13.69527817  139.71899414    0.00000000    0.00000000
   13.69833374  141.31700134    0.00000000    0.00000000
   13.70166683  152.09800720    0.00000000    0.00000000
   13.70499992  131.89999390    0.00000000    0.00000000
   13.70805550  139.94099426    0.00000000    0.00000000
   13.70944405  138.17599487    0.00000000    0.00000000
   13.71166611  130.32600403    0.00000000    0.00000000
   13.71472168  127.76300049    0.00000000    0.00000000
   13.71805477  136.49299622    0.00000000    0.00000000
   13.72138882  140.54200745    0.00000000    0.00000000
   13.72444439  131.13400269    0.00000000    0.00000000
   13.73055553  131.13400269    0.00000000    0.00000000
   13.73472214  139.80499268    0.00000000    0.00000000
   13.73805618  125.81900024    0.00000000    0.00000000
   13.74111176  129.53100586    0.00000000    0.00000000
   13.74305534  129.03900146    0.00000000    0.00000000
   13.74499989  135.63299561    0.00000000    0.00000000
   13.74805546  124.90599823    0.00000000    0.00000000
   13.75138855  130.01400757    0.00000000    0.00000000
   13.75472260  128.44299316    0.00000000    0.00000000
   13.75777817  123.29900360    0.00000000    0.00000000
   13.76111126  128.28799438    0.00000000    0.00000000
   13.76416683  130.37100220    0.00000000    0.00000000
   13.76749992  132.63299561    0.00000000    0.00000000
   13.77361107  132.63299561    0.00000000    0.00000000
   13.77750015  138.22700500    0.00000000    0.00000000
   13.78083324  130.52900696    0.00000000    0.00000000
   13.78416729  133.00599670    0.00000000    0.00000000
   13.78722286  128.98800659    0.00000000    0.00000000
   13.79055595  122.51499939    0.00000000    0.00000000
   13.79388905  133.88800049    0.00000000    0.00000000
   13.79694462  126.95200348    0.00000000    0.00000000
   13.80027771  130.44999695    0.00000000    0.00000000
   13.80361176  129.46099854    0.00000000    0.00000000
   13.80666733  128.82600403    0.00000000    0.00000000
   13.80972195  126.25499725    0.00000000    0.00000000
   13.81027794  135.59199524    0.00000000    0.00000000
   13.82138920  135.59199524    0.00000000    0.00000000
   13.82555580  129.35800171    0.00000000    0.00000000
   13.82861137  138.14500427    0.00000000    0.00000000
   13.83194447  134.49400330    0.00000000    0.00000000
   13.83527756  136.67799377    0.00000000    0.00000000
   13.83833313  140.49899292    0.00000000    0.00000000
   13.84166622  140.20700073    0.00000000    0.00000000
   13.84305477  132.39199829    0.00000000    0.00000000
   13.84527779  135.07000732    0.00000000    0.00000000
   13.84833336  127.46600342    0.00000000    0.00000000
   13.85166740  125.40100098    0.00000000    0.00000000
   13.85500050  128.42799377    0.00000000    0.00000000
   13.85916710  128.42799377    0.00000000    0.00000000
   13.86333370  137.87300110    0.00000000    0.00000000
   13.86666679  136.23300171    0.00000000    0.00000000
   13.86972237  139.27400208    0.00000000    0.00000000
   13.87305546  125.48100281    0.00000000    0.00000000
   13.87638855  128.86300659    0.00000000    0.00000000
   13.87694454  122.90100098    0.00000000    0.00000000
   13.88000011  133.10299683    0.00000000    0.00000000
   13.88333321  127.21299744    0.00000000    0.00000000
   13.88638878  145.88200378    0.00000000    0.00000000
   13.88972187  129.25700378    0.00000000    0.00000000
   13.89305496  133.75999451    0.00000000    0.00000000
   13.89638901  140.67900085    0.00000000    0.00000000
   13.91166592  140.67900085    0.00000000    0.00000000
   13.91583252  132.91900635    0.00000000    0.00000000
   13.91888905  134.65299988    0.00000000    0.00000000
   13.92222214  129.03500366    0.00000000    0.00000000
   13.93500042  132.83799744    0.00000000    0.00000000
   13.93805599  128.91499329    0.00000000    0.00000000
   13.94499969  128.91499329    0.00000000    0.00000000
   13.94916630  127.70600128    0.00000000    0.00000000
   13.95055580  126.36000061    0.00000000    0.00000000
   13.95277786  121.58499908    0.00000000    0.00000000
   13.95583344  132.72700500    0.00000000    0.00000000
   13.95916653  134.49499512    0.00000000    0.00000000
   13.96249962  126.10900116    0.00000000    0.00000000
   13.96555519  124.36199951    0.00000000    0.00000000
   13.96888828  118.83999634    0.00000000    0.00000000
   13.97194386  122.98899841    0.00000000    0.00000000
   13.97527695  120.10199738    0.00000000    0.00000000
   13.97861099  122.17400360    0.00000000    0.00000000
   13.98166656  134.40600586    0.00000000    0.00000000
   13.98388958  128.87699890    0.00000000    0.00000000
   13.98805618  128.87699890    0.00000000    0.00000000
   13.99222279  130.68499756    0.00000000    0.00000000
   13.99527836  129.89999390    0.00000000    0.00000000
   13.99861145  128.00100708    0.00000000    0.00000000
   14.00194454  123.37100220    0.00000000    0.00000000
   14.00500011  126.70700073    0.00000000    0.00000000
   14.00833321  131.34399414    0.00000000    0.00000000
   14.01166630  126.67400360    0.00000000    0.00000000
   14.01472187  118.58300018    0.00000000    0.00000000
   14.01722240  118.95200348    0.00000000    0.00000000
   14.01861095  122.48699951    0.00000000    0.00000000
   14.02166653  131.31799316    0.00000000    0.00000000
   14.02499962  126.02200317    0.00000000    0.00000000
   14.03083324  126.02200317    0.00000000    0.00000000
   14.03500080  132.85800171    0.00000000    0.00000000
   14.03833389  124.59799957    0.00000000    0.00000000
   14.04138947  130.39300537    0.00000000    0.00000000
   14.04472256  121.85199738    0.00000000    0.00000000
   14.04805565  120.61299896    0.00000000    0.00000000
   14.05055618  136.35400391    0.00000000    0.00000000
   14.05166721  121.37999725    0.00000000    0.00000000
   14.05472279  131.60099792    0.00000000    0.00000000
   14.05805588  126.09899902    0.00000000    0.00000000
   14.06138897  131.02999878    0.00000000    0.00000000
   14.06444454  124.81199646    0.00000000    0.00000000
   14.06777763  134.32000732    0.00000000    0.00000000
   14.07388878  134.32000732    0.00000000    0.00000000
   14.07777786  123.74400330    0.00000000    0.00000000
   14.08111095  119.89700317    0.00000000    0.00000000
   14.08388901  128.45899963    0.00000000    0.00000000
   14.08472157  137.56599426    0.00000000    0.00000000
   14.08777714  127.23000336    0.00000000    0.00000000
   14.09111118  135.16099548    0.00000000    0.00000000
   14.09444427  133.18499756    0.00000000    0.00000000
   14.09749985  123.53299713    0.00000000    0.00000000
   14.10083389  122.65399933    0.00000000    0.00000000
   14.10388947  126.95200348    0.00000000    0.00000000
   14.10722256  124.74400330    0.00000000    0.00000000
   14.11055565  123.62500000    0.00000000    0.00000000
   14.11666679  123.62500000    0.00000000    0.00000000
   14.12083340  120.57800293    0.00000000    0.00000000
   14.12388897  116.40599823    0.00000000    0.00000000
   14.12722206  126.31300354    0.00000000    0.00000000
   14.13027763  134.61199951    0.00000000    0.00000000
   14.13361073  129.12899780    0.00000000    0.00000000
   14.13694477  124.65599823    0.00000000    0.00000000
   14.14000034  112.70400238    0.00000000    0.00000000
   14.14333344  119.30400085    0.00000000    0.00000000
   14.14666653  125.02600098    0.00000000    0.00000000
   14.14972210  127.00499725    0.00000000    0.00000000
   14.15166664  125.70400238    0.00000000    0.00000000
   14.15333271  124.05200195    0.00000000    0.00000000
   14.15944386  124.05200195    0.00000000    0.00000000
   14.16361046  118.58999634    0.00000000    0.00000000
   14.16666698  126.02400208    0.00000000    0.00000000
   14.17000008  117.63999939    0.00000000    0.00000000
   14.17333412  125.10900116    0.00000000    0.00000000
   14.17638874  132.70199585    0.00000000    0.00000000
   14.17972279  122.88300323    0.00000000    0.00000000
   14.18305588  129.79400635    0.00000000    0.00000000
   14.18500042  136.61599731    0.00000000    0.00000000
   14.18638897  127.06199646    0.00000000    0.00000000
   14.18972206  128.36199951    0.00000000    0.00000000
   14.19305515  125.63800049    0.00000000    0.00000000
   14.19611073  132.94599915    0.00000000    0.00000000
   14.20222187  132.94599915    0.00000000    0.00000000
   14.20638847  130.92700195    0.00000000    0.00000000
   14.20972157  116.86000061    0.00000000    0.00000000
   14.21277714  126.62400055    0.00000000    0.00000000
   14.21611118  123.21700287    0.00000000    0.00000000
   14.21861076  124.98600006    0.00000000    0.00000000
   14.21972179  126.70999908    0.00000000    0.00000000
   14.22305489  121.38999939    0.00000000    0.00000000
   14.22611046  126.07099915    0.00000000    0.00000000
   14.22944355  127.05500031    0.00000000    0.00000000
   14.23277760  129.71499634    0.00000000    0.00000000
   14.23583317  121.93299866    0.00000000    0.00000000
   14.23916721  122.29399872    0.00000000    0.00000000
   14.24499989  122.29399872    0.00000000    0.00000000
   14.24916649  130.27000427    0.00000000    0.00000000
   14.25194454  116.62699890    0.00000000    0.00000000
   14.25277805  120.28700256    0.00000000    0.00000000
   14.25611115  120.37999725    0.00000000    0.00000000
   14.25916672  131.90100098    0.00000000    0.00000000
   14.26249981  123.00900269    0.00000000    0.00000000
   14.26583290  122.81400299    0.00000000    0.00000000
   14.26888847  112.97299957    0.00000000    0.00000000
   14.27222157  127.34400177    0.00000000    0.00000000
   14.27555561  129.06799316    0.00000000    0.00000000
   14.27861118  123.90100098    0.00000000    0.00000000
   14.28194427  130.74699402    0.00000000    0.00000000
   14.28805637  130.74699402    0.00000000    0.00000000
   14.29194450  122.25399780    0.00000000    0.00000000
   14.29527855  125.75700378    0.00000000    0.00000000
   14.29861164  116.75099945    0.00000000    0.00000000
   14.30166721  119.18000031    0.00000000    0.00000000
   14.30500031  119.11599731    0.00000000    0.00000000
   14.30833340  123.15299988    0.00000000    0.00000000
   14.31138897  123.99800110    0.00000000    0.00000000
   14.31472206  122.81900024    0.00000000    0.00000000
   14.31777763  120.62100220    0.00000000    0.00000000
   14.31888866  125.08899689    0.00000000    0.00000000
   14.32166672  125.08200073    0.00000000    0.00000000
   14.32472229  128.67199707    0.00000000    0.00000000
   14.33083344  128.67199707    0.00000000    0.00000000
   14.35138893  121.99400330    0.00000000    0.00000000
   14.35249996  128.81399536    0.00000000    0.00000000
   14.35472298  123.04699707    0.00000000    0.00000000
   14.35805607  124.84200287    0.00000000    0.00000000
   14.36138916  134.47799683    0.00000000    0.00000000
   14.36444473  125.61799622    0.00000000    0.00000000
   14.36777782  129.36300659    0.00000000    0.00000000
   14.37388897  129.36300659    0.00000000    0.00000000
   14.37805557  120.43900299    0.00000000    0.00000000
   14.38111115  117.32499695    0.00000000    0.00000000
   14.38444424  123.12699890    0.00000000    0.00000000
   14.38583279  127.03900146    0.00000000    0.00000000
   14.38805580  130.72700500    0.00000000    0.00000000
   14.39111137  123.59899902    0.00000000    0.00000000
   14.39444447  126.04599762    0.00000000    0.00000000
   14.39777756  125.64700317    0.00000000    0.00000000
   14.40083313  128.81900024    0.00000000    0.00000000
   14.40416622  131.01699829    0.00000000    0.00000000
   14.40749931  122.79799652    0.00000000    0.00000000
   14.41055489  124.15000153    0.00000000    0.00000000
   14.41666698  124.15000153    0.00000000    0.00000000
   14.42083359  123.33100128    0.00000000    0.00000000
   14.42388916  120.02700043    0.00000000    0.00000000
   14.42722225  115.78199768    0.00000000    0.00000000
   14.43055630  125.80899811    0.00000000    0.00000000
   14.43361092  124.77600098    0.00000000    0.00000000
   14.43694496  136.33200073    0.00000000    0.00000000
   14.44027805  124.04199982    0.00000000    0.00000000
   14.44333363  130.82200623    0.00000000    0.00000000
   14.44666672  126.38200378    0.00000000    0.00000000
   14.44972229  128.89999390    0.00000000    0.00000000
   14.45249939  126.65299988    0.00000000    0.00000000
   14.45361137  122.95600128    0.00000000    0.00000000
   14.45944405  122.95600128    0.00000000    0.00000000
   14.46361065  122.36299896    0.00000000    0.00000000
   14.46749973  131.02000427    0.00000000    0.00000000
   14.47083282  126.62599945    0.00000000    0.00000000
   14.47388840  117.99099731    0.00000000    0.00000000
   14.47722149  123.96099854    0.00000000    0.00000000
   14.48055553  129.23800659    0.00000000    0.00000000
   14.48361111  127.02500153    0.00000000    0.00000000
   14.48583317  125.87400055    0.00000000    0.00000000
   14.48750019  123.05699921    0.00000000    0.00000000
   14.49083328  124.01799774    0.00000000    0.00000000
   14.49388885  127.18900299    0.00000000    0.00000000
   14.49722290  126.00599670    0.00000000    0.00000000
   14.50222206  126.00599670    0.00000000    0.00000000
   14.50638866  134.88499451    0.00000000    0.00000000
   14.50972176  117.27899933    0.00000000    0.00000000
   14.51305580  130.87500000    0.00000000    0.00000000
   14.51611137  128.89999390    0.00000000    0.00000000
   14.51916599  132.68600464    0.00000000    0.00000000
   14.51972198  127.90499878    0.00000000    0.00000000
   14.52277756  129.14799500    0.00000000    0.00000000
   14.52611065  127.15200043    0.00000000    0.00000000
   14.52944374  124.13600159    0.00000000    0.00000000
   14.53249931  115.69000244    0.00000000    0.00000000
   14.53583336  123.40399933    0.00000000    0.00000000
   14.53916740  124.16899872    0.00000000    0.00000000
   14.54527855  124.16899872    0.00000000    0.00000000
   14.54944515  122.00700378    0.00000000    0.00000000
   14.55249977  127.20899963    0.00000000    0.00000000
   14.55305576  133.00399780    0.00000000    0.00000000
   14.55611134  129.28399658    0.00000000    0.00000000
   14.56083393  133.30999756    0.00000000    0.00000000
   14.56416702  126.81199646    0.00000000    0.00000000
   14.56750011  123.84400177    0.00000000    0.00000000
   14.57055569  134.83500671    0.00000000    0.00000000
   14.57388878  129.32099915    0.00000000    0.00000000
   14.57722187  135.38000488    0.00000000    0.00000000
   14.58027744  125.79699707    0.00000000    0.00000000
   14.58361053  129.75599670    0.00000000    0.00000000
   14.58861065  129.75599670    0.00000000    0.00000000
   14.59249973  129.91999817    0.00000000    0.00000000
   14.59583282  120.70800018    0.00000000    0.00000000
   14.59916592  119.98699951    0.00000000    0.00000000
   14.60222244  127.38800049    0.00000000    0.00000000
   14.60555553  121.89099884    0.00000000    0.00000000
   14.60888958  132.56500244    0.00000000    0.00000000
   14.61194515  123.75499725    0.00000000    0.00000000
   14.61527824  134.84700012    0.00000000    0.00000000
   14.61833382  133.83000183    0.00000000    0.00000000
   14.61944485  135.69999695    0.00000000    0.00000000
   14.62222195  125.76999664    0.00000000    0.00000000
   14.62527752  130.36000061    0.00000000    0.00000000
   14.63138866  130.36000061    0.00000000    0.00000000
   14.63555527  121.18299866    0.00000000    0.00000000
   14.63861084  130.69900513    0.00000000    0.00000000
   14.64194393  118.39600372    0.00000000    0.00000000
   14.64527798  125.69999695    0.00000000    0.00000000
   14.64833355  127.56199646    0.00000000    0.00000000
   14.65166664  120.93399811    0.00000000    0.00000000
   14.65277767  121.11299896    0.00000000    0.00000000
   14.65527725  120.79399872    0.00000000    0.00000000
   14.65833282  124.75199890    0.00000000    0.00000000
   14.66166592  131.72900391    0.00000000    0.00000000
   14.66472149  126.19999695    0.00000000    0.00000000
   14.66805553  132.88999939    0.00000000    0.00000000
   14.67416668  132.88999939    0.00000000    0.00000000
   14.67833328  128.70799255    0.00000000    0.00000000
   14.68166733  133.70599365    0.00000000    0.00000000
   14.68472195  117.78600311    0.00000000    0.00000000
   14.68638897  125.84200287    0.00000000    0.00000000
   14.68833351  128.64900208    0.00000000    0.00000000
   14.69166660  132.06700134    0.00000000    0.00000000
   14.69499969  133.29600525    0.00000000    0.00000000
   14.69805527  120.68499756    0.00000000    0.00000000
   14.70138836  136.47700500    0.00000000    0.00000000
   14.70444393  139.08399963    0.00000000    0.00000000
   14.70777798  125.19799805    0.00000000    0.00000000
   14.71111107  125.09100342    0.00000000    0.00000000
   14.71694374  125.09100342    0.00000000    0.00000000
   14.72111034  121.88700104    0.00000000    0.00000000
   14.72444439  131.69000244    0.00000000    0.00000000
   14.72777748  125.27500153    0.00000000    0.00000000
   14.73083305  130.22999573    0.00000000    0.00000000
   14.73416710  127.04199982    0.00000000    0.00000000
   14.73750019  122.48400116    0.00000000    0.00000000
   14.74055576  125.23899841    0.00000000    0.00000000
   14.74388885  124.01499939    0.00000000    0.00000000
   14.74694443  117.16300201    0.00000000    0.00000000
   14.75027752  133.65199280    0.00000000    0.00000000
   14.75305557  126.16400146    0.00000000    0.00000000
   14.75388908  122.86799622    0.00000000    0.00000000
   14.76000023  122.86799622    0.00000000    0.00000000
   14.76416683  113.16899872    0.00000000    0.00000000
   14.76722240  120.74099731    0.00000000    0.00000000
   14.77055550  134.43800354    0.00000000    0.00000000
   14.77361107  125.64399719    0.00000000    0.00000000
   14.77694416  125.36199951    0.00000000    0.00000000
   14.78027725  122.26399994    0.00000000    0.00000000
   14.78333378  133.88800049    0.00000000    0.00000000
   14.78638935  125.23200226    0.00000000    0.00000000
   14.78694534  117.48699951    0.00000000    0.00000000
   14.79027843  131.41700745    0.00000000    0.00000000
   14.79361153  134.63800049    0.00000000    0.00000000
   14.79666710  128.38499451    0.00000000    0.00000000
   14.80277824  128.38499451    0.00000000    0.00000000
   14.80694485  137.16299438    0.00000000    0.00000000
   14.81000042  118.54299927    0.00000000    0.00000000
   14.81333351  127.61000061    0.00000000    0.00000000
   14.81666660  128.85699463    0.00000000    0.00000000
   14.81972218  130.14599609    0.00000000    0.00000000
   14.81999969  128.99699402    0.00000000    0.00000000
   14.82333374  124.59700012    0.00000000    0.00000000
   14.82666683  134.56900024    0.00000000    0.00000000
   14.82972240  131.63699341    0.00000000    0.00000000
   14.83305550  126.25800323    0.00000000    0.00000000
   14.83638859  127.48600006    0.00000000    0.00000000
   14.83944416  126.89600372    0.00000000    0.00000000
   14.84555531  126.89600372    0.00000000    0.00000000
   14.84972191  124.91600037    0.00000000    0.00000000
   14.85305595  124.04699707    0.00000000    0.00000000
   14.85333347  130.88000488    0.00000000    0.00000000
   14.85666752  132.42700195    0.00000000    0.00000000
   14.86000061  124.56999969    0.00000000    0.00000000
   14.86305618  133.80400085    0.00000000    0.00000000
   14.86638927  133.75000000    0.00000000    0.00000000
   14.86944485  131.16000366    0.00000000    0.00000000
   14.87277794  134.48699951    0.00000000    0.00000000
   14.87611103  134.19900513    0.00000000    0.00000000
   14.87916660  134.12500000    0.00000000    0.00000000
   14.88249969  125.65499878    0.00000000    0.00000000
   14.88833332  125.65499878    0.00000000    0.00000000
   14.89249992  131.64599609    0.00000000    0.00000000
   14.89583302  127.89399719    0.00000000    0.00000000
   14.89916611  124.83300018    0.00000000    0.00000000
   14.90222168  121.22799683    0.00000000    0.00000000
   14.90555477  134.24400330    0.00000000    0.00000000
   14.90861034  130.68299866    0.00000000    0.00000000
   14.91194439  128.99200439    0.00000000    0.00000000
   14.91527748  125.74400330    0.00000000    0.00000000
   14.91833401  133.39799500    0.00000000    0.00000000
   14.91972256  129.66999817    0.00000000    0.00000000
   14.92194462  140.04800415    0.00000000    0.00000000
   14.92527771  131.35400391    0.00000000    0.00000000
   14.93138885  131.35400391    0.00000000    0.00000000
   14.93555546  140.38800049    0.00000000    0.00000000
   14.93861103  141.69799805    0.00000000    0.00000000
   14.94194412  130.85699463    0.00000000    0.00000000
   14.94499969  130.08900452    0.00000000    0.00000000
   14.94833374  124.25800323    0.00000000    0.00000000
   14.95166683  124.07199860    0.00000000    0.00000000
   14.95305538  130.70799255    0.00000000    0.00000000
   14.95499992  121.28299713    0.00000000    0.00000000
   14.95833302  128.08700562    0.00000000    0.00000000
   14.96166611  128.09700012    0.00000000    0.00000000
   14.96472168  126.72299957    0.00000000    0.00000000
   14.96805477  131.29200745    0.00000000    0.00000000
   14.97416592  131.29200745    0.00000000    0.00000000
   14.97833252  132.70599365    0.00000000    0.00000000
   14.98166656  129.85899353    0.00000000    0.00000000
   14.98472214  131.41499329    0.00000000    0.00000000
   14.98666668  121.19999695    0.00000000    0.00000000
   14.98833370  138.28999329    0.00000000    0.00000000
   14.99166679  131.97000122    0.00000000    0.00000000
   14.99499989  136.70100403    0.00000000    0.00000000
   14.99805546  125.08399963    0.00000000    0.00000000
   15.00138855  134.28799438    0.00000000    0.00000000
   15.00444412  129.09300232    0.00000000    0.00000000
   15.00777817  133.64199829    0.00000000    0.00000000
   15.01111126  123.39600372    0.00000000    0.00000000
   15.01694393  123.39600372    0.00000000    0.00000000
   15.02111053  116.64600372    0.00000000    0.00000000
   15.02444458  134.13200378    0.00000000    0.00000000
   15.02750015  133.81199646    0.00000000    0.00000000
   15.03083324  125.05999756    0.00000000    0.00000000
   15.03416729  131.37199402    0.00000000    0.00000000
   15.03722286  131.88800049    0.00000000    0.00000000
   15.04055595  130.50199890    0.00000000    0.00000000
   15.04361153  135.79100037    0.00000000    0.00000000
   15.04694462  135.61599731    0.00000000    0.00000000
   15.05027771  131.39199829    0.00000000    0.00000000
   15.05333328  135.33700562    0.00000000    0.00000000
   15.05361176  135.21099854    0.00000000    0.00000000
   15.05972195  135.21099854    0.00000000    0.00000000
   15.06388950  126.11799622    0.00000000    0.00000000
   15.06722260  117.40299988    0.00000000    0.00000000
   15.07055569  127.57599640    0.00000000    0.00000000
   15.07361126  118.34100342    0.00000000    0.00000000
   15.07694435  125.80200195    0.00000000    0.00000000
   15.08027744  132.03900146    0.00000000    0.00000000
   15.08333302  133.53700256    0.00000000    0.00000000
   15.08666611  130.50100708    0.00000000    0.00000000
   15.08694458  126.92900085    0.00000000    0.00000000
   15.09027767  122.93699646    0.00000000    0.00000000
   15.09333324  129.13900757    0.00000000    0.00000000
   15.09666634  116.33100128    0.00000000    0.00000000
   15.10277843  116.33100128    0.00000000    0.00000000
   15.10694504  132.00599670    0.00000000    0.00000000
   15.11000061  128.22500610    0.00000000    0.00000000
   15.11333370  124.78800201    0.00000000    0.00000000
   15.11638927  130.71000671    0.00000000    0.00000000
   15.11972237  127.25800323    0.00000000    0.00000000
   15.12027836  123.74299622    0.00000000    0.00000000
   15.12361145  132.05099487    0.00000000    0.00000000
   15.12666702  131.00399780    0.00000000    0.00000000
   15.13000011  132.36900330    0.00000000    0.00000000
   15.13305569  135.65299988    0.00000000    0.00000000
   15.13638878  127.06600189    0.00000000    0.00000000
   15.13944435  133.68600464    0.00000000    0.00000000
   15.14555550  133.68600464    0.00000000    0.00000000
   15.14972210  134.71400452    0.00000000    0.00000000
   15.15277767  134.62800598    0.00000000    0.00000000
   15.15361118  129.89300537    0.00000000    0.00000000
   15.15638828  136.70500183    0.00000000    0.00000000
   15.15972137  126.91799927    0.00000000    0.00000000
   15.16305542  125.83599854    0.00000000    0.00000000
   15.16611099  127.04499817    0.00000000    0.00000000
   15.16944504  126.51100159    0.00000000    0.00000000
   15.17250061  131.78199768    0.00000000    0.00000000
   15.17583370  132.84800720    0.00000000    0.00000000
   15.17916679  130.73500061    0.00000000    0.00000000
   15.18222237  137.58399963    0.00000000    0.00000000
   15.18833351  137.58399963    0.00000000    0.00000000
   15.19250011  123.56999969    0.00000000    0.00000000
   15.19555569  122.15000153    0.00000000    0.00000000
   15.19888878  123.99299622    0.00000000    0.00000000
   15.20222187  129.42700195    0.00000000    0.00000000
   15.20527744  129.93400574    0.00000000    0.00000000
   15.20861053  117.47899628    0.00000000    0.00000000
   15.21166611  123.17800140    0.00000000    0.00000000
   15.21500015  120.23300171    0.00000000    0.00000000
   15.21833324  132.05900574    0.00000000    0.00000000
   15.22027779  129.11599731    0.00000000    0.00000000
   15.22166634  128.09199524    0.00000000    0.00000000
   15.22499943  125.15299988    0.00000000    0.00000000
   15.23111057  125.15299988    0.00000000    0.00000000
   15.23527813  135.72200012    0.00000000    0.00000000
   15.23861122  127.49099731    0.00000000    0.00000000
   15.24166679  127.83599854    0.00000000    0.00000000
   15.24499989  126.22799683    0.00000000    0.00000000
   15.24833393  133.02600098    0.00000000    0.00000000
   15.25138855  126.69799805    0.00000000    0.00000000
   15.25361156  121.34500122    0.00000000    0.00000000
   15.25500011  124.92800140    0.00000000    0.00000000
   15.25833321  131.35499573    0.00000000    0.00000000
   15.26166630  129.03599548    0.00000000    0.00000000
   15.26472187  129.06700134    0.00000000    0.00000000
   15.26805496  144.11199951    0.00000000    0.00000000
   15.27416611  144.11199951    0.00000000    0.00000000
   15.27833271  129.15299988    0.00000000    0.00000000
   15.28138828  131.62300110    0.00000000    0.00000000
   15.28472233  126.07199860    0.00000000    0.00000000
   15.28694534  129.46000671    0.00000000    0.00000000
   15.28805637  139.59599304    0.00000000    0.00000000
   15.29138947  122.67800140    0.00000000    0.00000000
   15.29472256  133.20799255    0.00000000    0.00000000
   15.29805565  132.23599243    0.00000000    0.00000000
   15.30111122  129.70199585    0.00000000    0.00000000
   15.30444431  127.08300018    0.00000000    0.00000000
   15.30749989  117.05400085    0.00000000    0.00000000
   15.31083393  129.42300415    0.00000000    0.00000000
   15.31777763  129.42300415    0.00000000    0.00000000
   15.32194424  124.80999756    0.00000000    0.00000000
   15.32527733  131.78500366    0.00000000    0.00000000
   15.32888889  116.03299713    0.00000000    0.00000000
   15.33277798  133.26300049    0.00000000    0.00000000
   15.33666611  125.25499725    0.00000000    0.00000000
   15.34027767  128.60899353    0.00000000    0.00000000
   15.34416676  124.88200378    0.00000000    0.00000000
   15.34805489  121.43900299    0.00000000    0.00000000
   15.35194492  127.55000305    0.00000000    0.00000000
   15.36972237  125.39900208    0.00000000    0.00000000
   15.37444496  125.39900208    0.00000000    0.00000000
