    HOUR (UT)   FLARE FACTOR    SKY TESTER    SUN TESTER
   14.69999981   -1.00000000   -1.00000000   -1.00000000
   14.72333336  168.38600159    0.00000000    0.00000000
   14.72666645  166.07600403    0.00000000    0.00000000
   14.72999954  162.54800415    0.00000000    0.00000000
   14.73305511  140.85600281    0.00000000    0.00000000
   14.73638916  149.53199768    0.00000000    0.00000000
   14.73944473  157.89399719    0.00000000    0.00000000
   14.74361134  157.89399719    0.00000000    0.00000000
   14.74777794  164.75599670    0.00000000    0.00000000
   14.75111103  164.28399658    0.00000000    0.00000000
   14.75527763  165.04800415    0.00000000    0.00000000
   14.75638866  164.72200012    0.00000000    0.00000000
   14.75916672  152.35099792    0.00000000    0.00000000
   14.76222229  167.18600464    0.00000000    0.00000000
   14.76694393  165.19200134    0.11000000    0.41999999
   14.76999950  160.08200073    0.11000000    0.41999999
   14.77333355  151.07200623    0.11000000    0.41999999
   14.77638817  170.42500305    0.11000000    0.41999999
   14.77972221  172.33599854    0.11000000    0.41999999
   14.78666687  172.33599854    0.11000000    0.41999999
   14.79055595  159.49699402    0.11000000    0.41999999
   14.79388905  173.99499512    0.11000000    0.41999999
   14.79722309  167.58399963    0.11000000    0.41999999
   14.80027771  164.58399963    0.11000000    0.41999999
   14.80361176  157.68699646    0.11000000    0.41999999
   14.80694485  158.20100403    0.11000000    0.41999999
   14.81083393  147.75000000    0.00000000    0.00000000
   14.81472206  154.28199768    0.00000000    0.00000000
   14.81833363  164.34399414    0.00000000    0.00000000
   14.82222176  152.51400757    0.00000000    0.00000000
   14.82305527  162.64500427    0.00000000    0.00000000
   14.82999992  162.64500427    0.00000000    0.00000000
   14.83472157  159.23300171    0.00000000    0.00000000
   14.83861065  157.05099487    0.00000000    0.00000000
   14.84194374  149.27499390    0.80000001    2.67000008
   14.84499931  163.70799255    0.80000001    2.67000008
   14.84833336  140.37600708    0.80000001    2.67000008
   14.85166740  151.95599365    0.80000001    2.67000008
   14.85472298  150.44599915    0.80000001    2.67000008
   14.85638905  153.41099548    0.80000001    2.67000008
   14.85861111  159.32200623    0.80000001    2.67000008
   14.86166668  152.32099915    0.80000001    2.67000008
   14.86500072  163.07400513    0.75000000    2.66000009
   14.86833382  148.74000549    0.56999999    2.69000006
   14.87250042  148.74000549    0.56999999    2.69000006
   14.87638855  145.72300720    0.61000001    2.69000006
   14.87972260  152.83200073    0.70999998    2.67000008
   14.88305569  152.67300415    0.76999998    2.69000006
   14.88611126  140.22900391    0.86000001    2.67000008
   14.88944435  149.10000610    0.86000001    2.69000006
   14.89000034  154.40100098    0.86000001    2.69000006
   14.89333344  155.80000305    0.80000001    2.69000006
   14.89638901  149.85099792    0.86000001    2.67000008
   14.89972210  150.00199890    1.03999996    2.69000006
   14.90305519  135.83999634    0.95999998    2.69000006
   14.90611076  153.00300598    0.70999998    2.69000006
   14.90944386  151.73899841    0.70999998    2.69000006
   14.91527748  151.73899841    0.73000002    2.69000006
   14.91944504  154.92700195    0.75000000    2.69000006
   14.92250061  150.87600708    0.75000000    2.69000006
   14.92333412  159.49499512    0.75000000    2.69000006
   14.92638874  155.08000183    0.83999997    2.69000006
   14.92972279  154.93899536    0.89999998    2.69000006
   14.93277836  161.09800720    0.94000000    2.69000006
   14.93611145  149.39100647    1.01999998    2.69000006
   14.93916702  163.35099792    1.01999998    2.69000006
   14.94250011  150.72700500    0.98000002    2.69000006
   14.94583321  150.36799622    1.00000000    2.69000006
   14.94888878  151.64500427    1.01999998    2.69000006
   14.95222187  152.29499817    2.28999996    2.66000009
   14.95805550  152.29499817    4.82999992    2.61999989
   14.96222210  146.25700378    4.90999985    2.61999989
   14.96555519  154.25199890    4.90999985    2.57999992
   14.96861076  162.70700073    4.90999985    2.51999998
   14.97194386  170.54699707    4.90999985    2.32999992
   14.97527695  159.93200684    4.90999985    2.44000006
   14.97861099  174.39100647    4.90999985    2.40000010
   14.98166656  162.11399841    4.90999985    2.42000008
   14.98500061  155.94700623    4.90999985    2.55999994
   14.98833370  147.95300293    4.90999985    2.64000010
   14.99000072  150.61700439    4.90999985    2.66000009
   14.99194431  157.59399414    4.86999989    2.64000010
   14.99499989  154.24400330    4.28999996    2.64000010
   15.00500011  154.24400330    3.99000001    2.67000008
   15.00916672  154.29499817    4.00000000    2.66000009
   15.01222229  151.51300049    3.78999996    2.67000008
   15.01555538  158.02299500    3.46000004    2.61999989
   15.02750015  160.56799316    0.00000000    0.00000000
   15.02805519  155.25199890    1.26999998    2.69000006
   15.03111076  156.88800049    1.11000001    2.69000006
   15.03444481  152.65699768    0.88000000    2.67000008
   15.03750038  155.39999390    0.83999997    2.69000006
   15.04361153  155.39999390    0.94000000    2.69000006
   15.04777813  159.07800293    0.94000000    2.71000004
   15.05111122  150.21400452    0.95999998    2.69000006
   15.05444431  148.73100281    0.95999998    2.69000006
   15.05749989  147.26400757    0.98000002    2.69000006
   15.06083393  145.60499573    1.00000000    2.69000006
   15.06138897  153.31100464    1.00000000    2.69000006
   15.06444454  153.41200256    0.86000001    2.69000006
   15.06777763  153.45899963    0.79000002    2.69000006
   15.07083321  144.77900696    0.80000001    2.69000006
   15.07416630  148.53500366    0.80000001    2.71000004
   15.07722187  152.71600342    0.94000000    2.69000006
   15.08055592  157.82600403    1.44000006    2.69000006
   15.08666611  157.82600403    4.90999985    2.53999996
   15.09083271  118.96199799    4.90999985    2.11999989
   15.09388828   -1.00000000   -1.00000000   -1.00000000
   15.09472179  153.28599548    4.90999985    1.51999998
   15.09749985  136.87300110    4.90999985    1.80999994
   15.10083389   -1.00000000    4.90999985    1.63000000
   15.10388947   -1.00000000    4.90999985    1.46000004
   15.10722256  180.00599670    4.90999985    1.76999998
   15.11027813  168.61199951    4.90999985    2.59999990
   15.11361122  159.78199768    4.90999985    2.55999994
   15.11694431  154.54699707    4.90999985    2.55999994
   15.11999989  158.43299866    4.90999985    2.53999996
   15.12333393  140.41000366    4.90999985    2.61999989
   15.12944412  140.41000366    4.90999985    2.66000009
   15.13361073  144.76300049    4.90999985    2.69000006
   15.13666630  157.75100708    4.90999985    2.66000009
   15.14000034  141.32899475    4.90999985    2.48000002
   15.14333344  178.65100098    4.90999985    2.42000008
   15.14638901  157.44999695    4.90999985    2.40000010
   15.14972210  150.36999512    4.90999985    2.36999989
   15.15305519  194.26400757    4.90999985    2.11999989
   15.15611076  394.66400146    4.90999985    1.83000004
   15.15944386  348.67498779    4.90999985    1.71000004
   15.16138840  175.65699768    4.90999985    1.73000002
   15.16305542  206.99699402    4.90999985    2.32999992
   15.16638851  387.96798706    4.90999985    2.00000000
   15.17222214  387.96798706    4.90999985    2.23000002
   15.17638874  162.52900696    4.90999985    2.28999996
   15.17972279  128.88600159    4.90999985    2.61999989
   15.18277836  140.68200684    4.90999985    2.67000008
   15.18611145  132.64599609    3.39000010    2.66000009
   15.18944454  144.11700439    4.90999985    2.66000009
   15.19250011  142.15400696    4.90999985    2.69000006
   15.19472218  143.93600464    4.90999985    2.73000002
   15.19611073  140.71200562    4.90999985    2.71000004
   15.19944477  140.54699707    3.72000003    2.71000004
   15.20249939  139.12399292    0.88000000    2.69000006
   15.20583344  136.02000427    0.76999998    2.69000006
   15.20916653  144.83500671    0.76999998    2.67000008
   15.21500015  144.83500671    0.83999997    2.69000006
   15.21916580  142.26499939    0.81999999    2.71000004
   15.22249985  142.95100403    0.80000001    2.69000006
   15.22583294  145.59700012    0.79000002    2.69000006
   15.22805500  135.93600464    0.76999998    2.71000004
   15.22972202  143.95399475    0.76999998    2.69000006
   15.23277760  134.36199951    0.76999998    2.69000006
   15.23611164  139.20799255    0.76999998    2.69000006
   15.23916721  142.30299377    0.80000001    2.71000004
   15.24250031  142.94900513    0.80000001    2.71000004
   15.24583340  145.13600159    0.80000001    2.69000006
   15.24888897  137.92700195    0.88000000    2.69000006
   15.25222206  140.41099548    0.76999998    2.69000006
   15.25805569  140.41099548    0.76999998    2.69000006
   15.26222229  169.05099487    0.70999998    2.69000006
   15.26555538  148.64500427    0.63000000    2.69000006
   15.26888847  144.85200500    0.63000000    2.69000006
   15.27194405  142.95500183    0.56999999    2.71000004
   15.27527714  140.86999512    0.55000001    2.71000004
   15.27833271  148.45799255    0.41999999    2.71000004
   15.28166676  155.89500427    0.40000001    2.71000004
   15.28500080  146.42599487    0.40000001    2.71000004
   15.28805637  153.63900757    0.40000001    2.71000004
   15.29138947  144.76600647    0.40000001    2.71000004
   15.29444504  149.46899414    0.40000001    2.71000004
   15.29500008  147.93299866    0.40000001    2.71000004
   15.30083370  147.93299866    0.40000001    2.71000004
   15.30500031  141.32200623    0.40000001    2.71000004
   15.30833340  148.66000366    0.44000000    2.71000004
   15.31138897  146.41900635    0.44000000    2.71000004
   15.31472206  148.41200256    0.44000000    2.71000004
   15.31777763  146.50999451    0.47999999    2.71000004
   15.32111073  152.32600403    0.51999998    2.69000006
   15.32444477  154.12399292    0.56999999    2.71000004
   15.32750034  149.02400208    0.63000000    2.69000006
   15.32833290  152.19700623    0.63000000    2.69000006
   15.33111095  146.33500671    0.64999998    2.71000004
   15.33444405  150.02600098    0.69000000    2.71000004
   15.33777714  158.25100708    0.67000002    2.71000004
   15.34361076  158.25100708    0.58999997    2.71000004
   15.34777737  158.32899475    0.56999999    2.69000006
   15.35111141  151.80999756    0.55000001    2.71000004
   15.35416698  161.05599976    0.56999999    2.71000004
   15.35750008  147.08299255    0.51999998    2.71000004
   15.36055565  149.12100220    0.52999997    2.71000004
   15.36166668  142.63499451    0.52999997    2.71000004
   15.36416721  130.94900513    0.51999998    2.71000004
   15.36750031  140.27600098    0.50000000    2.71000004
   15.37055588  147.41099548    0.46000001    2.71000004
   15.37388897  148.24899292    0.44000000    2.71000004
   15.37722206  148.58999634    0.41999999    2.71000004
   15.38027763  152.09100342    0.41999999    2.71000004
   15.38638878  152.09100342    0.38000000    2.71000004
   15.39055538  147.14999390    0.38000000    2.71000004
   15.39388847  147.15699768    0.36000001    2.71000004
   15.39499950  144.67700195    0.36000001    2.71000004
   15.39750004  152.60800171    0.36000001    2.71000004
   15.40083313  149.08399963    0.36000001    2.71000004
   15.40388870  143.02400208    0.36000001    2.71000004
   15.40722179  149.28599548    0.34000000    2.71000004
   15.41055489  148.81700134    0.34000000    2.71000004
   15.41361046  142.31399536    0.36000001    2.71000004
   15.41694450  145.01499939    0.36000001    2.71000004
   15.42000008  152.81799316    0.36000001    2.71000004
   15.42333412  139.24499512    0.36000001    2.71000004
   15.42944431  139.24499512    0.36000001    2.71000004
   15.43361092  151.80799866    0.36000001    2.71000004
   15.53472233   -1.00000000   -1.00000000   -1.00000000
   15.65416622   -1.00000000   -1.00000000   -1.00000000
   15.76444435   -1.00000000   -1.00000000   -1.00000000
   15.82555580  130.80099487    0.55000001    2.73000002
   15.82861137  132.76800537    0.55000001    2.71000004
   15.83194447  136.84800720    0.55000001    2.73000002
   15.83527756  140.45399475    0.55000001    2.73000002
   15.83833313  136.90800476    0.55000001    2.73000002
   15.84166622  142.04600525    0.55000001    2.73000002
   15.84583282  142.04600525    0.51999998    2.73000002
   15.85000038  137.55000305    0.46000001    2.73000002
   15.85305595  140.58099365    0.47999999    2.71000004
   15.85638905  142.83500671    0.47999999    2.75000000
   15.85861111  129.57099915    0.47999999    2.75000000
   15.86000061  136.32699585    0.44000000    2.75000000
   15.86333370  129.96699524    0.44000000    2.73000002
   15.86638927  132.95599365    0.46000001    2.71000004
   15.86972237  141.67599487    0.46000001    2.71000004
   15.87305546  135.97399902    0.47999999    2.73000002
   15.87611103  143.65899658    0.47999999    2.73000002
   15.87944412  149.34800720    0.44000000    2.73000002
   15.88249969  132.73800659    0.41999999    2.73000002
   15.88861084  132.73800659    0.46000001    2.75000000
   15.89277744  148.31100464    0.46000001    2.73000002
   15.89611053  145.53199768    0.46000001    2.71000004
   15.89916611  141.65400696    0.47999999    2.73000002
   15.90249920  139.73399353    0.47999999    2.73000002
   15.90583324  139.13499451    0.50000000    2.73000002
   15.90888882  148.10299683    0.51999998    2.73000002
   15.91222191  151.46499634    0.55000001    2.73000002
   15.91555500  140.24899292    0.56999999    2.73000002
   15.91861153  154.18800354    0.56999999    2.73000002
   15.92194462  144.93600464    0.58999997    2.73000002
   15.92500019  142.57099915    0.58999997    2.73000002
   15.92555618  135.32200623    0.58999997    2.73000002
   15.93138885  135.32200623    0.56999999    2.73000002
   15.93555546  149.13400269    0.56999999    2.73000002
   15.93888855  142.10600281    0.58999997    2.71000004
   15.94222260  151.95599365    0.58999997    2.73000002
   15.94555569  142.68699646    0.56999999    2.71000004
   15.94888878  158.72599792    0.58999997    2.71000004
   15.95222187  149.40600586    0.58999997    2.71000004
   15.95527744  147.42500305    0.58999997    2.71000004
   15.95861053  142.41900635    0.56999999    2.73000002
   15.95916653  153.34500122    0.56999999    2.73000002
   15.96194458  139.60000610    0.56999999    2.73000002
   15.96527767  151.33700562    0.56999999    2.73000002
   15.96861076  158.29100037    0.56999999    2.73000002
   15.97416592  158.29100037    0.61000001    2.73000002
   15.97833252  136.59800720    0.61000001    2.71000004
   15.98166656  146.71400452    0.61000001    2.71000004
   15.98500061  149.45599365    0.63000000    2.71000004
   15.98805618  157.32299805    0.63000000    2.75000000
   15.99138927  162.16299438    0.64999998    2.73000002
   15.99250031  132.09399414    0.64999998    2.73000002
   15.99499989  153.16299438    0.67000002    2.71000004
   15.99805546  143.33399963    0.67000002    2.73000002
   16.00138855  143.82899475    0.64999998    2.71000004
   16.00444412  153.69099426    0.63000000    2.73000002
   16.00777817  142.79800415    0.63000000    2.73000002
   16.01111031  145.45300293    0.64999998    2.71000004
   16.01722145  145.45300293    0.64999998    2.75000000
   16.02138901  153.57400513    0.67000002    2.71000004
   16.02444458  140.93200684    0.67000002    2.73000002
   16.02583313  150.28700256    0.67000002    2.73000002
   16.02805519  148.39500427    0.67000002    2.73000002
   16.03138924  160.75799561    0.64999998    2.75000000
   16.03472137  142.65499878    0.63000000    2.71000004
   16.03777695  154.01800537    0.63000000    2.73000002
   16.04111099  152.31900024    0.61000001    2.73000002
   16.04444313  164.41999817    0.61000001    2.73000002
   16.04749870  152.61300659    0.58999997    2.73000002
   16.05083275  143.60200500    0.56999999    2.73000002
   16.05388832  163.29400635    0.55000001    2.73000002
   16.05999947  163.29400635    0.55000001    2.73000002
   16.06416512  180.16900635    0.51999998    2.73000002
   16.06722260  157.42500305    0.51999998    2.75000000
   16.07055664  156.86500549    0.50000000    2.73000002
   16.07389069  163.50399780    0.50000000    2.73000002
   16.07694626  167.86999512    0.50000000    2.75000000
   16.08027840  155.49400330    0.50000000    2.71000004
   16.08361244  171.42900085    0.47999999    2.73000002
   16.08666801  151.86799622    0.46000001    2.73000002
   16.09000015  162.10899353    0.46000001    2.73000002
   16.09250069  157.07400513    0.46000001    2.73000002
   16.09361267  150.94900513    0.46000001    2.73000002
   16.09666824  162.92300415    0.46000001    2.73000002
   16.10277748  162.92300415    0.46000001    2.73000002
   16.10777855  162.07699585    0.46000001    2.73000002
   16.11083412  162.13400269    0.46000001    2.73000002
   16.11416626  159.07800293    0.46000001    2.73000002
   16.11750031  155.74699402    0.47999999    2.73000002
   16.12972260  127.62500000    0.00000000    0.00000000
   16.13055611  161.62600708    0.47999999    2.73000002
   16.13333321  150.05299377    0.47999999    2.73000002
   16.13666725  148.74499512    0.47999999    2.75000000
   16.13999939  140.41400146    0.47999999    2.75000000
   16.14583397  140.41400146    0.50000000    2.75000000
   16.14972115  154.55200195    0.51999998    2.73000002
   16.15305519  153.28599548    0.51999998    2.73000002
   16.15666580  145.16400146    0.50000000    2.73000002
   16.15972137  154.13000488    0.50000000    2.73000002
   16.16305542  159.83299255    0.50000000    2.73000002
   16.16388893  156.66200256    0.50000000    2.73000002
   16.16666603  155.93699646    0.50000000    2.73000002
   16.17000008  156.96899414    0.50000000    2.73000002
   16.17305565  150.35200500    0.50000000    2.73000002
   16.17638779  158.09599304    0.51999998    2.73000002
   16.17972183  157.24299622    0.50000000    2.73000002
   16.18277740  160.24899292    0.50000000    2.73000002
   16.18861008  160.24899292    0.50000000    2.73000002
   16.19277763  145.40100098    0.50000000    2.73000002
   16.19610977  153.36300659    0.50000000    2.73000002
   16.19722176  139.67300415    0.50000000    2.73000002
   16.19944382  146.71499634    0.50000000    2.73000002
   16.20277786  138.63499451    0.47999999    2.73000002
   16.20583344  161.91999817    0.47999999    2.73000002
   16.20916748  156.44900513    0.47999999    2.73000002
   16.21250153  143.30299377    0.50000000    2.73000002
   16.21555710  152.67700195    0.50000000    2.75000000
   16.21888924  156.77600098    0.50000000    2.73000002
   16.22222328  155.72099304    0.52999997    2.73000002
   16.22527885  161.12600708    0.51999998    2.73000002
   16.23139000  161.12600708    0.55000001    2.73000002
   16.23555565  161.15800476    0.52999997    2.73000002
   16.23861122  146.64599609    0.52999997    2.73000002
   16.24194527  139.43499756    0.52999997    2.75000000
   16.24527740  151.43800354    0.51999998    2.73000002
   16.24833298  153.80900574    0.50000000    2.73000002
   16.25166702  150.32000732    0.50000000    2.75000000
   16.25499916  152.40699768    0.47999999    2.75000000
   16.25805473  156.28700256    0.50000000    2.73000002
   16.26138878  152.21699524    0.50000000    2.73000002
   16.26944351  144.01800537    0.46000001    2.73000002
   16.27083397  147.06199646    0.46000001    2.73000002
   16.27388954  141.04499817    0.46000001    2.73000002
   16.27888870  141.04499817    0.47999999    2.73000002
   16.28305435  144.77499390    0.47999999    2.73000002
   16.28638840  149.85699463    0.46000001    2.75000000
   16.28944397  143.64399719    0.46000001    2.75000000
   16.29277802  137.38000488    0.44000000    2.75000000
   16.29583359  152.06100464    0.46000001    2.73000002
   16.29722214  137.26199341    0.46000001    2.73000002
   16.29944420  142.12100220    0.46000001    2.73000002
   16.30277634  143.69799805    0.46000001    2.73000002
   16.30583191  141.35600281    0.46000001    2.73000002
   16.30916595  141.19900513    0.46000001    2.73000002
   16.31250000  143.31799316    0.46000001    2.73000002
   16.31555557  149.53999329    0.46000001    2.73000002
   16.32166672  149.53999329    0.47999999    2.73000002
   16.32611275  154.32299805    0.47999999    2.73000002
   16.32916832  148.36900330    0.47999999    2.73000002
   16.33055687  157.67100525    0.47999999    2.73000002
   16.33277893  152.24299622    0.50000000    2.73000002
   16.33611107  163.83399963    0.50000000    2.73000002
   16.33916664  160.94500732    0.50000000    2.73000002
   16.34250069  153.25599670    0.50000000    2.73000002
   16.34583473  165.15600586    0.50000000    2.73000002
   16.34889030  156.85699463    0.51999998    2.73000002
   16.35222244  170.52600098    0.52999997    2.73000002
   16.35555649  176.26199341    0.52999997    2.73000002
   16.35861206  172.43600464    0.55000001    2.73000002
   16.36472321  172.43600464    0.55000001    2.73000002
   16.36861038  162.47500610    0.56999999    2.73000002
   16.37194443  163.42599487    0.56999999    2.73000002
   16.37527847  158.10899353    0.55000001    2.73000002
   16.37833405  148.74299622    0.52999997    2.73000002
   16.38166618  159.71000671    0.52999997    2.73000002
   16.38472176  144.74299622    0.50000000    2.73000002
   16.38805580  152.67100525    0.50000000    2.75000000
   16.39138794  144.30499268    0.47999999    2.73000002
   16.39444351  151.32400513    0.46000001    2.73000002
   16.39722252  141.46899414    0.44000000    2.75000000
   16.39805603  153.18400574    0.44000000    2.75000000
   16.40138817  150.87500000    0.41999999    2.73000002
   16.40749931  150.87500000    0.44000000    2.73000002
   16.41166687  147.90699768    0.44000000    2.73000002
   16.41472244  122.19499969    0.46000001    2.73000002
   16.41805458  149.95199585    0.47999999    2.73000002
   16.42138863  138.70799255    0.50000000    2.73000002
   16.42472076  148.81399536    0.50000000    2.73000002
   16.42777634  152.27099609    0.50000000    2.73000002
   16.43055534  155.04699707    0.50000000    2.73000002
   16.43138885  133.29600525    0.50000000    2.73000002
   16.43472099  149.24299622    0.50000000    2.73000002
   16.43777657  143.98699951    0.47999999    2.73000002
   16.44111061  148.10899353    0.47999999    2.73000002
   16.44444275  147.23100281    0.47999999    2.73000002
   16.45027924  147.23100281    0.47999999    2.73000002
   16.45444489  139.32200623    0.47999999    2.73000002
   16.45750046  150.20500183    0.47999999    2.73000002
   16.46083450  142.84199524    0.47999999    2.75000000
   16.46389008  148.84500122    0.47999999    2.73000002
   16.46444511  145.37600708    0.47999999    2.73000002
   16.46777916  157.08799744    0.47999999    2.73000002
   16.47138977  147.11500549    0.47999999    2.73000002
   16.47472191  147.70300293    0.47999999    2.73000002
   16.47777748  156.73699951    0.47999999    2.73000002
   16.48111153  165.49499512    0.47999999    2.73000002
   16.48444557  157.12600708    0.47999999    2.73000002
   16.48750114  154.43400574    0.50000000    2.73000002
   16.49333382  154.43400574    0.51999998    2.73000002
   16.49749947  168.34300232    0.52999997    2.73000002
   16.50083351  169.62899780    0.52999997    2.73000002
   16.50388908  159.61500549    0.52999997    2.73000002
   16.50722313  160.15199280    0.52999997    2.73000002
   16.51027870  163.23699951    0.52999997    2.73000002
   16.51361084  150.69599915    0.51999998    2.73000002
   16.51694489  162.10200500    0.51999998    2.73000002
   16.52000046  169.29800415    0.52999997    2.73000002
   16.52333260  163.23899841    0.51999998    2.73000002
   16.52666664  149.54899597    0.51999998    2.73000002
   16.52972221  161.57099915    0.50000000    2.73000002
   16.53055573  159.67500305    0.50000000    2.73000002
   16.53583336  159.67500305    0.50000000    2.73000002
   16.53999901  151.58599854    0.50000000    2.73000002
   16.54333305  145.40199280    0.50000000    2.75000000
   16.54666710  157.19200134    0.50000000    2.73000002
   16.54972076  162.24400330    0.50000000    2.73000002
   16.55305481  158.62199402    0.50000000    2.73000002
   16.55638885  143.49400330    0.50000000    2.73000002
   16.55944443  157.78799438    0.50000000    2.73000002
   16.56277657  144.02699280    0.51999998    2.73000002
   16.56388855  151.13099670    0.51999998    2.73000002
   16.56638718  144.54699707    0.51999998    2.73000002
   16.56972313  148.29699707    0.52999997    2.75000000
   16.57305717  145.66099548    0.51999998    2.73000002
   16.57888985  145.66099548    0.51999998    2.73000002
   16.58305550  144.15299988    0.51999998    2.73000002
   16.58611107  137.56399536    0.51999998    2.73000002
   16.58944511  139.15499878    0.51999998    2.73000002
   16.59250069  136.44400024    0.51999998    2.73000002
   16.59583473  121.43599701    0.51999998    2.73000002
   16.59722328  136.36099243    0.51999998    2.73000002
   16.59944534  139.23399353    0.51999998    2.73000002
   16.60277748  140.43699646    0.52999997    2.73000002
   16.60611153  133.83599854    0.52999997    2.71000004
   16.60916710  153.40100098    0.52999997    2.71000004
   16.61250114  146.88299561    0.52999997    2.73000002
   16.61555672  148.89100647    0.52999997    2.73000002
   16.62166595  148.89100647    0.55000001    2.73000002
   16.62583351  130.40899658    0.55000001    2.71000004
   16.62888908  138.39399719    0.52999997    2.73000002
   16.63055611  136.21299744    0.55000001    2.71000004
   16.63249969  127.39700317    0.55000001    2.71000004
   16.63583374  139.36000061    0.55000001    2.73000002
   16.63916588  148.99699402    0.55000001    2.73000002
   16.64222145  135.70599365    0.52999997    2.71000004
   16.64555550  130.69799805    0.55000001    2.73000002
   16.64888954  131.89199829    0.52999997    2.73000002
   16.65194321  141.99299622    0.52999997    2.73000002
   16.65527725  144.96200562    0.52999997    2.73000002
   16.65861130  132.26400757    0.52999997    2.73000002
   16.66444397  132.26400757    0.51999998    2.73000002
   16.66860962  142.53599548    0.50000000    2.73000002
   16.67194366  137.18800354    0.50000000    2.73000002
   16.67499924  148.68099976    0.50000000    2.73000002
   16.67833328  141.86500549    0.50000000    2.73000002
   16.68166542  145.00599670    0.50000000    2.73000002
   16.68472099  133.33200073    0.50000000    2.73000002
   16.68805504  154.04299927    0.51999998    2.73000002
   16.69111061  144.53100586    0.50000000    2.73000002
   16.69444275  139.36999512    0.50000000    2.73000002
   16.69722176  144.36799622    0.50000000    2.73000002
   16.69805527  143.30700684    0.51999998    2.73000002
   16.70138931  138.75799561    0.51999998    2.73000002
   16.70722389  138.75799561    0.51999998    2.73000002
   16.71138954  147.91299438    0.51999998    2.73000002
   16.71472359  138.10299683    0.51999998    2.73000002
   16.71805573  141.47300720    0.51999998    2.73000002
   16.72138977  139.14100647    0.52999997    2.73000002
   16.72472191  143.69400024    0.55000001    2.73000002
   16.72777748  137.97300720    0.55000001    2.73000002
   16.73055649  140.75799561    0.55000001    2.73000002
   16.73139000  135.74600220    0.55000001    2.73000002
   16.73472214  136.99299622    0.56999999    2.73000002
   16.73805618  137.03500366    0.56999999    2.73000002
   16.74111176  138.20300293    0.56999999    2.73000002
   16.74444389  129.23699951    0.56999999    2.73000002
   16.75027847  129.23699951    0.56999999    2.73000002
   16.75444412  129.91299438    0.56999999    2.73000002
   16.75749969  135.71499634    0.55000001    2.73000002
   16.76083374  127.25499725    0.56999999    2.73000002
   16.76388931  127.92199707    0.55000001    2.71000004
   16.76472282  133.24699402    0.55000001    2.71000004
   16.76777840  134.38200378    0.55000001    2.73000002
   16.77111053  127.15299988    0.55000001    2.73000002
   16.77416611  133.40899658    0.55000001    2.73000002
   16.77750015  127.87100220    0.55000001    2.73000002
   16.78083229  135.15299988    0.55000001    2.73000002
   16.78416634  137.71600342    0.55000001    2.73000002
   16.78750038  129.62100220    0.55000001    2.73000002
   16.79305458  129.62100220    0.52999997    2.73000002
   16.79722214  131.59300232    0.52999997    2.73000002
   16.80027771  129.59300232    0.55000001    2.73000002
   16.80360985  130.63600159    0.55000001    2.73000002
   16.80694389  138.89700317    0.55000001    2.71000004
   16.80999947  133.58999634    0.55000001    2.73000002
   16.81333351  141.23699951    0.55000001    2.73000002
   16.81666756  139.82899475    0.55000001    2.73000002
   16.81972313  132.41000366    0.55000001    2.73000002
   16.82305717  133.26100159    0.56999999    2.73000002
   16.84250069  121.50800323    0.55000001    2.73000002
   16.84666824  121.50800323    0.55000001    2.71000004
   16.85083389  145.54699707    0.55000001    2.73000002
   16.85416794  144.01699829    0.55000001    2.73000002
   16.85722351  138.53300476    0.55000001    2.73000002
   16.86055565  145.62800598    0.55000001    2.73000002
   16.86361122  131.39399719    0.55000001    2.73000002
   16.86694527  138.97799683    0.52999997    2.73000002
   16.87027740  140.10400391    0.55000001    2.73000002
   16.87333298  142.65400696    0.55000001    2.73000002
   16.87583351  134.93200684    0.55000001    2.73000002
   16.87694550  131.46899414    0.55000001    2.73000002
   16.88027763  136.02499390    0.56999999    2.73000002
   16.88361168  140.93299866    0.56999999    2.73000002
   16.88944435  140.93299866    0.56999999    2.71000004
   16.89361191  136.17999268    0.63000000    2.73000002
   16.89694405  140.34100342    0.63000000    2.71000004
   16.89999962  139.14500427    0.63000000    2.71000004
   16.90333366  149.00599670    0.61000001    2.75000000
   16.90666580  139.11700439    0.56999999    2.73000002
   16.90916634  145.13699341    0.56999999    2.73000002
   16.90999985  150.24899292    0.52999997    2.73000002
   16.91333389  139.33000183    0.52999997    2.73000002
   16.91666603  135.86900330    0.52999997    2.73000002
   16.91972160  129.35099792    0.51999998    2.71000004
   16.92305565  153.31500244    0.50000000    2.73000002
   16.92638779  143.05900574    0.50000000    2.73000002
   16.93249893  143.05900574    0.50000000    2.73000002
   16.93638802  136.85099792    0.50000000    2.73000002
   16.93972206  149.48899841    0.50000000    2.73000002
   16.94249916  148.44400024    0.50000000    2.73000002
   16.94333267  140.14399719    0.47999999    2.73000002
   16.94666672  163.94999695    0.47999999    2.73000002
   16.95000076  149.48599243    0.47999999    2.71000004
   16.95305634  150.55599976    0.47999999    2.71000004
   16.95639038  135.64799500    0.47999999    2.71000004
   16.95972252  148.13299561    0.47999999    2.73000002
   16.96277809  132.04800415    0.46000001    2.73000002
   16.96611214  153.42199707    0.47999999    2.73000002
   16.96916771  156.86700439    0.47999999    2.73000002
   16.97527885  156.86700439    0.46000001    2.73000002
   16.97944450  153.60099792    0.46000001    2.73000002
   16.98250008  165.33000183    0.46000001    2.73000002
   16.98583412  149.41799927    0.46000001    2.73000002
   16.98916626  157.92900085    0.46000001    2.71000004
   16.99222183  149.47999573    0.46000001    2.71000004
   16.99555588  169.51899719    0.47999999    2.71000004
   16.99888992  156.59700012    0.47999999    2.73000002
   17.00194359  156.97500610    0.46000001    2.73000002
   17.00527763  171.40600586    0.47999999    2.73000002
   17.00833321  142.50599670    0.46000001    2.73000002
   17.01027870  147.62600708    0.46000001    2.73000002
   17.01222229  161.20199585    0.46000001    2.73000002
   17.01805496  161.20199585    0.46000001    2.73000002
   17.02222252  167.39599609    0.44000000    2.71000004
   17.02555466  160.78799438    0.44000000    2.71000004
   17.02972221  162.19500732    0.44000000    2.73000002
   17.03305435  162.25799561    0.44000000    2.75000000
   17.03638840  165.41700745    0.44000000    2.75000000
   17.03944397  164.39700317    0.44000000    2.73000002
   17.04277802  165.65199280    0.44000000    2.73000002
   17.04361153  176.85800171    0.44000000    2.73000002
   17.04638863  170.99699402    0.46000001    2.73000002
   17.04944420  163.11900330    0.46000001    2.73000002
   17.05277634  160.11799622    0.46000001    2.73000002
   17.05611038  158.72000122    0.46000001    2.73000002
   17.06083298  158.72000122    0.46000001    2.73000002
   17.06499863  163.76300049    0.44000000    2.75000000
   17.06833458  158.14599609    0.44000000    2.71000004
   17.07139015  179.33200073    0.46000001    2.73000002
   17.07472229  180.90299988    0.46000001    2.73000002
   17.07722282  164.20500183    0.46000001    2.73000002
   17.07833481  179.39399719    0.46000001    2.73000002
   17.08166695  173.78399658    0.46000001    2.73000002
   17.08500099  171.69700623    0.46000001    2.73000002
   17.08805656  168.30200195    0.46000001    2.73000002
   17.09138870  167.38699341    0.47999999    2.73000002
   17.09444427  168.61300659    0.47999999    2.71000004
   17.09777832  160.44900513    0.47999999    2.71000004
   17.10388947  160.44900513    0.47999999    2.73000002
   17.10777855  164.39300537    0.47999999    2.73000002
   17.11055565  165.61399841    0.47999999    2.73000002
   17.11138916  157.46000671    0.47999999    2.73000002
   17.11472321  151.99499512    0.47999999    2.71000004
   17.11805534  160.96200562    0.50000000    2.71000004
   17.12111092  159.91700745    0.50000000    2.71000004
   17.12444496  153.71200562    0.50000000    2.71000004
   17.12750053  161.87399292    0.50000000    2.73000002
   17.13083267  148.53199768    0.50000000    2.71000004
   17.13416672  161.89999390    0.50000000    2.71000004
   17.13722229  169.57800293    0.50000000    2.73000002
   17.14055634  155.91200256    0.50000000    2.73000002
   17.14666748  155.91200256    0.50000000    2.73000002
   17.15083313  146.08500671    0.47999999    2.73000002
   17.15388870  159.78399658    0.47999999    2.71000004
   17.15722275  179.07299805    0.47999999    2.75000000
   17.16055489  153.34599304    0.47999999    2.73000002
   17.16361046  142.32200623    0.47999999    2.71000004
   17.16694450  154.05999756    0.47999999    2.71000004
   17.17027664  145.23199463    0.47999999    2.73000002
   17.17333221  155.28399658    0.47999999    2.73000002
   17.17666626  151.07400513    0.47999999    2.71000004
   17.17749977  157.34199524    0.47999999    2.71000004
   17.18027687  179.58099365    0.47999999    2.71000004
   17.18333244  159.75900269    0.50000000    2.73000002
   17.18944359  159.75900269    0.50000000    2.73000002
   17.19361115  164.49200439    0.47999999    2.71000004
   17.19666672  169.76499939    0.47999999    2.73000002
   17.20000076  158.52699280    0.47999999    2.73000002
   17.20333481  170.45199585    0.47999999    2.73000002
   17.20639038  159.82400513    0.47999999    2.73000002
   17.20972252  169.38900757    0.46000001    2.73000002
   17.21083450  147.14399719    0.46000001    2.73000002
   17.21333504  158.24899292    0.46000001    2.73000002
   17.21638870  149.30099487    0.46000001    2.73000002
   17.21972275  145.85800171    0.46000001    2.73000002
   17.22305679  174.33299255    0.47999999    2.71000004
   17.22611237  172.93600464    0.47999999    2.71000004
   17.23222351  172.93600464    0.47999999    2.73000002
   17.23638916  164.98800659    0.46000001    2.71000004
   17.23972321  170.28999329    0.47999999    2.71000004
   17.24277878  157.23800659    0.46000001    2.73000002
   17.24444389  151.87500000    0.46000001    2.73000002
   17.24666786  146.69500732    0.46000001    2.73000002
   17.24972153  143.31599426    0.46000001    2.73000002
   17.25305557  136.68099976    0.47999999    2.73000002
   17.25611115  160.01899719    0.47999999    2.73000002
   17.25944519  167.07600403    0.46000001    2.73000002
   17.26277733  145.96299744    0.46000001    2.73000002
   17.26583290  152.60699463    0.46000001    2.73000002
   17.26916695  144.61999512    0.46000001    2.73000002
   17.27555466  144.61999512    0.46000001    2.73000002
   17.27972221  148.52299500    0.47999999    2.71000004
   17.28277779  142.85299683    0.47999999    2.73000002
   17.28610992  142.43499756    0.47999999    2.73000002
   17.28944397  143.28100586    0.47999999    2.73000002
   17.29249954  138.42300415    0.46000001    2.71000004
   17.29583359  152.96400452    0.46000001    2.71000004
   17.29888916  160.09800720    0.46000001    2.73000002
   17.30222130  152.02699280    0.46000001    2.73000002
   17.30555534  138.47700500    0.50000000    2.73000002
   17.30861092  152.84199524    0.50000000    2.73000002
   17.31110954  151.69000244    0.47999999    2.73000002
   17.31222153  154.11999512    0.47999999    2.73000002
   17.31805611  154.11999512    0.47999999    2.75000000
   17.32222366  142.03599548    0.47999999    2.75000000
   17.32527924  148.61900330    0.46000001    2.71000004
   17.32861137  160.16600037    0.46000001    2.71000004
   17.33166695  151.51899719    0.44000000    2.73000002
   17.33500099  138.89500427    0.44000000    2.73000002
   17.33833313  149.09800720    0.44000000    2.73000002
   17.34138870  155.80799866    0.44000000    2.73000002
   17.34444427  149.56799316    0.44000000    2.73000002
   17.34500122  150.12300110    0.44000000    2.73000002
   17.34833336  143.26100159    0.44000000    2.73000002
   17.35166740  147.46899414    0.44000000    2.73000002
   17.35472298  151.75700378    0.46000001    2.73000002
   17.36083412  151.75700378    0.47999999    2.73000002
   17.36499977  144.67399597    0.50000000    2.71000004
   17.36833382  147.18800354    0.50000000    2.71000004
   17.37138939  141.53900146    0.50000000    2.71000004
   17.37472153  145.66600037    0.50000000    2.71000004
   17.37777710  170.57200623    0.50000000    2.71000004
   17.37805557  152.75199890    0.50000000    2.71000004
   17.38138962  152.63499451    0.50000000    2.71000004
   17.38472176  144.70799255    0.50000000    2.69000006
   17.38777733  142.04499817    0.50000000    2.73000002
   17.39111137  138.57200623    0.50000000    2.73000002
   17.39444351  145.58000183    0.51999998    2.71000004
   17.39749908  140.04699707    0.51999998    2.71000004
   17.40361023  140.04699707    0.51999998    2.71000004
   17.40777779  157.45899963    0.51999998    2.71000004
   17.41110992  142.97799683    0.52999997    2.71000004
   17.41138840  140.87699890    0.52999997    2.71000004
   17.41472244  138.11399841    0.51999998    2.73000002
   17.41805458  157.48300171    0.50000000    2.71000004
   17.42111015  154.38400269    0.50000000    2.71000004
   17.42444420  151.99600220    0.47999999    2.71000004
   17.42777634  157.02400208    0.47999999    2.71000004
   17.43083191  146.31300354    0.47999999    2.71000004
   17.43416595  152.11500549    0.50000000    2.71000004
   17.43750000  150.75900269    0.47999999    2.71000004
   17.44055557  146.87300110    0.47999999    2.73000002
   17.44638824  146.87300110    0.47999999    2.73000002
   17.45055580  128.07299805    0.47999999    2.73000002
   17.45388985  149.74200439    0.50000000    2.73000002
   17.45722389  142.29299927    0.50000000    2.71000004
   17.46027946  152.25700378    0.47999999    2.73000002
   17.46361160  144.05700684    0.47999999    2.73000002
   17.46694565  137.24499512    0.47999999    2.73000002
   17.47000122  140.47399902    0.47999999    2.73000002
   17.47333336  137.86599731    0.50000000    2.73000002
   17.47638893  140.24699402    0.50000000    2.73000002
   17.47777748  139.60400391    0.51999998    2.73000002
   17.48027802  135.83700562    0.51999998    2.73000002
   17.48333359  131.17500305    0.51999998    2.71000004
   17.48944473  131.17500305    0.56999999    2.73000002
   17.49361229  122.21199799    0.61000001    2.71000004
   17.49666786  144.29800415    0.58999997    2.71000004
   17.50000000  146.27799988    0.56999999    2.71000004
   17.50333405  138.12600708    0.58999997    2.71000004
   17.50666618  135.64999390    0.61000001    2.71000004
   17.50972176  147.00399780    0.61000001    2.71000004
   17.51111031  125.74700165    0.61000001    2.71000004
   17.51361084  133.94299316    0.61000001    2.71000004
   17.51666641  157.71899414    0.61000001    2.71000004
   17.52000046  154.68600464    0.58999997    2.73000002
   17.52305603  130.50599670    0.61000001    2.71000004
   17.52638817  131.08200073    0.58999997    2.73000002
   17.53222275  131.08200073    0.56999999    2.71000004
   17.53638840  138.23599243    0.56999999    2.71000004
   17.53944397  147.88999939    0.56999999    2.71000004
   17.54277802  136.51899719    0.55000001    2.71000004
   17.54472160  142.05900574    0.55000001    2.71000004
   17.54638863  141.87500000    0.56999999    2.73000002
   17.54972076  146.57400513    0.55000001    2.73000002
   17.55305481  145.52699280    0.55000001    2.71000004
   17.55611038  152.71400452    0.55000001    2.71000004
   17.55944443  141.25599670    0.55000001    2.73000002
   17.56250000  140.95100403    0.52999997    2.71000004
   17.56583214  136.92799377    0.52999997    2.73000002
   17.56916809  151.82299805    0.51999998    2.71000004
   17.57500076  151.82299805    0.51999998    2.73000002
   17.57944489  141.15400696    0.52999997    2.73000002
   17.58250046  139.86300659    0.52999997    2.73000002
   17.58583450  148.38800049    0.52999997    2.73000002
   17.58916664  135.86300659    0.51999998    2.71000004
   17.59222221  158.77299500    0.52999997    2.71000004
   17.59555626  150.94799805    0.52999997    2.73000002
   17.59889030  149.25999451    0.52999997    2.73000002
   17.60194397  148.49800110    0.52999997    2.73000002
   17.60527802  155.40899658    0.52999997    2.73000002
   17.60833359  160.04899597    0.55000001    2.71000004
   17.61138916  153.13800049    0.55000001    2.71000004
   17.61194420  150.78900146    0.55000001    2.71000004
   17.61777878  150.78900146    0.55000001    2.71000004
   17.62194443  143.09800720    0.56999999    2.71000004
   17.62527847  161.61099243    0.56999999    2.71000004
   17.62861061  144.67599487    0.56999999    2.71000004
   17.63166618  153.53799438    0.55000001    2.71000004
   17.63500023  141.68099976    0.55000001    2.71000004
   17.63805580  145.31599426    0.55000001    2.71000004
   17.64138794  146.99699402    0.55000001    2.71000004
   17.64472198  129.07000732    0.55000001    2.71000004
   17.64500046  142.96000671    0.55000001    2.71000004
   17.64861107  136.23699951    0.55000001    2.71000004
   17.65194321  165.94700623    0.55000001    2.71000004
   17.65499878  162.11399841    0.55000001    2.71000004
   17.66083336  162.11399841    0.52999997    2.71000004
   17.66499901  150.89100647    0.51999998    2.73000002
   17.66805458  145.81700134    0.51999998    2.71000004
   17.67138863  154.41099548    0.51999998    2.71000004
   17.67472076  145.45599365    0.51999998    2.71000004
   17.67777634  141.10400391    0.51999998    2.71000004
   17.67833328  150.76300049    0.51999998    2.71000004
   17.68166542  148.92399597    0.50000000    2.71000004
   17.68472099  147.19500732    0.50000000    2.71000004
   17.68805504  142.81700134    0.50000000    2.71000004
   17.69138718  146.55000305    0.51999998    2.73000002
   17.69444275  162.23899841    0.50000000    2.73000002
   17.69777679  135.71000671    0.50000000    2.73000002
   17.70361137  135.71000671    0.61000001    2.73000002
   17.70777893  132.67799377    0.56999999    2.71000004
   17.71083450  139.04899597    0.55000001    2.73000002
   17.71166801  138.73599243    0.55000001    2.73000002
   17.71472359  132.10299683    0.52999997    2.71000004
   17.71805573  148.45899963    0.50000000    2.73000002
   17.72111130  163.41200256    0.81999999    2.71000004
   17.72444534  146.67900085    0.81999999    2.71000004
   17.72750092  144.79800415    0.95999998    2.71000004
   17.73083305  140.66900635    1.25000000    2.71000004
   17.73416710  141.13900757    1.13000000    2.71000004
   17.73722267  141.86500549    0.76999998    2.71000004
   17.74055672  137.19700623    0.61000001    2.71000004
   17.74638939  137.19700623    0.50000000    2.73000002
   17.75083351  136.28700256    0.46000001    2.71000004
   17.75388908  141.11700439    0.46000001    2.71000004
   17.75722313  141.80599976    0.44000000    2.71000004
   17.76055527  139.28100586    0.41999999    2.71000004
   17.76361084  133.95700073    0.51999998    2.71000004
   17.76694489  145.86000061    0.51999998    2.71000004
   17.77027702  144.31100464    0.51999998    2.71000004
   17.77388954  142.19799805    0.50000000    2.71000004
   17.77722168  139.44999695    0.50000000    2.71000004
   17.77833366  144.02499390    0.50000000    2.71000004
   17.78083229  156.75100708    0.51999998    2.71000004
   17.78416634  162.64599609    0.51999998    2.71000004
   17.78916550  162.64599609    0.51999998    2.71000004
   17.79333305  150.49099731    0.51999998    2.71000004
   17.79666710  159.68899536    0.51999998    2.71000004
   17.79999924  145.12300110    0.52999997    2.71000004
   17.80305481  150.64599609    0.52999997    2.71000004
   17.80638885  157.66799927    0.52999997    2.71000004
   17.80972099  143.17399597    0.52999997    2.71000004
   17.81166649  140.72000122    0.52999997    2.71000004
   17.81333351  154.65899658    0.52999997    2.71000004
   17.81638718  134.73100281    0.52999997    2.71000004
   17.81972313  156.11000061    0.52999997    2.71000004
   17.82305717  159.38000488    0.55000001    2.71000004
   17.82611275  138.50000000    0.56999999    2.71000004
   17.83222389  138.50000000    0.56999999    2.71000004
   17.83638954  156.00399780    0.58999997    2.71000004
   17.83944511  180.75599670    0.58999997    2.71000004
   17.84277916  149.28199768    0.56999999    2.71000004
   17.85972214  163.14199829    0.56999999    2.73000002
   17.86277771  144.29800415    0.58999997    2.71000004
   17.86611176  138.00799561    0.58999997    2.71000004
   17.86944389  146.06900024    0.56999999    2.71000004
   17.87527847  146.06900024    0.56999999    2.71000004
   17.87944412  152.54100037    0.56999999    2.71000004
   17.88249969  149.40800476    0.56999999    2.71000004
   17.88583374  159.55900574    0.56999999    2.71000004
   17.88888931  167.80200195    0.56999999    2.71000004
   17.89222145  163.15400696    0.55000001    2.71000004
   17.89305496  163.13299561    0.55000001    2.71000004
   17.89583397  168.13600159    0.55000001    2.71000004
   17.89888954  160.91000366    0.55000001    2.71000004
   17.90222168  142.24699402    0.55000001    2.71000004
   17.90527725  150.93400574    0.56999999    2.71000004
   17.90861130  152.80700684    0.56999999    2.71000004
   17.91194344  156.37699890    0.56999999    2.71000004
   17.91805458  156.37699890    0.55000001    2.71000004
   17.92222214  162.45100403    0.55000001    2.71000004
   17.92527771  161.94099426    0.55000001    2.71000004
   17.92638779  158.23699951    0.55000001    2.71000004
   17.92916679  161.19999695    0.55000001    2.71000004
   17.93222237  160.01499939    0.55000001    2.71000004
   17.93555450  149.50900269    0.55000001    2.71000004
   17.93888855  137.48300171    0.55000001    2.71000004
   17.94194412  152.05499268    0.55000001    2.71000004
   17.94527626  151.72900391    0.55000001    2.71000004
   17.94861031  150.09100342    0.55000001    2.71000004
   17.95166779  143.22599792    0.55000001    2.71000004
   17.95499992  151.69299316    0.56999999    2.71000004
   17.96083450  151.69299316    0.56999999    2.71000004
   17.97444534  145.48800659    0.00000000    0.00000000
   17.97750092  145.19299316    0.56999999    2.71000004
   17.98083305  142.84399414    0.56999999    2.71000004
   17.98416710  142.45100403    0.55000001    2.71000004
   17.98722267  142.00900269    0.55000001    2.71000004
   17.99055672  158.02900696    0.56999999    2.71000004
   17.99305534  141.37399292    0.56999999    2.71000004
   17.99444389  141.43600464    0.56999999    2.71000004
   17.99749947  152.14100647    0.56999999    2.71000004
   18.00361061  152.14100647    0.56999999    2.71000004
   18.00777817  145.12600708    0.56999999    2.71000004
   18.01111031  137.66499329    0.55000001    2.71000004
   18.01444435  133.94900513    0.55000001    2.71000004
   18.01749992  145.39399719    0.55000001    2.71000004
   18.02083397  138.10099792    0.55000001    2.71000004
   18.02444458  143.45799255    0.55000001    2.69000006
   18.03555489  142.57299805    0.52999997    2.71000004
   18.03722191  130.54400635    0.51999998    2.71000004
   18.04027748  144.97399902    0.51999998    2.71000004
   18.04666710  144.97399902    0.51999998    2.69000006
   18.05083275  143.86300659    0.52999997    2.71000004
   18.05388832  137.28399658    0.52999997    2.71000004
   18.05722237  132.77600098    0.52999997    2.71000004
   18.05972099  124.12999725    0.52999997    2.69000006
   18.06083298  144.83799744    0.52999997    2.69000006
   18.06388855  125.05799866    0.52999997    2.71000004
   18.06722260  149.47799683    0.52999997    2.71000004
   18.07055664  133.68200684    0.51999998    2.71000004
   18.07361221  157.88400269    0.51999998    2.71000004
   18.07694626  136.74699402    0.51999998    2.71000004
   18.08000183  155.19599915    0.51999998    2.71000004
   18.08333397  132.54299927    0.51999998    2.71000004
   18.08944511  132.54299927    0.51999998    2.71000004
   18.09361267  132.38999939    0.52999997    2.71000004
   18.09666824  136.59100342    0.55000001    2.71000004
   18.10000038  137.89799500    0.55000001    2.71000004
   18.10333443  136.10800171    0.56999999    2.71000004
   18.10639000  139.38999939    0.51999998    2.71000004
   18.10972214  133.08299255    0.50000000    2.71000004
   18.11305618  139.69599915    0.50000000    2.71000004
   18.11611176  143.25900269    0.47999999    2.69000006
   18.11944389  136.30599976    0.47999999    2.71000004
   18.12277794  134.16099548    0.47999999    2.71000004
   18.12583351  136.77000427    0.46000001    2.71000004
   18.12638855  138.36500549    0.46000001    2.71000004
   18.13222313  138.36500549    0.44000000    2.71000004
   18.13638878  140.41799927    0.44000000    2.71000004
   18.13972282  141.02400208    0.46000001    2.69000006
   18.14277840  139.00300598    0.44000000    2.71000004
   18.14638901  144.10899353    0.44000000    2.71000004
   18.14944458  137.97700500    0.44000000    2.71000004
   18.15277672  136.35200500    0.44000000    2.71000004
   18.15583229  132.89399719    0.41999999    2.71000004
   18.15916634  136.83000183    0.44000000    2.71000004
   18.15972137  139.11099243    0.44000000    2.71000004
   18.16277695  141.07600403    0.41999999    2.71000004
   18.16583252  141.67799377    0.41999999    2.71000004
   18.16916656  141.28199768    0.41999999    2.71000004
   18.17499924  141.28199768    0.41999999    2.71000004
   18.17916679  149.18099976    0.41999999    2.71000004
   18.18249893  147.30299377    0.41999999    2.71000004
   18.18583298  143.03999329    0.55000001    2.69000006
   18.18888855  147.84500122    0.52999997    2.69000006
   18.19222069  142.19799805    0.61000001    2.71000004
   18.19305420  137.68200684    0.61000001    2.71000004
   18.19583321  137.14599609    0.55000001    2.69000006
   18.19916534  140.14300537    0.51999998    2.71000004
   18.20222282  147.53199768    0.51999998    2.71000004
   18.20555687  143.61700439    0.61000001    2.69000006
   18.20861244  134.25799561    0.61000001    2.69000006
   18.21194458  139.67100525    0.63000000    2.71000004
   18.21805573  139.67100525    0.58999997    2.69000006
   18.22222328  135.26400757    0.58999997    2.69000006
   18.22527885  128.73599243    0.61000001    2.69000006
   18.22638893  140.61099243    0.61000001    2.69000006
   18.22888947  144.55099487    0.67000002    2.69000006
   18.23222351  145.36300659    0.75000000    2.69000006
   18.23555565  146.75599670    0.69000000    2.69000006
   18.23861122  149.21099854    0.69000000    2.69000006
   18.24194527  144.91900635    0.63000000    2.69000006
   18.24500084  134.17999268    0.55000001    2.69000006
   18.24833298  142.35699463    0.52999997    2.71000004
   18.25166702  143.30799866    0.50000000    2.71000004
   18.25472260  145.53999329    0.56999999    2.71000004
   18.26083374  145.53999329    0.56999999    2.69000006
   18.26499939  136.49000549    0.52999997    2.69000006
   18.26833344  133.26400757    0.50000000    2.69000006
   18.27138901  143.89500427    0.50000000    2.69000006
   18.27472115  135.56300354    0.47999999    2.69000006
   18.27777672  142.69299316    0.47999999    2.69000006
   18.28111076  144.08599854    0.47999999    2.69000006
   18.28444481  143.20599365    0.47999999    2.69000006
   18.28750038  137.88400269    0.50000000    2.69000006
   18.29083252  147.12600708    0.47999999    2.69000006
   18.29305458  143.48100281    0.47999999    2.69000006
   18.29444313  140.83500671    0.47999999    2.69000006
   18.29777718  148.35699463    0.47999999    2.71000004
   18.30360985  148.35699463    0.47999999    2.69000006
   18.30805397  141.06300354    0.47999999    2.69000006
   18.31110954  146.24000549    0.50000000    2.69000006
   18.31444359  141.84800720    0.50000000    2.69000006
   18.31777954  145.48100281    0.50000000    2.69000006
   18.32083511  153.94000244    0.51999998    2.69000006
   18.32416725  138.65400696    0.51999998    2.69000006
   18.32638931  138.45700073    0.52999997    2.69000006
   18.32777786  132.25300598    0.52999997    2.69000006
   18.33111191  146.66000366    0.52999997    2.69000006
   18.33416748  152.08500671    0.56999999    2.69000006
   18.33750153  143.23100281    0.55000001    2.69000006
   18.34055710  144.27999878    0.58999997    2.69000006
   18.34666824  144.27999878    0.56999999    2.69000006
   18.35055542  147.93099976    0.56999999    2.69000006
   18.35388947  152.29800415    0.67000002    2.69000006
   18.35722351  150.89799500    0.67000002    2.69000006
   18.35972214  144.16099548    0.55000001    2.69000006
   18.36083412  149.62500000    0.51999998    2.69000006
   18.36388969  146.39100647    0.51999998    2.69000006
   18.36722183  152.12300110    0.51999998    2.69000006
   18.37055588  145.25399780    0.55000001    2.69000006
   18.37361145  151.43099976    0.52999997    2.69000006
   18.37694550  142.27999878    0.51999998    2.69000006
   18.38027763  145.23599243    0.52999997    2.69000006
   18.38333321  151.46699524    0.51999998    2.69000006
   18.38944435  151.46699524    0.52999997    2.69000006
   18.39361191  147.29699707    0.51999998    2.69000006
   18.39666748  155.98100281    0.51999998    2.71000004
   18.39999962  148.91400146    0.51999998    2.71000004
   18.40305519  155.39999390    0.55000001    2.69000006
   18.40638924  152.53700256    0.58999997    2.69000006
   18.40972137  158.52799988    0.58999997    2.69000006
   18.41277695  151.91400146    0.58999997    2.69000006
   18.41611099  145.07299805    0.58999997    2.69000006
   18.41944313  150.45799255    0.61000001    2.69000006
   18.42249870  151.34899902    0.56999999    2.69000006
   18.42583275  144.79100037    0.56999999    2.69000006
   18.42638779  150.12500000    0.56999999    2.69000006
   18.43222237  150.12500000    0.56999999    2.69000006
   18.43638802  144.81300354    0.56999999    2.69000006
   18.43944359  140.97200012    0.56999999    2.69000006
   18.44277763  143.57699585    0.56999999    2.69000006
   18.44610977  146.28199768    0.58999997    2.69000006
   18.44916534  141.43499756    0.58999997    2.67000008
   18.45250130  147.16499329    0.61000001    2.69000006
   18.45583344  142.91700745    0.61000001    2.69000006
   18.45888901  155.25100708    0.63000000    2.69000006
   18.45972252  149.03599548    0.63000000    2.69000006
   18.46250153  140.34100342    0.64999998    2.69000006
   18.46583366  143.28100586    0.64999998    2.69000006
   18.46888924  147.77299500    0.64999998    2.69000006
   18.47500038  147.77299500    0.75000000    2.67000008
   18.47916794  146.60699463    0.70999998    2.69000006
   18.48250008  151.62100220    0.67000002    2.69000006
   18.48555565  152.00999451    0.67000002    2.69000006
   18.48888969  149.52299500    0.63000000    2.67000008
   18.49222183  154.98599243    0.64999998    2.69000006
   18.49305534  153.34500122    0.64999998    2.67000008
   18.49583435  169.62800598    0.64999998    2.67000008
   18.49916649  152.50100708    0.64999998    2.69000006
   18.50222206  149.94000244    0.64999998    2.69000006
   18.50555611  146.36599731    0.64999998    2.67000008
   18.50861168  151.08200073    0.69000000    2.69000006
   18.51194382  152.18699646    0.67000002    2.69000006
   18.51777840  152.18699646    0.69000000    2.67000008
   18.52194405  155.07400513    0.70999998    2.69000006
   18.52527809  153.85600281    0.70999998    2.67000008
   18.52638817  155.31100464    0.73000002    2.67000008
   18.52888870  150.97700500    0.73000002    2.67000008
   18.53222275  156.96600342    0.73000002    2.67000008
   18.53527641  149.25999451    0.73000002    2.69000006
   18.53861046  150.76300049    0.70999998    2.67000008
   18.54194450  158.21000671    0.70999998    2.69000006
   18.54500008  153.13999939    0.70999998    2.67000008
   18.54833221  155.17500305    0.73000002    2.69000006
   18.55166626  157.52400208    0.73000002    2.69000006
   18.55472183  137.38699341    0.73000002    2.67000008
   18.56083298  137.38699341    0.70999998    2.69000006
   18.56499863  141.80599976    0.70999998    2.69000006
   18.56805611  152.64599609    0.70999998    2.69000006
   18.57139015  136.97900391    0.73000002    2.69000006
   18.57444572  154.11300659    0.75000000    2.67000008
   18.57777786  155.48899841    0.76999998    2.67000008
   18.58111191  153.88900757    0.79000002    2.69000006
   18.58416748  152.38299561    0.79000002    2.69000006
   18.58750153  161.73199463    0.79000002    2.67000008
   18.59083366  165.80999756    0.79000002    2.67000008
   18.59305573  161.53599548    0.79000002    2.67000008
   18.59444427  152.41000366    0.80000001    2.67000008
   18.59777832  154.64599609    0.80000001    2.67000008
   18.60361099  154.64599609    0.79000002    2.67000008
   18.60777855  167.98599243    0.80000001    2.67000008
   18.61083412  165.40899658    0.80000001    2.67000008
   18.61416626  160.19200134    0.80000001    2.67000008
   18.61750031  149.76499939    0.81999999    2.67000008
   18.62055588  172.84199524    0.86000001    2.67000008
   18.62388992  153.99000549    0.88000000    2.67000008
   18.62638855  155.82600403    0.88000000    2.67000008
   18.62750053  188.35800171    0.89999998    2.67000008
   18.63083267  174.78100586    0.89999998    2.67000008
   18.63388824  160.13499451    0.92000002    2.67000008
   18.63722229  157.71000671    0.95999998    2.67000008
   18.64027786  148.11900330    0.94000000    2.67000008
   18.64638901  148.11900330    0.89999998    2.67000008
   18.65055466  161.53900146    0.86000001    2.67000008
   18.65388870  161.50900269    0.86000001    2.67000008
   18.65694427  173.93699646    0.83999997    2.67000008
   18.65972137  151.39599609    0.80000001    2.66000009
   18.66055489  155.98500061    0.80000001    2.66000009
   18.66388893  157.47000122    0.80000001    2.67000008
   18.66694450  153.69799805    0.79000002    2.67000008
   18.67027664  157.98699951    0.79000002    2.67000008
   18.67361069  161.53900146    0.79000002    2.67000008
   18.67666626  158.05799866    0.79000002    2.67000008
   18.68000031  157.42900085    0.80000001    2.67000008
   18.68305397  160.53300476    0.80000001    2.67000008
   18.68916512  160.53300476    0.76999998    2.67000008
   18.69333267  173.19500732    0.76999998    2.66000009
   18.69666672  152.56599426    0.76999998    2.67000008
   18.70000076  190.59199524    0.75000000    2.66000009
   18.70305634  167.07899475    0.75000000    2.66000009
   18.70639038  163.74499512    0.75000000    2.67000008
   18.70972252  170.41299438    0.75000000    2.67000008
   18.71277809  192.00900269    0.75000000    2.67000008
   18.71611214  182.69999695    0.75000000    2.67000008
   18.71916771  158.77799988    0.75000000    2.66000009
   18.72249985  175.10400391    0.75000000    2.67000008
   18.72583389  176.72799683    0.75000000    2.67000008
   18.72638893  174.46499634    0.75000000    2.67000008
   18.73222351  174.46499634    1.46000004    2.67000008
   18.73611069  184.64399719    4.90999985    2.48000002
   18.73944473  176.88499451    4.90999985    2.09999990
   18.74277878   55.73550034    4.90999985    2.21000004
   18.74583435  300.94900513    4.90999985    1.69000006
   18.74916649  191.19200134    4.90999985    2.57999992
   18.75250053  159.74800110    4.90999985    2.75000000
   18.75555611  154.49200439    4.90999985    2.73000002
   18.75888824  159.66400146    2.48000002    2.71000004
   18.75972176  149.04100037    0.94000000    2.71000004
   18.76250076  211.39100647    0.79000002    2.69000006
   18.76583290  160.85499573    0.79000002    2.69000006
   18.76888847  162.58399963    0.76999998    2.67000008
   18.78444481  162.58399963    0.69000000    2.67000008
   18.78861046  183.40899658    0.70999998    2.67000008
   18.79166603  175.28999329    0.69000000    2.67000008
   18.79500008  179.88299561    0.69000000    2.67000008
   18.79805565  180.42900085    0.69000000    2.67000008
   18.79999924  187.81399536    0.69000000    2.66000009
   18.80194283  180.33500671    0.69000000    2.66000009
   18.80499840  171.04800415    0.67000002    2.66000009
   18.80833244  167.19200134    0.67000002    2.67000008
   18.81166649  179.29200745    0.67000002    2.66000009
   18.81777954  179.29200745    0.67000002    2.66000009
   18.82194519  176.69500732    0.67000002    2.66000009
   18.82527924  178.78300476    0.67000002    2.67000008
   18.82833481  178.27600098    0.67000002    2.67000008
   18.83166695  168.80000305    0.64999998    2.66000009
   18.83333397  179.12300110    0.64999998    2.66000009
   18.83527756  180.80400085    0.64999998    2.67000008
   18.83833313  188.30000305    0.64999998    2.66000009
   18.84166718  171.27799988    0.64999998    2.66000009
   18.84500122  172.08900452    0.67000002    2.66000009
   18.84805679  180.05099487    0.67000002    2.66000009
   18.85138893  165.35600281    0.69000000    2.66000009
   18.85472298  163.46099854    0.69000000    2.66000009
   18.86055565  163.46099854    0.67000002    2.66000009
   18.86472321  182.34300232    0.69000000    2.66000009
   18.86666679  171.77999878    0.69000000    2.66000009
   18.86861038  180.30400085    0.69000000    2.66000009
   18.87166595  167.49600220    0.67000002    2.66000009
   18.89138794  169.23899841    0.67000002    2.67000008
   18.89444351  175.91900635    0.64999998    2.66000009
   18.89805603  162.44099426    0.67000002    2.67000008
   18.90361023  162.44099426    0.67000002    2.67000008
   18.90777779  177.51600647    0.67000002    2.66000009
   18.91083336  181.16400146    0.67000002    2.66000009
   18.91416550  166.15800476    0.67000002    2.66000009
   18.91749954  169.33399963    0.67000002    2.66000009
   18.92055511  153.60000610    0.67000002    2.66000009
   18.92388916  161.46099854    0.67000002    2.66000009
   18.92722130  171.95599365    0.67000002    2.67000008
   18.93027687  176.80299377    0.64999998    2.66000009
   18.93361092  173.85200500    0.67000002    2.66000009
   18.93444443  165.51899719    0.67000002    2.66000009
   18.93722153  154.71299744    0.67000002    2.66000009
   18.94027710  169.11099243    0.64999998    2.66000009
   18.94638824  169.11099243    0.67000002    2.66000009
   18.95055580  162.21400452    0.64999998    2.64000010
   18.95388985  161.60000610    0.64999998    2.64000010
   18.95694542  153.43699646    0.64999998    2.66000009
   18.96027946  168.99099731    0.64999998    2.66000009
   18.96333504  152.16600037    0.64999998    2.66000009
   18.96666718  148.82699585    0.64999998    2.66000009
   18.96777916  158.85299683    0.64999998    2.66000009
   18.97027779  144.56599426    0.64999998    2.66000009
   18.97333336  170.20300293    0.64999998    2.66000009
   18.97666740  168.46000671    0.64999998    2.67000008
   18.98000145  169.94299316    0.64999998    2.66000009
   18.98305511  160.61300659    0.64999998    2.66000009
   18.98916626  160.61300659    0.64999998    2.66000009
   18.99333382  177.75900269    0.64999998    2.66000009
   18.99666786  167.28300476    0.67000002    2.66000009
   18.99972153  159.62300110    0.69000000    2.67000008
   19.00138855  163.48300171    0.69000000    2.67000008
   19.00361061  153.37800598    0.69000000    2.66000009
   19.00666618  163.08000183    0.69000000    2.66000009
   19.01000023  161.59500122    0.69000000    2.66000009
   19.01305580  155.94000244    0.69000000    2.67000008
   19.01638794  175.36399841    0.70999998    2.66000009
   19.01972198  164.56199646    0.69000000    2.66000009
   19.02277756  165.52699280    0.70999998    2.66000009
   19.02611160  166.87399292    0.69000000    2.66000009
   19.03222275  166.87399292    0.69000000    2.66000009
   19.03638840  163.04800415    0.69000000    2.66000009
   19.03944397  149.96699524    0.69000000    2.66000009
   19.04277802  133.65199280    0.70999998    2.64000010
   19.04611015  164.10099792    0.69000000    2.66000009
   19.04916573  158.59599304    0.69000000    2.66000009
   19.05249977  157.11599731    0.70999998    2.66000009
   19.05555534  161.52499390    0.69000000    2.66000009
   19.05888748  158.92700195    0.69000000    2.66000009
   19.06222153  168.79100037    0.69000000    2.64000010
   19.06527710  149.02600098    0.69000000    2.64000010
   19.06805611  171.20799255    0.69000000    2.64000010
   19.06916809  164.47500610    0.69000000    2.66000009
   19.07500076  164.47500610    0.69000000    2.64000010
   19.07916832  171.34199524    0.70999998    2.66000009
   19.08222389  170.46899414    0.73000002    2.64000010
   19.08555603  157.70500183    0.73000002    2.64000010
   19.08889008  167.07200623    0.73000002    2.64000010
   19.09194565  159.25999451    0.73000002    2.64000010
   19.09555626  160.03900146    0.73000002    2.64000010
   19.09889030  165.98199463    0.70999998    2.64000010
   19.10138893  146.52200317    0.70999998    2.64000010
   19.10250092  157.05999756    0.70999998    2.64000010
   19.10555649  160.79600525    0.70999998    2.64000010
   19.10888863  162.45199585    0.73000002    2.64000010
   19.11194420  145.97300720    0.73000002    2.66000009
   19.11777878  145.97300720    0.76999998    2.64000010
   19.12194443  154.37100220    0.81999999    2.66000009
   19.12527847  163.38099670    0.81999999    2.64000010
   19.12833405  156.21499634    0.79000002    2.64000010
   19.13166618  165.06199646    0.79000002    2.64000010
   19.13472176  149.20300293    0.81999999    2.64000010
   19.13527679  154.95799255    0.81999999    2.64000010
   19.13833237  147.82699585    0.81999999    2.64000010
   19.14166641  142.44000244    0.92000002    2.64000010
   19.14500046  150.02099609    0.92000002    2.64000010
   19.14805603  159.74000549    0.92000002    2.64000010
   19.15138817  144.98699951    0.89999998    2.64000010
   19.15472221  142.71400452    0.86000001    2.64000010
   19.16055489  142.71400452    0.88000000    2.61999989
   19.16472244  147.25300598    0.94000000    2.64000010
   19.16805458  159.87899780    0.92000002    2.61999989
   19.16860962  142.33500671    0.92000002    2.61999989
   19.17166519  159.48500061    0.95999998    2.64000010
   19.17499924  161.86099243    0.89999998    2.61999989
   19.17833328  152.93699646    0.89999998    2.61999989
   19.18166542  158.61399841    0.92000002    2.64000010
   19.18472099  157.25000000    0.89999998    2.64000010
   19.18805504  153.39300537    0.89999998    2.64000010
   19.19138718  150.66299438    0.89999998    2.64000010
   19.19472122  157.78900146    0.89999998    2.64000010
   19.19805527  142.35400391    1.01999998    2.64000010
   19.20361137  142.35400391    1.03999996    2.61999989
   19.20777893  174.33500671    1.05999994    2.64000010
   19.21111107  154.55099487    1.09000003    2.64000010
   19.21444511  150.62899780    1.16999996    2.64000010
   19.21777916  158.12199402    3.34999990    2.61999989
   19.22111130  158.27000427    4.90999985    2.55999994
   19.22416687  160.01699829    4.90999985    2.51999998
   19.22750092  166.04200745    4.90999985    2.51999998
   19.23083305  155.91700745    4.90999985    2.57999992
   19.23388863  150.97799683    4.90999985    2.59999990
   19.23472214  154.80000305    4.90999985    2.59999990
   19.23777771  132.19999695    4.90999985    2.59999990
   19.24083328  140.65199280    4.90999985    2.59999990
   19.24638939  140.65199280    4.90999985    2.66000009
   19.25055504  102.48899841    4.90999985    2.53999996
   19.25361061   -1.00000000    4.90999985    0.25999999
   19.25694466   -1.00000000    4.90999985    0.13000000
   19.26027870   -1.00000000    4.90999985    0.11000000
   19.26333427   -1.00000000    4.90999985    0.05000000
   19.26666641   -1.00000000    1.09000003    0.03000000
   19.27861023   -1.00000000    0.00000000    0.00000000
   19.28194427   -1.00000000    1.36000001    0.01000000
   19.28527641   -1.00000000    4.09999990    0.01000000
   19.29333305   -1.00000000    4.90999985    0.01000000
   19.29666710   -1.00000000    4.90999985    0.03000000
   19.29972076   -1.00000000    4.90999985    0.03000000
   19.30333328   -1.00000000    4.90999985    0.03000000
   19.30666542   -1.00000000    4.90999985    0.05000000
   19.30999947   -1.00000000    4.90999985    0.07000000
   19.31305504   -1.00000000    4.90999985    0.09000000
   19.31638718   -1.00000000    4.90999985    0.11000000
   19.31972313   -1.00000000    4.90999985    0.15000001
   19.32277870   -1.00000000    4.90999985    0.30000001
   19.32611275  258.89300537    4.90999985    0.69000000
   19.33222389  258.89300537    4.90999985    1.28999996
   19.33638954  189.66099548    4.90999985    2.48000002
   19.33944511  161.26899719    4.90999985    2.44000006
   19.34277916  202.02299500    4.90999985    2.30999994
   19.34611130  138.89100647    4.90999985    2.39000010
   19.34916687  168.11399841    4.90999985    2.48000002
   19.35250092  202.11700439    4.90999985    2.26999998
   19.35583305  176.44400024    4.90999985    2.25000000
   19.35888863  228.00000000    4.90999985    2.09999990
   19.36222267  209.63400269    4.90999985    2.19000006
   19.36555672  243.10800171    4.90999985    2.23000002
   19.36805534  207.19400024    4.90999985    2.13000011
   19.36916733  275.98498535    4.90999985    2.09999990
   19.37500000  275.98498535    4.90999985    2.00000000
   19.37916756  262.18798828    4.90999985    2.09999990
   19.38249969  240.38299561    4.90999985    2.13000011
   19.38555527  154.43899536    4.90999985    2.17000008
   19.38888931  150.07600403    4.90999985    2.44000006
   19.39222145  155.10000610    4.90999985    2.48000002
   19.39527702  164.39799500    4.90999985    2.50000000
   19.39861107  164.33000183    4.90999985    2.48000002
   19.40138817  139.33000183    4.90999985    2.40000010
   19.40222168  165.72500610    4.90999985    2.40000010
   19.40555573  148.31599426    4.90999985    2.42000008
   19.40861130  158.58700562    4.90999985    2.42000008
   19.41194344  147.28300476    4.90999985    2.40000010
   19.41777802  147.28300476    4.90999985    2.39000010
   19.42194366  177.09199524    4.90999985    2.36999989
   19.42527771  154.23399353    4.90999985    2.39000010
   19.42860985  154.29499817    4.90999985    2.39000010
   19.43166542  145.76699829    4.90999985    2.42000008
   19.43472099  166.49800110    4.90999985    2.39000010
   19.43527603  154.42300415    4.90999985    2.39000010
   19.43833160  193.45500183    4.90999985    2.39000010
   19.44166565  181.41400146    4.90999985    2.25000000
   19.44499969  176.64999390    4.90999985    2.26999998
   19.44805527  180.22999573    4.90999985    2.23000002
   19.45138931  163.54299927    4.90999985    2.34999990
   19.45472336  158.97599792    4.90999985    2.32999992
   19.46083450  158.97599792    4.90999985    2.32999992
   19.46500015  142.05900574    4.90999985    2.26999998
   19.46805573  160.63200378    4.90999985    2.46000004
   19.46861076  152.02600098    4.90999985    2.44000006
   19.47166634  165.02799988    4.90999985    2.48000002
   19.47500038  165.43499756    4.90999985    2.46000004
   19.47833443  172.78399658    4.90999985    2.51999998
   19.48139000  146.32400513    4.90999985    2.46000004
   19.48472214  157.81300354    4.90999985    2.46000004
   19.48777771  157.60299683    4.90999985    2.48000002
   19.49111176  149.83999634    4.90999985    2.48000002
   19.49444389  161.64300537    4.90999985    2.46000004
   19.49749947  156.79499817    4.90999985    2.40000010
   19.50361061  156.79499817    4.90999985    2.46000004
   19.50777817  177.56900024    4.90999985    2.25000000
   19.51083374  158.50000000    4.90999985    2.25000000
   19.51416588  145.32800293    4.90999985    2.39000010
   19.51749992  147.30099487    4.90999985    2.46000004
   19.52055550  106.87999725    4.90999985    2.42000008
   19.52388954  160.77200317    4.90999985    2.40000010
   19.52722168  145.58299255    4.90999985    2.39000010
   19.53027725  127.88400269    4.90999985    2.42000008
   19.53361130  133.98800659    4.90999985    2.39000010
   19.53472137  144.22700500    4.90999985    2.39000010
   19.53722191  156.45100403    4.90999985    2.40000010
   19.54055595  154.60200500    4.90999985    2.39000010
   19.54638863  154.60200500    4.90999985    2.25000000
   19.55055428  201.45399475    4.90999985    2.17000008
   19.55388832  203.04200745    4.90999985    2.17000008
   19.55694389  178.67999268    4.90999985    2.19000006
   19.56027794  187.35600281    4.90999985    2.17000008
   19.56361008  239.58200073    4.90999985    2.07999992
   19.56666756  269.67800903    4.90999985    2.07999992
   19.56805611  292.74099731    4.90999985    2.00000000
   19.57027817  234.73699951    4.90999985    2.01999998
   19.57361221  246.93699646    4.90999985    2.00000000
   19.57666779  507.37200928    4.90999985    2.03999996
   19.57888985  203.51499939    4.90999985    1.83000004
   19.57888985  178.67999268    4.90999985    2.19000006
   19.57888985  187.35600281    4.90999985    2.17000008
   19.57916832  239.58200073    4.90999985    2.07999992
   19.57916832  269.67800903    4.90999985    2.07999992
   19.57916832  234.73699951    4.90999985    2.01999998
   19.57944489  246.93699646    4.90999985    2.00000000
   19.57944489  507.37200928    4.90999985    2.03999996
   19.57944489  201.45399475    4.90999985    2.17000008
   19.57972336  203.04200745    4.90999985    2.17000008
   19.58166695  477.00500488    4.90999985    1.71000004
   19.58361244  422.11199951    4.90999985    1.83000004
   19.58500099  315.10699463    4.90999985    1.85000002
   19.58500099  477.00500488    4.90999985    1.71000004
   19.58611107  344.51501465    4.90999985    1.88000000
   19.58944511  190.96099854    4.90999985    2.09999990
   19.59250069  154.64599609    4.90999985    2.26999998
   19.59583473  159.48100281    4.90999985    2.32999992
   19.59916687  171.17199707    4.90999985    2.32999992
   19.60583305  171.17199707    4.90999985    2.34999990
   19.61000061  163.80799866    4.90999985    2.42000008
   19.61305618  161.05299377    4.90999985    2.30999994
   19.61638832  161.86000061    4.90999985    2.42000008
   19.61888885  149.63000488    4.90999985    2.26999998
   19.62000084  143.76499939    4.90999985    2.26999998
   19.62333298  140.89599609    4.90999985    2.46000004
   19.62666702  166.05400085    4.90999985    2.40000010
   19.62972260  203.24000549    4.90999985    2.17000008
   19.63305473  165.04699707    4.90999985    2.07999992
   19.63638878  148.56300354    4.90999985    2.39000010
   19.63944435  142.63200378    4.90999985    2.42000008
   19.64277840  144.50599670    4.90999985    2.50000000
   19.64861107  144.50599670    4.90999985    2.50000000
   19.65277672  145.46899414    4.90999985    2.51999998
   19.65583229  141.20300293    4.90999985    2.50000000
   19.65916634  143.03399658    4.59999990    2.51999998
   19.66250038  148.83999634    4.76000023    2.51999998
   19.66555595  139.19900513    4.90999985    2.51999998
   19.66888809  140.76300049    4.90999985    2.51999998
   19.67222214  144.94799805    4.90999985    2.44000006
   19.67527771  143.22000122    4.90999985    2.42000008
   19.67860985  149.20899963    4.90999985    2.40000010
   19.68166542  148.12600708    4.90999985    2.40000010
   19.68499947  165.17599487    4.90999985    2.36999989
   19.68555450  157.94500732    4.90999985    2.36999989
   19.69138718  157.94500732    4.90999985    2.23000002
   19.69555473  217.32800293    4.90999985    2.19000006
   19.69888878  178.42799377    4.90999985    2.11999989
   19.70194435  230.34399414    4.90999985    2.03999996
   19.70527840  163.57400513    4.90999985    2.07999992
   19.70861244  180.10200500    4.90999985    2.15000010
   19.71166801  177.54899597    4.90999985    2.09999990
   19.71500015  162.39199829    4.90999985    2.23000002
   19.71805573  145.58500671    4.90999985    2.30999994
   19.71888924  143.12300110    4.90999985    2.34999990
   19.72194481  158.67100525    4.90999985    2.40000010
   19.72500038  122.84799957    4.90999985    2.42000008
   19.72833443  137.20799255    4.90999985    2.50000000
   19.73416710  137.20799255    4.90999985    2.53999996
   19.73833275  145.17199707    4.90999985    2.55999994
   19.74166679  138.89100647    4.90999985    2.57999992
   19.74500084  138.17700195    4.90999985    2.57999992
   19.74805641  141.99200439    4.90999985    2.59999990
   19.75138855  138.71699524    4.90999985    2.61999989
   19.75222206  136.73599243    4.90999985    2.59999990
   19.75499916  136.13600159    4.90999985    2.64000010
   19.75805473  126.74500275    4.90999985    2.67000008
   19.76138878   -1.00000000    4.90999985    1.38000000
   19.76444435   -1.00000000    4.90999985    0.36000001
   19.76777840   -1.00000000    4.90999985    0.30000001
   19.77111053  148.72999573    4.90999985    0.79000002
   19.77722168  148.72999573    4.90999985    2.25000000
   19.78138924  132.03399658    4.90999985    2.28999996
   19.78444481  127.56400299    4.90999985    0.69000000
   19.78555489  239.48100281    0.30000001    0.25999999
   19.78833199  137.19200134    0.20999999    0.19000000
   19.79138756  132.17500305    0.19000000    0.13000000
   19.79472160   -1.00000000    0.19000000    0.13000000
   19.79777718   -1.00000000    0.19000000    0.13000000
   19.80111122   -1.00000000    0.19000000    0.13000000
   19.80444336   -1.00000000    0.19000000    0.13000000
   19.80749893   -1.00000000    0.19000000    0.13000000
   19.81083298   -1.00000000    0.19000000    0.13000000
   19.81416512  123.31900024    0.19000000    0.13000000
   19.82389069   -1.00000000    0.19000000    0.13000000
   19.82722282   -1.00000000    0.19000000    0.13000000
   19.83055687   -1.00000000    0.19000000    0.13000000
   19.83361244   -1.00000000    0.19000000    0.13000000
   19.83694458   -1.00000000    0.19000000    0.13000000
   19.84000015   -1.00000000    0.19000000    0.13000000
   19.84333420  163.60499573    0.19000000    0.13000000
   19.84666824  108.03900146    0.19000000    0.13000000
   19.84972191  127.39299774    0.19000000    0.13000000
   19.85222244  155.36000061    0.19000000    0.13000000
   19.85361099  114.01999664    0.19000000    0.13000000
   19.85666656   47.21379852    0.19000000    0.13000000
   19.86277771   47.21379852    0.19000000    0.13000000
   19.86694527  241.46800232    0.19000000    0.13000000
   19.87027740  107.04499817    0.19000000    0.13000000
   19.87333298  153.81300354    0.19000000    0.13000000
   19.87666702  160.11700439    0.19000000    0.13000000
   19.88000107  136.45399475    0.19000000    0.13000000
   19.88305473  137.29499817    0.19000000    0.13000000
   19.88555527  134.12399292    0.19000000    0.13000000
   19.88694382  110.30999756    0.19000000    0.13000000
   19.88999939  155.18699646    0.19000000    0.13000000
   19.89333344  147.11199951    0.19000000    0.13000000
   19.89666748  106.18800354    0.19000000    0.13000000
   19.91777802  106.18800354    0.19000000    0.13000000
   19.92194366  139.44500732    0.19000000    0.13000000
   19.92527771  201.67100525    0.19000000    0.13000000
   19.92833328  150.88800049    0.19000000    0.13000000
   19.93166542   98.23840332    0.19000000    0.13000000
   19.93499947  179.60499573    0.19000000    0.13000000
   19.93805504   92.22190094    0.19000000    0.13000000
   19.94138718   -1.00000000    0.19000000    0.13000000
   19.94444275   -1.00000000    0.19000000    0.13000000
   19.94777679  236.78599548    0.19000000    0.13000000
   19.95111275  143.51600647    0.19000000    0.13000000
   19.95277786  159.52699280    0.19000000    0.13000000
   19.95472336  190.79899597    0.19000000    0.13000000
   19.96055603  190.79899597    0.19000000    0.13000000
   19.96472359  137.79100037    0.19000000    0.13000000
   19.96805573  135.69500732    0.19000000    0.13000000
   19.97111130  134.29699707    0.19000000    0.13000000
   19.97444534  134.16600037    0.19000000    0.13000000
   19.97777748  129.93600464    0.19000000    0.13000000
   19.98083305  126.58799744    0.19000000    0.13000000
   19.98416710  127.98100281    0.19000000    0.13000000
   19.98611069  127.69200134    0.19000000    0.13000000
   19.98777771  114.00199890    0.19000000    0.13000000
   19.99111176  162.77499390    0.19000000    0.13000000
   19.99416733  121.18900299    0.19000000    0.13000000
   19.99749947  173.97399902    0.19000000    0.13000000
   20.00333405  173.97399902    0.19000000    0.13000000
   20.00749969  135.77200317    0.19000000    0.13000000
   20.01083374  132.72300720    0.19000000    0.13000000
   20.01388931  141.75300598    0.19000000    0.13000000
   20.01722145  129.35000610    0.19000000    0.13000000
   20.01972198  133.08999634    0.19000000    0.13000000
   20.02083397  126.41300201    0.19000000    0.13000000
   20.02416611  137.60699463    0.19000000    0.13000000
   20.02750015  132.27999878    0.19000000    0.13000000
   20.03055573  136.84700012    0.19000000    0.13000000
   20.03388786  135.85000610    0.19000000    0.13000000
   20.03722191  130.72700500    0.19000000    0.13000000
   20.04027748  134.47599792    0.19000000    0.13000000
   20.04638863  134.47599792    0.19000000    0.13000000
   20.05027771  124.49800110    0.19000000    0.13000000
   20.05305481  130.05599976    0.19000000    0.13000000
   20.05388832  137.79400635    0.19000000    0.13000000
   20.05722237  138.33599854    0.19000000    0.13000000
   20.06055450  127.94300079    0.19000000    0.13000000
   20.06361008  113.12200165    0.19000000    0.13000000
   20.06694603  130.82899475    0.19000000    0.13000000
   20.07027817  141.24099731    0.19000000    0.13000000
   20.07333374  156.62899780    0.19000000    0.13000000
   20.07666779  156.02000427    0.19000000    0.13000000
   20.07972336  175.14300537    0.19000000    0.13000000
   20.08305550  181.67799377    0.19000000    0.13000000
   20.08916664  181.67799377    0.19000000    0.13000000
   20.09333420  224.97799683    0.19000000    0.13000000
   20.09638977   -1.00000000    0.19000000    0.13000000
   20.09972191   -1.00000000    0.19000000    0.13000000
   20.10277748   -1.00000000    0.19000000    0.13000000
   20.10611153   -1.00000000    0.19000000    0.13000000
   20.10944557   -1.00000000    0.19000000    0.13000000
   20.11250114   -1.00000000    0.19000000    0.13000000
   20.11583328   -1.00000000    0.19000000    0.13000000
   20.11916733   -1.00000000    0.19000000    0.13000000
   20.12249947   -1.00000000    0.19000000    0.13000000
   20.12583351   -1.00000000    0.19000000    0.13000000
   20.13611031   -1.00000000    0.19000000    0.13000000
   20.13916588   -1.00000000    0.19000000    0.13000000
   20.14249992   -1.00000000    0.19000000    0.13000000
   20.14555550   -1.00000000    0.19000000    0.13000000
   20.14888954   -1.00000000    0.19000000    0.13000000
   20.15222168   -1.00000000    0.19000000    0.13000000
