    HOUR (UT)   FLARE FACTOR    SKY TESTER    SUN TESTER
   13.52527714   -1.00000000   -1.00000000   -1.00000000
   13.54500008   94.03199768    4.90999985    1.55999994
   13.55027771  118.36000061    4.90999985    1.53999996
   13.55361176  113.70200348    4.90999985    1.55999994
   13.55694485  104.08799744    4.90999985    1.60000002
   13.56000042  109.63700104    4.90999985    1.58000004
   13.56500053  125.97200012    4.90999985    1.63000000
   13.56805515  119.69300079    4.90999985    1.64999998
   13.57138920  130.23899841    4.90999985    1.63000000
   13.57472229  224.05799866    4.90999985    1.69000006
   13.57777786  342.57000732    4.90999985    1.76999998
   13.57833290  328.43798828    4.90999985    1.76999998
   13.58138847  323.47799683    4.90999985    1.85000002
   13.58472157  300.74200439    4.90999985    1.91999996
   13.58777714  291.64099121    4.90999985    1.96000004
   13.59111118  292.67098999    4.90999985    2.00000000
   13.59416676  297.90301514    4.90999985    2.00000000
   13.59749985  276.49700928    4.90999985    2.01999998
   13.60083389  278.18099976    4.90999985    2.03999996
   13.60388947  238.76499939    4.90999985    2.05999994
   13.60722256  261.03900146    4.90999985    2.07999992
   13.61055565  297.33999634    4.90999985    2.07999992
   13.61166668  261.06799316    4.90999985    2.07999992
   13.61416721  221.35899353    4.90999985    2.09999990
   13.61750031  224.89700317    4.90999985    2.17000008
   13.62055588  262.19500732    4.90999985    2.15000010
   13.62388897  238.34399414    4.90999985    2.15000010
   13.62694454  241.24099731    4.90999985    2.17000008
   13.63027763  251.13499451    4.90999985    2.15000010
   13.63361073  278.73199463    4.90999985    2.11999989
   13.63666630  282.65899658    4.90999985    2.07999992
   13.64000034  269.44299316    4.90999985    2.05999994
   13.64333344  289.83200073    4.90999985    2.07999992
   13.64499950  260.02999878    4.90999985    2.07999992
   13.64694405  261.85998535    4.90999985    2.07999992
   13.65027714  265.09201050    4.90999985    2.03999996
   13.65333271  263.74600220    4.90999985    2.07999992
   13.65666676  238.24400330    4.90999985    2.11999989
   13.65972137  236.59500122    4.90999985    2.13000011
   13.66305542  217.07800293    4.90999985    2.15000010
   13.66638851  234.74600220    4.90999985    2.13000011
   13.66944504  242.41600037    4.90999985    2.13000011
   13.67277813  225.62899780    4.90999985    2.13000011
   13.67611122  231.84199524    4.90999985    2.15000010
   13.67833328  224.33399963    4.90999985    2.13000011
   13.68083382  207.53599548    4.90999985    2.13000011
   13.68388939  214.44799805    4.90999985    2.15000010
   13.68722248  212.69000244    4.90999985    2.17000008
   13.69027805  210.51499939    4.90999985    2.19000006
   13.69388866  211.51199341    4.90999985    2.19000006
   13.69722271  222.32099915    4.90999985    2.21000004
   13.70027733  222.98500061    4.90999985    2.19000006
   13.70361137  219.25900269    4.90999985    2.21000004
   13.70694447  213.34300232    4.90999985    2.19000006
   13.71000004  220.80299377    4.90999985    2.21000004
   13.71166611  223.48300171    4.90999985    2.21000004
   13.71361065  204.04699707    4.90999985    2.21000004
   13.71694374  191.46600342    4.90999985    2.23000002
   13.71999931  209.54899597    4.90999985    2.23000002
   13.72333336  214.14399719    4.90999985    2.21000004
   13.72638798  231.22300720    4.90999985    2.17000008
   13.72972202  224.06100464    4.90999985    2.17000008
   13.73305511  198.25399780    4.90999985    2.17000008
   13.73611164  207.47900391    4.90999985    2.21000004
   13.73944473  203.13699341    4.90999985    2.21000004
   13.74277782  191.95899963    4.90999985    2.21000004
   13.74499989  191.31900024    4.90999985    2.23000002
   13.74638939  196.86900330    4.90999985    2.26999998
   13.74972248  180.16200256    4.90999985    2.32999992
   13.75277805  159.37899780    4.90999985    2.40000010
   13.75611115  159.30299377    4.90999985    2.48000002
   13.75916672  161.35099792    4.90999985    2.55999994
   13.76249981  151.78399658    4.90999985    2.61999989
   13.76583290  155.57299805    4.90999985    2.61999989
   13.76888847  158.78999329    4.90999985    2.64000010
   13.77222157  152.26199341    4.90999985    2.64000010
   13.77555561  157.05900574    4.90999985    2.61999989
   13.77833271  164.50199890    4.90999985    2.55999994
   13.77916622  156.41299438    4.90999985    2.53999996
   13.78249931  155.30599976    4.90999985    2.51999998
   13.78555584  152.12699890    4.90999985    2.57999992
   13.78861141  156.31300354    4.90999985    2.59999990
   13.79194450  164.32800293    4.90999985    2.61999989
   13.79527855  153.17799377    4.90999985    2.59999990
   13.79833412  155.45500183    4.90999985    2.59999990
   13.80166721  173.09899902    4.90999985    2.61999989
   13.80472279  157.16499329    4.90999985    2.64000010
   13.80805588  159.02099609    4.90999985    2.61999989
   13.81138897  146.64799500    4.90999985    2.59999990
   13.81194496  160.31700134    4.90999985    2.59999990
   13.81500053  161.21200562    4.90999985    2.57999992
   13.81833363  161.96200562    4.90999985    2.59999990
   13.82166672  160.32299805    4.90999985    2.57999992
   13.82472229  162.06500244    4.90999985    2.57999992
   13.82805538  159.40299988    4.90999985    2.55999994
   13.83111095  158.17700195    4.90999985    2.55999994
   13.83444405  165.03500366    4.90999985    2.55999994
   13.83777714  164.75399780    4.90999985    2.57999992
   13.84083271  161.75799561    4.90999985    2.55999994
   13.84416676  158.91299438    4.90999985    2.55999994
   13.84527779  161.48300171    4.90999985    2.57999992
   13.84777737  161.76100159    4.90999985    2.57999992
   13.85111141  159.93400574    4.90999985    2.57999992
   13.85444450  163.33299255    4.90999985    2.59999990
   13.85750008  171.13800049    4.90999985    2.57999992
   13.86083412  156.99299622    4.90999985    2.59999990
   13.86388969  156.11099243    4.90999985    2.59999990
   13.86722279  163.58099365    4.90999985    2.59999990
   13.87055588  158.35899353    4.90999985    2.61999989
   13.87388897  161.25399780    4.90999985    2.61999989
   13.87722206  153.89399719    4.90999985    2.59999990
   13.87861156  166.53999329    4.90999985    2.59999990
   13.88083363  160.13200378    4.90999985    2.59999990
   13.88388920  160.86900330    4.90999985    2.59999990
   13.88722229  154.26199341    4.90999985    2.57999992
   13.89055538  160.54699707    4.90999985    2.55999994
   13.89361095  154.76199341    4.90999985    2.57999992
   13.89694405  160.88699341    4.90999985    2.59999990
   13.90027714  153.48399353    4.90999985    2.55999994
   13.90333271  166.42399597    4.90999985    2.53999996
   13.90666676  159.29400635    4.90999985    2.53999996
   13.90972137  161.73500061    4.90999985    2.55999994
   13.91194439  159.64900208    4.90999985    2.55999994
   13.91361046  156.01300049    4.90999985    2.55999994
   13.91666698  156.53100586    4.90999985    2.53999996
   13.92000008  166.34199524    4.90999985    2.53999996
   13.92333412  162.85699463    4.90999985    2.50000000
   13.92638874  163.01800537    4.90999985    2.48000002
   13.92972279  169.67700195    4.90999985    2.51999998
   13.93305588  168.62199402    4.90999985    2.51999998
   13.93611145  177.34899902    4.90999985    2.50000000
   13.93944454  170.11999512    4.90999985    2.48000002
   13.94250011  179.40899658    4.90999985    2.48000002
   13.94527817  173.24000549    4.90999985    2.51999998
   13.94638920  167.11599731    4.90999985    2.51999998
   13.94944477  157.99400330    4.90999985    2.50000000
   13.95277786  176.39100647    4.90999985    2.48000002
   13.95611095  170.76499939    4.90999985    2.46000004
   13.95916653  172.72000122    4.90999985    2.46000004
   13.96249962  182.85899353    4.90999985    2.42000008
   13.96583271  172.51899719    4.90999985    2.42000008
   13.96888828  185.97200012    4.90999985    2.42000008
   13.97222137  180.90400696    4.90999985    2.46000004
   13.97527695  189.82400513    4.90999985    2.44000006
   13.97861099  180.77200317    4.90999985    2.42000008
   13.97916603  173.46099854    4.90999985    2.42000008
   13.98222160  180.99099731    4.90999985    2.42000008
   13.98555565  169.07299805    4.90999985    2.42000008
   13.98888874  185.36300659    4.90999985    2.46000004
   13.99194431  179.46000671    4.90999985    2.44000006
   13.99527836  179.50000000    4.90999985    2.46000004
   13.99861145  187.44299316    4.90999985    2.44000006
   14.00166702  171.48500061    4.90999985    2.44000006
   14.00500011  174.83900452    4.90999985    2.42000008
   14.00805569  177.60200500    4.90999985    2.40000010
   14.01138878  164.44999695    4.90999985    2.44000006
   14.01194477  180.36799622    4.90999985    2.44000006
   14.01500034  183.51699829    4.90999985    2.48000002
   14.01805496  169.01899719    4.90999985    2.48000002
   14.02138901  174.98800659    4.90999985    2.50000000
   14.02472210  174.75900269    4.90999985    2.53999996
   14.02777767  183.40299988    4.90999985    2.55999994
   14.03111076  167.45799255    4.90999985    2.55999994
   14.03444481  173.87600708    4.90999985    2.53999996
   14.03750038  170.25300598    4.90999985    2.51999998
   14.04083347  180.30799866    4.90999985    2.50000000
   14.04416752  186.72200012    4.90999985    2.48000002
   14.04527855  177.15800476    4.90999985    2.48000002
   14.04777813  174.75599670    4.90999985    2.48000002
   14.05083370  163.76499939    4.90999985    2.51999998
   14.05416679  175.76600647    4.90999985    2.50000000
   14.05749989  173.40100098    4.90999985    2.51999998
   14.06055546  162.47500610    4.90999985    2.51999998
   14.06388950  163.78900146    4.90999985    2.53999996
   14.06722260  165.65600586    4.90999985    2.55999994
   14.07027817  162.96000671    4.90999985    2.59999990
   14.07361126  165.60800171    4.90999985    2.57999992
   14.07666683  161.84899902    4.90999985    2.55999994
   14.07861137  167.85299683    4.90999985    2.53999996
   14.08055592  167.10800171    4.90999985    2.55999994
   14.08388901  166.41400146    4.90999985    2.55999994
   14.08694458  164.72500610    4.90999985    2.55999994
   14.09027767  167.62100220    4.90999985    2.53999996
   14.09333324  173.88699341    4.90999985    2.48000002
   14.09666634  179.39599609    4.90999985    2.44000006
   14.10000038  176.26100159    4.90999985    2.39000010
   14.10305595  174.79200745    4.90999985    2.42000008
   14.10638905  183.93299866    4.90999985    2.40000010
   14.10972214  180.34700012    4.90999985    2.40000010
   14.11194515  182.12100220    4.90999985    2.40000010
   14.11361122  181.11000061    4.90999985    2.40000010
   14.11694431  168.11500549    4.90999985    2.42000008
   14.11999989  161.98199463    4.90999985    2.46000004
   14.12333393  168.51499939    4.90999985    2.50000000
   14.12666702  181.46600342    4.90999985    2.50000000
   14.12972260  168.44200134    4.90999985    2.46000004
   14.13305569  161.49699402    4.90999985    2.48000002
   14.13638878  170.40699768    4.90999985    2.51999998
   14.13944435  161.62699890    4.90999985    2.53999996
   14.14277744  169.88900757    4.90999985    2.57999992
   14.14527798  162.78399658    4.90999985    2.53999996
   14.14638901  170.79400635    4.90999985    2.51999998
   14.14944458  172.32600403    4.90999985    2.48000002
   14.15277767  158.54100037    4.90999985    2.48000002
   14.15611076  168.63499451    4.90999985    2.51999998
   14.15916634  173.10400391    4.90999985    2.48000002
   14.16249943  169.00900269    4.90999985    2.48000002
   14.16583252  160.60699463    4.90999985    2.50000000
   14.16888905  161.84700012    4.90999985    2.53999996
   14.17222214  161.28999329    4.90999985    2.55999994
   14.17527771  167.77900696    4.90999985    2.57999992
   14.17861176  163.33500671    4.90999985    2.57999992
   14.17916679  155.89799500    4.90999985    2.57999992
   14.18222237  165.02699280    4.90999985    2.59999990
   14.18555546  159.17999268    4.90999985    2.59999990
   14.18888855  161.94999695    4.90999985    2.57999992
   14.19194412  159.48800659    4.90999985    2.59999990
   14.19527817  156.99800110    4.90999985    2.59999990
   14.19861126  163.71600342    4.90999985    2.59999990
   14.20166683  164.37800598    4.90999985    2.55999994
   14.20499992  158.93699646    4.90999985    2.55999994
   14.20805550  175.38499451    4.90999985    2.59999990
   14.21138859  159.72399902    4.90999985    2.59999990
   14.21194458  175.11700439    4.90999985    2.59999990
   14.21500015  169.11399841    4.90999985    2.57999992
   14.21833324  163.18899536    4.90999985    2.57999992
   14.22138882  163.10299683    4.90999985    2.59999990
   14.22472191  162.12899780    4.90999985    2.57999992
   14.22777748  165.34300232    4.90999985    2.55999994
   14.23111057  162.84300232    4.90999985    2.53999996
   14.23444462  157.56799316    4.90999985    2.51999998
   14.23750019  156.64300537    4.90999985    2.57999992
   14.24083328  159.55700684    4.90999985    2.59999990
   14.24416733  163.32499695    4.90999985    2.61999989
   14.24527836  165.99299622    4.90999985    2.64000010
   14.24777794  162.42100525    4.90999985    2.64000010
   14.25111103  163.50300598    4.90999985    2.64000010
   14.25416660  175.92900085    4.90999985    2.59999990
   14.25749969  167.07299805    4.90999985    2.55999994
   14.26055527  166.81799316    4.90999985    2.57999992
   14.26388931  166.74099731    4.90999985    2.64000010
   14.26722240  175.99899292    4.90999985    2.61999989
   14.27027798  174.70300293    4.90999985    2.64000010
   14.27361107  174.90499878    4.90999985    2.64000010
   14.27694416  189.51699829    4.90999985    2.61999989
   14.27861118  182.62500000    4.90999985    2.61999989
   14.28055573  197.63299561    4.90999985    2.61999989
   14.28388977  201.18800354    4.90999985    2.59999990
   14.28694534  243.17599487    4.90999985    2.59999990
   14.29027843  258.05899048    4.90999985    2.57999992
   14.29333401  226.19700623    4.90999985    2.57999992
   14.29666710  255.50399780    4.90999985    2.61999989
   14.30000019  288.58200073    4.90999985    2.61999989
   14.30305576  343.23400879    4.90999985    2.61999989
   14.30638885  304.71301270    4.90999985    2.55999994
   14.30972195  360.25799561    4.90999985    2.59999990
   14.31194496  346.48999023    4.90999985    2.61999989
   14.31333351  414.51800537    4.90999985    2.61999989
   14.31527805  416.94699097    4.90999985    2.61999989
   14.31666660  391.94601440    4.90999985    2.59999990
   14.31805515  375.52899170    4.90999985    2.61999989
   14.31944466  397.85501099    4.90999985    2.61999989
   14.32083321  424.60501099    4.90999985    2.64000010
   14.32250023  436.09899902    4.90999985    2.64000010
   14.32361126  375.37500000    4.90999985    2.64000010
   14.32499981  376.29299927    4.90999985    2.64000010
   14.32638836  318.60198975    4.90999985    2.64000010
   14.32638836  258.05899048    4.90999985    2.57999992
   14.32666683  226.19700623    4.90999985    2.57999992
   14.32666683  255.50399780    4.90999985    2.61999989
   14.32666683  288.58200073    4.90999985    2.61999989
   14.32694435  343.23400879    4.90999985    2.61999989
   14.32694435  304.71301270    4.90999985    2.55999994
   14.32694435  360.25799561    4.90999985    2.59999990
   14.32722187  414.51800537    4.90999985    2.61999989
   14.32722187  243.17599487    4.90999985    2.59999990
   14.32777786  262.43798828    4.90999985    2.64000010
   14.33111095  190.18099976    4.90999985    2.64000010
   14.33416653  165.86999512    4.90999985    2.64000010
   14.33749962  137.59599304    4.90999985    2.61999989
   14.34055519  123.29599762    4.90999985    2.64000010
   14.34722233  123.29599762    4.90999985    2.61999989
   14.35138893   23.57019997    4.90999985    2.51999998
   14.35444450   38.48479843    4.90999985    2.51999998
   14.35777855   -1.00000000    4.90999985    2.55999994
   14.36138916   -1.00000000    4.90999985    2.55999994
   14.36472225   -1.00000000    4.90999985    2.55999994
   14.36777782   -1.00000000    4.90999985    2.59999990
   14.37111092   -1.00000000    4.90999985    2.61999989
   14.37444496   -1.00000000    4.90999985    2.61999989
   14.37750053   -1.00000000    4.90999985    2.61999989
   14.38083363   -1.00000000    4.90999985    2.66000009
   14.38388920   -1.00000000    4.90999985    2.64000010
   14.39416695   -1.00000000    4.90999985    2.59999990
   14.39722252   -1.00000000    4.90999985    2.57999992
   14.40055561   -1.00000000    4.90999985    2.57999992
   14.40361118   -1.00000000    4.90999985    2.55999994
   14.40694427   -1.00000000    4.90999985    2.57999992
   14.41027737   -1.00000000    4.90999985    2.61999989
   14.41333294   -1.00000000    4.90999985    2.66000009
   14.41666698   -1.00000000    4.90999985    2.66000009
   14.42000008   -1.00000000    4.90999985    2.59999990
   14.42305565   -1.00000000    4.90999985    2.61999989
   14.42638874   -1.00000000    4.90999985    2.66000009
   14.43694496   -1.00000000    4.90999985    2.55999994
   14.44000053   -1.00000000    4.90999985    2.53999996
   14.44333363   -1.00000000    4.90999985    2.51999998
   14.44666672   -1.00000000    4.90999985    2.51999998
   14.44972229   -1.00000000    4.90999985    2.48000002
   14.45305538   -1.00000000    4.90999985    2.51999998
   14.45638847   -1.00000000    4.90999985    2.57999992
   14.45944405   -1.00000000    4.90999985    2.57999992
   14.46305561   -1.00000000    4.90999985    2.61999989
   14.46638870   -1.00000000    4.90999985    2.59999990
   14.46944427   -1.00000000    4.90999985    2.61999989
   14.47972202   -1.00000000    4.90999985    2.69000006
   14.48305511   -1.00000000    4.90999985    2.69000006
   14.48611164   -1.00000000    4.90999985    2.69000006
   14.48944473   -1.00000000    4.90999985    2.66000009
   14.49277782   -1.00000000    4.90999985    2.64000010
   14.49611092   -1.00000000    4.90999985    2.66000009
   14.49944496   -1.00000000    4.90999985    2.69000006
   14.50249958   -1.00000000    4.90999985    2.67000008
   14.50583363   -1.00000000    4.90999985    2.69000006
   14.50916672   -1.00000000    4.90999985    2.67000008
   14.51222229   -1.00000000    4.90999985    2.66000009
   14.52250004   -1.00000000    4.90999985    2.64000010
   14.52583313   -1.00000000    4.90999985    2.64000010
   14.52944374   -1.00000000    4.90999985    2.59999990
   14.53277779   -1.00000000    4.90999985    2.59999990
   14.53583336   -1.00000000    4.90999985    2.57999992
   14.53916740   -1.00000000    4.90999985    2.55999994
   14.54250050   -1.00000000    4.90999985    2.59999990
   14.56944466   -1.00000000    4.90999985    2.69000006
   14.57250023   -1.00000000    4.90999985    2.66000009
   14.57583332   -1.00000000    4.90999985    2.61999989
   14.57916641   -1.00000000    4.90999985    2.50000000
   14.58222198   -1.00000000    4.90999985    2.51999998
   14.58555508   -1.00000000    4.90999985    2.46000004
   14.58861065   -1.00000000    4.90999985    2.44000006
   14.59194374   -1.00000000    4.90999985    2.42000008
   14.59527779   -1.00000000    4.90999985    2.46000004
   14.59861088   -1.00000000    4.90999985    2.50000000
   14.60194492   -1.00000000    4.90999985    2.48000002
   14.61222267   -1.00000000    4.90999985    2.42000008
   14.61527824   -1.00000000    4.90999985    2.40000010
   14.61861134   -1.00000000    4.90999985    2.39000010
   14.62166691   -1.00000000    4.90999985    2.40000010
   14.62500000   -1.00000000    4.90999985    2.40000010
   14.62833309   -1.00000000    4.90999985    2.36999989
   14.63166714   -1.00000000    4.90999985    2.34999990
   14.63500023   -1.00000000    4.90999985    2.36999989
   14.63833332   -1.00000000    4.90999985    2.36999989
   14.64138889   -1.00000000    4.90999985    2.36999989
   14.64472198   -1.00000000    4.90999985    2.34999990
   14.65499973   -1.00000000    4.90999985    2.32999992
   14.65805531   -1.00000000    4.90999985    2.30999994
   14.66138840   -1.00000000    4.90999985    2.30999994
   14.66499996   -1.00000000    4.90999985    2.30999994
   14.66833401   -1.00000000    4.90999985    2.32999992
   14.67138958   -1.00000000    4.90999985    2.30999994
   14.67472267   -1.00000000    4.90999985    2.32999992
   14.67805576   -1.00000000    4.90999985    2.32999992
   14.68111134   -1.00000000    4.90999985    2.32999992
   14.68444443   -1.00000000    4.90999985    2.30999994
   14.68750000   -1.00000000    4.90999985    2.34999990
   14.69777775   -1.00000000    4.90999985    2.36999989
   14.70111084   -1.00000000    4.90999985    2.34999990
   14.70416641   -1.00000000    4.90999985    2.36999989
   14.70749950   -1.00000000    4.90999985    2.44000006
   14.71083355   -1.00000000    4.90999985    2.40000010
   14.71388912   -1.00000000    4.90999985    2.36999989
   14.71722221   -1.00000000    4.90999985    2.34999990
   14.72027779   -1.00000000    4.90999985    2.30999994
   14.72361088   -1.00000000    4.90999985    2.32999992
   14.72694397   -1.00000000    4.90999985    2.39000010
   14.73027706   -1.00000000    4.90999985    2.46000004
   14.74055576   -1.00000000    4.90999985    2.44000006
   14.74388885   -1.00000000    4.90999985    2.46000004
   14.74750042   -1.00000000    4.90999985    2.48000002
   14.75055599   -1.00000000    4.90999985    2.48000002
   14.75388908   -1.00000000    4.90999985    2.48000002
   14.75722218   -1.00000000    4.90999985    2.51999998
   14.76027775   -1.00000000    4.90999985    2.55999994
   14.76388931   -1.00000000    4.90999985    2.57999992
   14.76722240   -1.00000000    4.90999985    2.55999994
   14.77027798   -1.00000000    4.90999985    2.55999994
   14.77361107   -1.00000000    4.90999985    2.59999990
   14.78361130   -1.00000000    4.90999985    2.64000010
   14.78666687   -1.00000000    4.90999985    2.61999989
   14.79000092   -1.00000000    4.90999985    2.64000010
   14.79305553   -1.00000000    4.90999985    2.61999989
   14.79666710   -1.00000000    4.90999985    2.59999990
   14.80000019   -1.00000000    4.90999985    2.64000010
   14.80305576   -1.00000000    4.90999985    2.66000009
   14.80638885   -1.00000000    4.90999985    2.66000009
   14.80972195   -1.00000000    4.90999985    2.61999989
   14.81277752   -1.00000000    4.90999985    2.64000010
   14.81611156   -1.00000000    4.90999985    2.66000009
   14.82638836   -1.00000000    4.90999985    2.69000006
   14.82944393   -1.00000000    4.90999985    2.69000006
   14.83333302   -1.00000000    4.90999985    2.69000006
   14.83638859   -1.00000000    4.90999985    2.69000006
   14.83972168   -1.00000000    4.90999985    2.67000008
   14.84305477   -1.00000000    4.90999985    2.67000008
   14.84611034   -1.00000000    4.90999985    2.66000009
   14.84944439   -1.00000000    4.90999985    2.69000006
   14.85249996   -1.00000000    4.90999985    2.69000006
   14.85583401   -1.00000000    4.90999985    2.67000008
   14.85916710   -1.00000000    4.90999985    2.69000006
   14.86916637   -1.00000000    4.90999985    2.69000006
   14.87250042   -1.00000000    4.90999985    2.73000002
   14.87555599   -1.00000000    4.90999985    2.73000002
   14.87888908   -1.00000000    4.90999985    2.73000002
   14.88194466   -1.00000000    4.90999985    2.73000002
   14.88527775   -1.00000000    4.90999985    2.71000004
   14.88861084   -1.00000000    4.90999985    2.71000004
   14.89166641   -1.00000000    4.90999985    2.69000006
   14.89499950   -1.00000000    4.90999985    2.73000002
   14.89861107   -1.00000000    4.90999985    2.71000004
   14.90166664   -1.00000000    4.90999985    2.73000002
   14.91194439   -1.00000000    4.90999985    2.71000004
   14.91527748   -1.00000000    4.90999985    2.69000006
   14.91833401   -1.00000000    4.90999985    2.75000000
   14.92166710   -1.00000000    4.90999985    2.75000000
   14.92500019   -1.00000000    4.90999985    2.73000002
   14.92805576   -1.00000000    4.90999985    2.73000002
   14.93166733   -1.00000000    4.90999985    2.75000000
   14.93472195   -1.00000000    4.90999985    2.71000004
   14.93805599   -1.00000000    4.90999985    2.71000004
   14.94138908   -1.00000000    4.90999985    2.69000006
   14.94444466   -1.00000000    4.90999985    2.71000004
   14.95472240   -1.00000000    4.90999985    2.71000004
   14.95805550   -1.00000000    4.90999985    2.71000004
   14.96138859   -1.00000000    4.90999985    2.67000008
   14.96500015   -1.00000000    4.90999985    2.67000008
   14.96833324   -1.00000000    4.90999985    2.64000010
   14.97138882   -1.00000000    4.90999985    2.64000010
   14.97472191   -1.00000000    4.90999985    2.67000008
   14.97777748   -1.00000000    4.90999985    2.71000004
   14.98111057   -1.00000000    4.90999985    2.71000004
   14.98444462   -1.00000000    4.90999985    2.75000000
   14.98750019   -1.00000000    4.90999985    2.69000006
   14.99777794   -1.00000000    4.90999985    2.64000010
   15.00083351   -1.00000000    4.90999985    2.64000010
   15.00416660   -1.00000000    4.90999985    2.61999989
   15.00749969   -1.00000000    4.90999985    2.57999992
   15.01055527   -1.00000000    4.90999985    2.59999990
   15.01388931   -1.00000000    4.90999985    2.55999994
   15.01694393   -1.00000000    4.90999985    2.66000009
   15.02027798   -1.00000000    4.90999985    2.64000010
   15.02361107   -1.00000000    4.90999985    2.64000010
   15.02666664   -1.00000000    4.90999985    2.64000010
   15.02999973   -1.00000000    4.90999985    2.64000010
   15.04055595   -1.00000000    4.90999985    2.59999990
   15.04388905   -1.00000000    4.90999985    2.61999989
   15.04694462   -1.00000000    4.90999985    2.69000006
   15.05027771   -1.00000000    4.90999985    2.71000004
   15.05333328   -1.00000000    4.90999985    2.73000002
   15.05666733   -1.00000000    4.90999985    2.71000004
   15.06000042   -1.00000000    4.90999985    2.71000004
   15.06305599   -1.00000000    4.90999985    2.71000004
   15.06666660   -1.00000000    4.90999985    2.73000002
   15.06999969   -1.00000000    4.90999985    2.73000002
   15.07305527   -1.00000000    4.90999985    2.71000004
   15.08333302   -1.00000000    4.90999985    2.73000002
   15.08666611   -1.00000000    4.90999985    2.75000000
   15.08972168   -1.00000000    4.90999985    2.75000000
   15.09305477   -1.00000000    4.90999985    2.75000000
   15.09638882   -1.00000000    4.90999985    2.75000000
   15.09972191   -1.00000000    4.90999985    2.75000000
   15.10305595   -1.00000000    4.90999985    2.75000000
   15.10611153   -1.00000000    4.90999985    2.73000002
   15.10944462   -1.00000000    4.90999985    2.75000000
   15.11277771   -1.00000000    4.90999985    2.75000000
   15.11583328   -1.00000000    4.90999985    2.75000000
   15.12611103   -1.00000000    4.90999985    2.76999998
   15.12944412   -1.00000000    4.90999985    2.75000000
   15.13305569   -1.00000000    4.90999985    2.76999998
   15.13638878   -1.00000000    4.90999985    2.76999998
   15.13944435   -1.00000000    4.90999985    2.76999998
   15.14277744   -1.00000000    4.90999985    2.76999998
   15.14611053   -1.00000000    4.90999985    2.75000000
   15.14916611   -1.00000000    4.90999985    2.75000000
   15.15249920   -1.00000000    4.90999985    2.76999998
   15.15583324   -1.00000000    4.90999985    2.76999998
   15.15888882   -1.00000000    4.90999985    2.76999998
   15.16916656   -1.00000000    4.90999985    2.76999998
   15.17222214   -1.00000000    4.90999985    2.76999998
   15.17555618   -1.00000000    4.90999985    2.76999998
   15.17888927   -1.00000000    4.90999985    2.76999998
   15.18194485   -1.00000000    4.90999985    2.75000000
   15.18527794   -1.00000000    4.90999985    2.76999998
   15.18833351   -1.00000000    4.90999985    2.75000000
   15.19166660   -1.00000000    4.90999985    2.76999998
   15.19499969   -1.00000000    4.90999985    2.78999996
   15.19833374   -1.00000000    4.90999985    2.76999998
   15.20166683   -1.00000000    4.90999985    2.76999998
   15.21194458   -1.00000000    4.90999985    2.76999998
   15.21527767   -1.00000000    4.90999985    2.76999998
   15.21833324   -1.00000000    4.90999985    2.78999996
   15.22166634   -1.00000000    4.90999985    2.78999996
   15.22472191   -1.00000000    4.90999985    2.76999998
   15.22805500   -1.00000000    4.90999985    2.76999998
   15.23166656   -1.00000000    4.90999985    2.76999998
   15.23500061   -1.00000000    4.90999985    2.76999998
   15.23805618   -1.00000000    4.90999985    2.78999996
   15.24138927   -1.00000000    4.90999985    2.76999998
   15.24472237   -1.00000000    4.90999985    2.76999998
   15.25472260   -1.00000000    4.90999985    2.76999998
   15.25805569   -1.00000000    4.90999985    2.76999998
   15.26111126   -1.00000000    4.90999985    2.78999996
   15.26472187   -1.00000000    4.90999985    2.78999996
   15.26805496   -1.00000000    4.90999985    2.76999998
   15.27111053   -1.00000000    4.90999985    2.76999998
   15.27444458   -1.00000000    4.90999985    2.78999996
   15.27777767   -1.00000000    4.90999985    2.76999998
   15.28083324   -1.00000000    4.90999985    2.76999998
   15.28416729   -1.00000000    4.90999985    2.78999996
   15.28750038   -1.00000000    4.90999985    2.76999998
   15.29750061   -1.00000000    4.90999985    2.78999996
   15.30083370   -1.00000000    4.90999985    2.78999996
   15.30416679   -1.00000000    4.90999985    2.78999996
   15.30722237   -1.00000000    4.90999985    2.78999996
   15.31055546   -1.00000000    4.90999985    2.76999998
   15.31388950   -1.00000000    4.90999985    2.78999996
   15.31694412   -1.00000000    4.90999985    2.76999998
   15.32027817   -1.00000000    4.90999985    2.78999996
   15.32333374   -1.00000000    4.90999985    2.78999996
   15.32666683   -1.00000000    4.90999985    2.78999996
   15.32999992   -1.00000000    4.90999985    2.76999998
   15.34055519   -1.00000000    4.90999985    2.76999998
   15.34361076   -1.00000000    4.90999985    2.76999998
   15.34694386   -1.00000000    4.90999985    2.78999996
   15.35027790   -1.00000000    4.90999985    2.76999998
   15.35333347   -1.00000000    4.90999985    2.78999996
   15.35666752   -1.00000000    4.90999985    2.78999996
   15.35972214   -1.00000000    4.90999985    2.78999996
   15.36305618   -1.00000000    4.90999985    2.76999998
   15.36638927   -1.00000000    4.90999985    2.76999998
   15.36972237   -1.00000000    4.90999985    2.78999996
   15.37305546   -1.00000000    4.90999985    2.78999996
   15.38333321   -1.00000000    4.90999985    2.76999998
   15.38666630   -1.00000000    4.90999985    2.78999996
   15.38972187   -1.00000000    4.90999985    2.78999996
   15.39305496   -1.00000000    4.90999985    2.78999996
   15.39611053   -1.00000000    4.90999985    2.78999996
   15.39972210   -1.00000000    4.90999985    2.78999996
   15.40305519   -1.00000000    4.90999985    2.78999996
   15.40638828   -1.00000000    4.90999985    2.78999996
   15.40944386   -1.00000000    4.90999985    2.78999996
   15.41277695   -1.00000000    4.90999985    2.78999996
   15.41583252   -1.00000000    4.90999985    2.78999996
   15.42611122   -1.00000000    4.90999985    2.78999996
   15.42944431   -1.00000000    4.90999985    2.78999996
   15.43277836   -1.00000000    4.90999985    2.76999998
   15.43611145   -1.00000000    4.90999985    2.78999996
   15.43944454   -1.00000000    4.90999985    2.78999996
   15.44250011   -1.00000000    4.90999985    2.76999998
   15.44583321   -1.00000000    4.90999985    2.76999998
   15.44888878   -1.00000000    4.90999985    2.76999998
   15.45222187   -1.00000000    4.90999985    2.78999996
   15.45555496   -1.00000000    4.90999985    2.78999996
   15.45861053   -1.00000000    4.90999985    2.76999998
   15.46888828   -1.00000000    4.90999985    2.78999996
   15.47222137   -1.00000000    4.90999985    2.80999994
   15.47555542   -1.00000000    4.90999985    2.78999996
   15.47861099   -1.00000000    4.90999985    2.78999996
   15.48194408   -1.00000000    4.90999985    2.78999996
   15.48527813   -1.00000000    4.90999985    2.78999996
   15.48833370   -1.00000000    4.90999985    2.78999996
   15.49166679   -1.00000000    4.90999985    2.78999996
   15.49472237   -1.00000000    4.90999985    2.76999998
   15.49833393   -1.00000000    4.90999985    2.76999998
   15.50166702   -1.00000000    4.90999985    2.76999998
   15.51194477   -1.00000000    4.90999985    2.78999996
   15.51500034   -1.00000000    4.90999985    2.76999998
   15.51833344   -1.00000000    4.90999985    2.76999998
   15.52166653   -1.00000000    4.90999985    2.76999998
   15.52472210   -1.00000000    4.90999985    2.76999998
   15.52805519   -1.00000000    4.90999985    2.76999998
   15.53138828   -1.00000000    4.90999985    2.76999998
   15.53472233   -1.00000000    4.90999985    2.78999996
   15.53805637   -1.00000000    4.90999985    2.78999996
   15.54111195   -1.00000000    4.90999985    2.78999996
   15.54444504   -1.00000000    4.90999985    2.78999996
   15.55472279   -1.00000000    4.90999985    2.78999996
   15.55805588   -1.00000000    4.90999985    2.78999996
   15.56111145   -1.00000000    4.90999985    2.78999996
   15.58111095   -1.00000000    4.90999985    2.78999996
   15.58416653   -1.00000000    4.90999985    2.76999998
   15.58749962   -1.00000000    4.90999985    2.76999998
   15.59749985   -1.00000000    4.90999985    2.78999996
   15.60083389   -1.00000000    4.90999985    2.76999998
   15.60416698   -1.00000000    4.90999985    2.75000000
   15.60722256   -1.00000000    4.90999985    2.76999998
   15.61055565   -1.00000000    4.90999985    2.75000000
   15.61388969   -1.00000000    4.90999985    2.75000000
   15.61722279   -1.00000000    4.90999985    2.75000000
   15.62055588   -1.00000000    4.90999985    2.75000000
   15.62361145   -1.00000000    4.90999985    2.75000000
   15.62694454   -1.00000000    4.90999985    2.73000002
   15.63000011   -1.00000000    4.90999985    2.73000002
   15.64055538   -1.00000000    4.90999985    2.76999998
   15.64361095   -1.00000000    4.90999985    2.78999996
   15.64722252   -1.00000000    4.90999985    2.75000000
   15.65055561   -1.00000000    4.90999985    2.75000000
   15.65388870   -1.00000000    4.90999985    2.75000000
   15.65694427   -1.00000000    4.90999985    2.71000004
   15.66027737   -1.00000000    4.90999985    2.71000004
   15.66333294   -1.00000000    4.90999985    2.73000002
   15.66666698   -1.00000000    4.90999985    2.75000000
   15.67000008   -1.00000000    4.90999985    2.73000002
   15.67305565   -1.00000000    4.90999985    2.73000002
   15.68333340   -1.00000000    4.90999985    2.75000000
   15.68666649   -1.00000000    4.90999985    2.73000002
   15.68972206   -1.00000000    4.90999985    2.71000004
   15.69305515   -1.00000000    4.90999985    2.69000006
   15.69638920   -1.00000000    4.90999985    2.67000008
   15.69944477   -1.00000000    4.90999985    2.69000006
   15.70277786   -1.00000000    4.90999985    2.69000006
   15.70583344   -1.00000000    4.90999985    2.67000008
   15.70916653   -1.00000000    4.90999985    2.67000008
   15.71277714   -1.00000000    4.90999985    2.66000009
   15.71611118   -1.00000000    4.90999985    2.66000009
   15.72611046   -1.00000000    4.90999985    2.61999989
   15.72944355   -1.00000000    4.90999985    2.64000010
   15.73277760   -1.00000000    4.90999985    2.59999990
   15.73583317   -1.00000000    4.90999985    2.66000009
   15.73916721   -1.00000000    4.90999985    2.64000010
   15.74222279   -1.00000000    4.90999985    2.67000008
   15.74583340   -1.00000000    4.90999985    2.67000008
   15.74916649   -1.00000000    4.90999985    2.69000006
   15.75249958   -1.00000000    4.90999985    2.71000004
   15.75555515   -1.00000000    4.90999985    2.71000004
   15.75888920   -1.00000000    4.90999985    2.71000004
   15.76916599   -1.00000000    4.90999985    2.71000004
   15.77222157   -1.00000000    4.90999985    2.75000000
   15.77555561   -1.00000000    4.90999985    2.75000000
   15.77888870   -1.00000000    4.90999985    2.67000008
   15.78222179   -1.00000000    4.90999985    2.66000009
   15.78555584   -1.00000000    4.90999985    2.66000009
   15.78861141   -1.00000000    4.90999985    2.66000009
   15.79194450   -1.00000000    4.90999985    2.61999989
   15.79500008   -1.00000000    4.90999985    2.64000010
   15.79833412   -1.00000000    4.90999985    2.64000010
   15.80166721   -1.00000000    4.90999985    2.66000009
   15.81222248   -1.00000000    4.90999985    2.64000010
   15.81555557   -1.00000000    4.90999985    2.67000008
   15.81888866   -1.00000000    4.90999985    2.71000004
   15.82194424   -1.00000000    4.90999985    2.76999998
   15.82527733   -1.00000000    4.90999985    2.78999996
   15.82833290   -1.00000000    4.90999985    2.75000000
   15.83166695   -1.00000000    4.90999985    2.75000000
   15.83500004   -1.00000000    4.90999985    2.75000000
   15.83805561   -1.00000000    4.90999985    2.76999998
   15.84138870   -1.00000000    4.90999985    2.76999998
   15.84472179   -1.00000000    4.90999985    2.76999998
   15.85472298   -1.00000000    4.90999985    2.78999996
   15.85805607   -1.00000000    4.90999985    2.76999998
   15.86111164   -1.00000000    4.90999985    2.76999998
   15.86444473   -1.00000000    4.90999985    2.76999998
   15.86777782   -1.00000000    4.90999985    2.76999998
   15.87083340   -1.00000000    4.90999985    2.76999998
   15.87416649   -1.00000000    4.90999985    2.78999996
   15.87722206   -1.00000000    4.90999985    2.76999998
   15.88083363   -1.00000000    4.90999985    2.76999998
   15.88416672   -1.00000000    4.90999985    2.76999998
   15.88749981   -1.00000000    4.90999985    2.76999998
   15.89750004   -1.00000000    4.90999985    2.78999996
   15.90083313   -1.00000000    4.90999985    2.80999994
   15.90416622   -1.00000000    4.90999985    2.78999996
   15.90722179   -1.00000000    4.90999985    2.78999996
   15.91055489   -1.00000000    4.90999985    2.78999996
   15.91388893   -1.00000000    4.90999985    2.76999998
   15.91722298   -1.00000000    4.90999985    2.76999998
   15.92055607   -1.00000000    4.90999985    2.76999998
   15.92361164   -1.00000000    4.90999985    2.75000000
   15.92694473   -1.00000000    4.90999985    2.75000000
   15.93027782   -1.00000000    4.90999985    2.78999996
   15.94055557   -1.00000000    4.90999985    2.71000004
   15.94361115   -1.00000000    4.90999985    2.69000006
   15.94722271   -1.00000000    4.90999985    2.71000004
   15.95055580   -1.00000000    4.90999985    2.73000002
   15.95388889   -1.00000000    4.90999985    2.75000000
   15.95694447   -1.00000000    4.90999985    2.73000002
   15.96027756   -1.00000000    4.90999985    2.71000004
   15.96361065   -1.00000000    4.90999985    2.69000006
   15.96666622   -1.00000000    4.90999985    2.71000004
   15.96999931   -1.00000000    4.90999985    2.73000002
   15.97305489   -1.00000000    4.90999985    2.73000002
   15.98333359   -1.00000000    4.90999985    2.71000004
   15.98638916   -1.00000000    4.90999985    2.69000006
   15.98972225   -1.00000000    4.90999985    2.73000002
   15.99305534   -1.00000000    4.90999985    2.73000002
   15.99611092   -1.00000000    4.90999985    2.71000004
   15.99944496   -1.00000000    4.90999985    2.69000006
   16.00277710   -1.00000000    4.90999985    2.67000008
   16.00583267   -1.00000000    4.90999985    2.66000009
   16.00916672   -1.00000000    4.90999985    2.73000002
   16.01250076   -1.00000000    4.90999985    2.69000006
   16.01583290   -1.00000000    4.90999985    2.69000006
   16.02611160   -1.00000000    4.90999985    2.67000008
   16.02944374   -1.00000000    4.90999985    2.71000004
   16.03249931   -1.00000000    4.90999985    2.73000002
   16.03583336   -1.00000000    4.90999985    2.73000002
   16.03888893   -1.00000000    4.90999985    2.75000000
   16.04222107   -1.00000000    4.90999985    2.76999998
   16.04555511   -1.00000000    4.90999985    2.80999994
   16.04888916   -1.00000000    4.90999985    2.78999996
   16.05222130   -1.00000000    4.90999985    2.76999998
   16.05527687   -1.00000000    4.90999985    2.75000000
   16.05861092   -1.00000000    4.90999985    2.75000000
   16.06888962   -1.00000000    4.90999985    2.76999998
   16.07222366   -1.00000000    4.90999985    2.75000000
   16.07527924   -1.00000000    4.90999985    2.78999996
   16.07888985   -1.00000000    4.90999985    2.80999994
   16.08222389   -1.00000000    4.90999985    2.78999996
   16.08555603   -1.00000000    4.90999985    2.76999998
   16.08861160   -1.00000000    4.90999985    2.78999996
   16.09194565   -1.00000000    4.90999985    2.78999996
   16.09527779   -1.00000000    4.90999985    2.78999996
   16.09833336   -1.00000000    4.90999985    2.80999994
   16.10166740   -1.00000000    4.90999985    2.78999996
   16.11194420   -1.00000000    4.90999985    2.75000000
   16.11555672   -1.00000000    4.90999985    2.69000006
   16.11861038   -1.00000000    4.90999985    2.73000002
   16.12194443   -1.00000000    4.90999985    2.73000002
   16.12527847   -1.00000000    4.90999985    2.76999998
   16.12833405   -1.00000000    4.90999985    2.75000000
   16.13166618   -1.00000000    4.90999985    2.75000000
   16.13500023   -1.00000000    4.90999985    2.73000002
   16.13805580   -1.00000000    4.90999985    2.71000004
   16.14138794   -1.00000000    4.90999985    2.73000002
   16.14444351   -1.00000000    4.90999985    2.73000002
   16.15472221   -1.00000000    4.90999985    2.73000002
   16.15777779   -1.00000000    4.90999985    2.75000000
   16.16110992   -1.00000000    4.90999985    2.67000008
   16.16444397   -1.00000000    4.90999985    2.75000000
   16.16749954   -1.00000000    4.90999985    2.76999998
   16.17083359   -1.00000000    4.90999985    2.75000000
   16.17416573   -1.00000000    4.90999985    2.75000000
   16.17722130   -1.00000000    4.90999985    2.75000000
   16.18083191   -1.00000000    4.90999985    2.73000002
   16.18388748   -1.00000000    4.90999985    2.75000000
   16.18722153   -1.00000000    4.90999985    2.76999998
   16.19749832   -1.00000000    4.90999985    2.78999996
   16.20083427   -1.00000000    4.90999985    2.75000000
   16.20388985   -1.00000000    4.90999985    2.75000000
   16.20722389   -1.00000000    4.90999985    2.73000002
   16.21055603   -1.00000000    4.90999985    2.73000002
   16.21416664   -1.00000000    4.90999985    2.71000004
   16.21722221   -1.00000000    4.90999985    2.71000004
   16.22055626   -1.00000000    4.90999985    2.71000004
   16.22389030   -1.00000000    4.90999985    2.71000004
   16.22694588   -1.00000000    4.90999985    2.67000008
   16.23027802   -1.00000000    4.90999985    2.66000009
   16.24027824   -1.00000000    4.90999985    2.73000002
   16.24361229   -1.00000000    4.90999985    2.71000004
   16.24722290   -1.00000000    4.90999985    2.71000004
   16.25027847   -1.00000000    4.90999985    2.71000004
   16.25361061   -1.00000000    4.90999985    2.69000006
   16.25694466   -1.00000000    4.90999985    2.69000006
   16.26000023   -1.00000000    4.90999985    2.71000004
   16.26333427   -1.00000000    4.90999985    2.71000004
   16.26666641   -1.00000000    4.90999985    2.71000004
   16.26972198   -1.00000000    4.90999985    2.75000000
   16.27305603   -1.00000000    4.90999985    2.71000004
   16.28333282   -1.00000000    4.90999985    2.73000002
   16.28638840   -1.00000000    4.90999985    2.71000004
   16.28972244   -1.00000000    4.90999985    2.71000004
   16.29277802   -1.00000000    4.90999985    2.67000008
   16.29611015   -1.00000000    4.90999985    2.66000009
   16.29944420   -1.00000000    4.90999985    2.64000010
   16.30249977   -1.00000000    4.90999985    2.59999990
   16.30583191   -1.00000000    4.90999985    2.64000010
   16.30916595   -1.00000000    4.90999985    2.59999990
   16.31222153   -1.00000000    4.90999985    2.53999996
   16.31583214   -1.00000000    4.90999985    2.61999989
   16.32611275   -1.00000000    4.90999985    2.67000008
   16.32916832   -1.00000000    4.90999985    2.69000006
   16.33250046   -1.00000000    4.90999985    2.69000006
   16.33583450   -1.00000000    4.90999985    2.69000006
   16.33889008   -1.00000000    4.90999985    2.66000009
   16.34222221   -1.00000000    4.90999985    2.64000010
   16.34555626   -1.00000000    4.90999985    2.61999989
   16.34889030   -1.00000000    4.90999985    2.64000010
   16.35222244   -1.00000000    4.90999985    2.64000010
   16.35555649   -1.00000000    4.90999985    2.64000010
   16.35861206   -1.00000000    4.90999985    2.61999989
   16.36888885   -1.00000000    4.90999985    2.64000010
   16.37222290   -1.00000000    4.90999985    2.64000010
   16.37527847   -1.00000000    4.90999985    2.64000010
   16.37861061   -1.00000000    4.90999985    2.67000008
   16.38194466   -1.00000000    4.90999985    2.67000008
   16.38527679   -1.00000000    4.90999985    2.67000008
   16.38861084   -1.00000000    4.90999985    2.69000006
   16.39166641   -1.00000000    4.90999985    2.64000010
   16.39500046   -1.00000000    4.90999985    2.61999989
   16.39833260   -1.00000000    4.90999985    2.61999989
   16.40138817   -1.00000000    4.90999985    2.64000010
   16.41166687   -1.00000000    4.90999985    2.55999994
   16.41527748   -1.00000000    4.90999985    2.53999996
   16.41860962   -1.00000000    4.90999985    2.51999998
   16.42194366   -1.00000000    4.90999985    2.48000002
   16.42499924   -1.00000000    4.90999985    2.46000004
   16.42833328   -1.00000000    4.90999985    2.55999994
   16.43166542   -1.00000000    4.90999985    2.51999998
   16.43472099   -1.00000000    4.90999985    2.48000002
   16.43805504   -1.00000000    4.90999985    2.48000002
   16.44111061   -1.00000000    4.90999985    2.46000004
   16.44444275   -1.00000000    4.90999985    2.42000008
   16.45472336   -1.00000000    4.90999985    2.42000008
   16.45777893   -1.00000000    4.90999985    2.46000004
   16.46111107   -1.00000000    4.90999985    2.40000010
   16.46416664   -1.00000000    4.90999985    2.42000008
   16.46750069   -1.00000000    4.90999985    2.39000010
   16.47083473   -1.00000000    4.90999985    2.34999990
   16.47389030   -1.00000000    4.90999985    2.34999990
   16.47722244   -1.00000000    4.90999985    2.32999992
   16.48055649   -1.00000000    4.90999985    2.39000010
   16.48388863   -1.00000000    4.90999985    2.46000004
   16.48722267   -1.00000000    4.90999985    2.40000010
   16.49749947   -1.00000000    4.90999985    2.30999994
   16.50055504   -1.00000000    4.90999985    2.23000002
   16.50388908   -1.00000000    4.90999985    2.28999996
   16.50722313   -1.00000000    4.90999985    2.34999990
   16.51027870   -1.00000000    4.90999985    2.40000010
   16.51361084   -1.00000000    4.90999985    2.44000006
   16.51694489   -1.00000000    4.90999985    2.48000002
   16.52027702   -1.00000000    4.90999985    2.40000010
   16.52333260   -1.00000000    4.90999985    2.32999992
   16.52666664   -1.00000000    4.90999985    2.25000000
   16.53000069   -1.00000000    4.90999985    2.17000008
   16.54027748   -1.00000000    4.90999985    2.11999989
   16.54361153   -1.00000000    4.90999985    2.11999989
   16.54694366   -1.00000000    4.90999985    2.05999994
   16.55027771   -1.00000000    4.90999985    1.98000002
   16.55360985   -1.00000000    4.90999985    1.91999996
   16.55666542   -1.00000000    4.90999985    1.94000006
   16.55999947   -1.00000000    4.90999985    1.94000006
   16.56333351   -1.00000000    4.90999985    1.88000000
   16.56638718   -1.00000000    4.90999985    1.85000002
   16.56972313   -1.00000000    4.90999985    1.73000002
   16.57277870   -1.00000000    4.90999985    1.69000006
   16.59749985   -1.00000000    4.90999985    1.61000001
   16.60055542   -1.00000000    4.90999985    1.60000002
   16.60388947   -1.00000000    4.90999985    1.63000000
   16.60694504   -1.00000000    4.90999985    1.64999998
   16.61027908   -1.00000000    4.90999985    1.69000006
   16.61361122   -1.00000000    4.90999985    1.66999996
   16.61666679   -1.00000000    4.90999985    1.61000001
   16.62611198   -1.00000000    4.90999985    1.63000000
   16.62944412   -1.00000000    4.90999985    1.58000004
   16.63305473   -1.00000000    4.90999985    1.58000004
   16.63638878   -1.00000000    4.90999985    1.60000002
   16.63944435   -1.00000000    4.90999985    1.66999996
   16.64277840   -1.00000000    4.90999985    1.61000001
   16.64583397   -1.00000000    4.90999985    1.58000004
   16.64916611   -1.00000000    4.90999985    1.61000001
   16.65250015   -1.00000000    4.90999985    1.61000001
   16.65555573   -1.00000000    4.90999985    1.66999996
   16.65888786   -1.00000000    4.90999985    1.64999998
   16.66888809   -1.00000000    4.90999985    1.66999996
   16.67222214   -1.00000000    4.90999985    1.73000002
   16.67555428   -1.00000000    4.90999985    1.83000004
   16.67860985   -1.00000000    4.90999985    1.86000001
   16.68194389   -1.00000000    4.90999985    1.85000002
   16.68499947   -1.00000000    4.90999985    1.78999996
   16.68833160   -1.00000000    4.90999985    1.78999996
   16.69166565   -1.00000000    4.90999985    1.86000001
   16.69472122   -1.00000000    4.90999985    1.86000001
   16.69833183   -1.00000000    4.90999985    1.86000001
   16.70166779   -1.00000000    4.90999985    1.80999994
   16.71194458   -1.00000000    4.90999985    1.76999998
   16.71500015   -1.00000000    4.90999985    1.75000000
   16.71833420   -1.00000000    4.90999985    1.75000000
   16.72138977   -1.00000000    4.90999985    1.78999996
   16.72472191   -1.00000000    4.90999985    1.75000000
   16.72805595   -1.00000000    4.90999985    1.73000002
   16.73166656   -1.00000000    4.90999985    1.66999996
   16.73500061   -1.00000000    4.90999985    1.69000006
   16.73805618   -1.00000000    4.90999985    1.71000004
   16.74138832   -1.00000000    4.90999985    1.71000004
   16.74444389   -1.00000000    4.90999985    1.73000002
   16.75472260   -1.00000000    4.90999985    1.83000004
   16.75777817   -1.00000000    4.90999985    1.76999998
   16.76111031   -1.00000000    4.90999985    1.78999996
   16.76472282   -1.00000000    4.90999985    1.66999996
   16.76805496   -1.00000000    4.90999985    1.66999996
   16.77111053   -1.00000000    4.90999985    1.66999996
   16.77444458   -1.00000000    4.90999985    1.66999996
   16.77750015   -1.00000000    4.90999985    1.75000000
   16.78083229   -1.00000000    4.90999985    1.76999998
   16.78416634   -1.00000000    4.90999985    1.78999996
   16.78722191   -1.00000000    4.90999985    1.71000004
   16.79749870   -1.00000000    4.90999985    1.61000001
   16.80083275   -1.00000000    4.90999985    1.63000000
   16.80388832   -1.00000000    4.90999985    1.60000002
   16.80722237   -1.00000000    4.90999985    1.51999998
   16.81055450   -1.00000000    4.90999985    1.58000004
   16.81361008   -1.00000000    4.90999985    1.69000006
   16.81694603   -1.00000000    4.90999985    1.75000000
   16.82000160   -1.00000000    4.90999985    1.76999998
   16.82333374   -1.00000000    4.90999985    1.55999994
   16.82666779   -1.00000000    4.90999985    1.50000000
   16.82972336   -1.00000000    4.90999985    1.34000003
   16.84027863   -1.00000000    4.90999985    1.34000003
   16.84361267   -1.00000000    4.90999985    1.23000002
   16.84694481   -1.00000000    4.90999985    1.11000001
   16.85000038   -1.00000000    4.90999985    1.13000000
   16.85333443   -1.00000000    4.90999985    1.03999996
   16.85639000   -1.00000000    4.90999985    1.07000005
   16.85972214   -1.00000000    4.90999985    1.13000000
   16.86305618   -1.00000000    4.90999985    1.16999996
   16.86638832   -1.00000000    4.90999985    1.25000000
   16.86972237   -1.00000000    4.90999985    1.25000000
   16.87277794   -1.00000000    4.90999985    1.21000004
   16.88333321   -1.00000000    4.90999985    1.11000001
   16.88638878   -1.00000000    4.90999985    1.11000001
   16.88972282   -1.00000000    4.90999985    1.09000003
   16.89277840   -1.00000000    4.90999985    1.07000005
   16.89611053   -1.00000000    4.90999985    1.05999994
   16.89972115   -1.00000000    4.90999985    1.11000001
   16.90305519   -1.00000000    4.90999985    1.11000001
   16.90611076   -1.00000000    4.90999985    1.09000003
   16.90944481   -1.00000000    4.90999985    1.25000000
   16.91277695   -1.00000000    4.90999985    1.21000004
   16.91583252   -1.00000000    4.90999985    1.25000000
   16.92611122   -1.00000000    4.90999985    1.19000006
   16.92916679   -1.00000000    4.90999985    1.14999998
   16.93277740   -1.00000000    4.90999985    1.16999996
   16.93610954   -1.00000000    4.90999985    1.23000002
   16.93916512   -1.00000000    4.90999985    1.23000002
   16.94249916   -1.00000000    4.90999985    1.19000006
   16.94583321   -1.00000000    4.90999985    1.23000002
   16.94888878   -1.00000000    4.90999985    1.14999998
   16.95222282   -1.00000000    4.90999985    1.19000006
   16.95527840   -1.00000000    4.90999985    1.23000002
   16.95861244   -1.00000000    4.90999985    1.30999994
   16.96888924   -1.00000000    4.90999985    1.21000004
   16.97222328   -1.00000000    4.90999985    1.16999996
   16.97527885   -1.00000000    4.90999985    1.23000002
   16.97861099   -1.00000000    4.90999985    1.26999998
   16.98194504   -1.00000000    4.90999985    1.23000002
   16.98527718   -1.00000000    4.90999985    1.33000004
   16.98861122   -1.00000000    4.90999985    1.28999996
   16.99166679   -1.00000000    4.90999985    1.23000002
   16.99500084   -1.00000000    4.90999985    1.14999998
   16.99861145   -1.00000000    4.90999985    1.11000001
   17.00194359   -1.00000000    4.90999985    1.13000000
   17.01166725   -1.00000000    4.90999985    0.31999999
   17.01499939   -1.00000000    4.34999990    0.17000000
   17.01833344   -1.00000000    1.48000002    0.03000000
   17.02138901   -1.00000000    1.48000002    0.03000000
   17.02472115   -1.00000000    1.48000002    0.03000000
   17.02777672   -1.00000000    1.48000002    0.03000000
   17.03138924   -1.00000000    1.48000002    0.03000000
   17.03472137   -1.00000000    1.48000002    0.03000000
   17.03777695   -1.00000000    1.48000002    0.03000000
   17.04111099   -1.00000000    1.48000002    0.03000000
   17.04444313   -1.00000000    1.48000002    0.03000000
   17.05472183   -1.00000000    1.48000002    0.03000000
   17.05777740   -1.00000000    1.48000002    0.03000000
   17.06110954   -1.00000000    1.48000002    0.03000000
   17.06472206   -1.00000000    1.48000002    0.03000000
   17.06805611   -1.00000000    1.48000002    0.03000000
   17.07111168   -1.00000000    1.48000002    0.03000000
   17.07472229   -1.00000000    1.48000002    0.03000000
   17.07805634   -1.00000000    1.48000002    0.03000000
   17.08111191   -1.00000000    1.48000002    0.03000000
   17.08444595   -1.00000000    1.48000002    0.03000000
   17.08777809   -1.00000000    1.48000002    0.03000000
   17.09749985   -1.00000000    1.48000002    0.03000000
   17.10055542   -1.00000000    1.48000002    0.03000000
   17.10388947   -1.00000000    1.48000002    0.03000000
   17.10722351   -1.00000000    1.48000002    0.03000000
   17.11027908   -1.00000000    1.48000002    0.03000000
   17.11361122   -1.00000000    1.48000002    0.03000000
   17.11694527   -1.00000000    1.48000002    0.03000000
   17.12000084   -1.00000000    1.48000002    0.03000000
   17.12333298   -1.00000000    1.48000002    0.03000000
   17.12638855   -1.00000000    1.48000002    0.03000000
   17.12972260   -1.00000000    1.48000002    0.03000000
   17.14027786   -1.00000000    1.48000002    0.03000000
   17.14361191   -1.00000000    1.48000002    0.03000000
   17.14666748   -1.00000000    1.48000002    0.03000000
   17.14999962   -1.00000000    1.48000002    0.03000000
   17.15333366   -1.00000000    1.48000002    0.03000000
   17.15638924   -1.00000000    1.48000002    0.03000000
   17.15972137   -1.00000000    1.48000002    0.03000000
   17.16277695   -1.00000000    1.48000002    0.03000000
   17.16638756   -1.00000000    1.48000002    0.03000000
   17.16972160   -1.00000000    1.48000002    0.03000000
   17.17277718   -1.00000000    1.48000002    0.03000000
   17.18305397   -1.00000000    1.48000002    0.03000000
   17.18638802   -1.00000000    1.48000002    0.03000000
   17.18972206   -1.00000000    1.48000002    0.03000000
   17.19277763   -1.00000000    1.48000002    0.03000000
   17.19610977   -1.00000000    1.48000002    0.03000000
   17.19944382   -1.00000000    1.48000002    0.03000000
   17.20277786   -1.00000000    1.48000002    0.03000000
   17.20583344   -1.00000000    1.48000002    0.03000000
   17.20916748   -1.00000000    1.48000002    0.03000000
   17.21250153   -1.00000000    1.48000002    0.03000000
   17.21555710   -1.00000000    1.48000002    0.03000000
   17.22583389   -1.00000000    1.48000002    0.03000000
   17.22916794   -1.00000000    1.48000002    0.03000000
   17.23277855   -1.00000000    1.48000002    0.03000000
   17.23611069   -1.00000000    1.48000002    0.03000000
   17.23916626   -1.00000000    1.48000002    0.03000000
   17.24250031   -1.00000000    1.48000002    0.03000000
   17.24583435   -1.00000000    1.48000002    0.03000000
   17.24888992   -1.00000000    1.48000002    0.03000000
   17.25222206   -1.00000000    1.48000002    0.03000000
   17.25527763   -1.00000000    1.48000002    0.03000000
   17.25861168   -1.00000000    1.48000002    0.03000000
   17.26888847   -1.00000000    1.48000002    0.03000000
   17.27194405   -1.00000000    1.48000002    0.03000000
   17.27527809   -1.00000000    1.48000002    0.03000000
   17.27861023   -1.00000000    1.48000002    0.03000000
   17.28166580   -1.00000000    1.48000002    0.03000000
   17.28499985   -1.00000000    1.48000002    0.03000000
   17.28805542   -1.00000000    1.48000002    0.03000000
   17.29138756   -1.00000000    1.48000002    0.03000000
   17.29472160   -1.00000000    1.48000002    0.03000000
   17.29805565   -1.00000000    1.48000002    0.03000000
   17.30138779   -1.00000000    1.48000002    0.03000000
   17.31166649   -1.00000000    1.48000002    0.03000000
   17.31499863   -1.00000000    1.48000002    0.03000000
   17.31805611   -1.00000000    1.48000002    0.03000000
   17.32139015   -1.00000000    1.48000002    0.03000000
   17.32444572   -1.00000000    1.48000002    0.03000000
   17.32777786   -1.00000000    1.48000002    0.03000000
   17.33139038   -1.00000000    1.48000002    0.03000000
   17.33472252   -1.00000000    1.48000002    0.03000000
   17.33777809   -1.00000000    1.48000002    0.03000000
   17.34111214   -1.00000000    1.48000002    0.03000000
   17.34444427   -1.00000000    1.48000002    0.03000000
   17.35444450   -1.00000000    1.48000002    0.03000000
   17.35777855   -1.00000000    1.48000002    0.03000000
   17.36083412   -1.00000000    1.48000002    0.03000000
   17.36444473   -1.00000000    1.48000002    0.03000000
   17.36777878   -1.00000000    1.48000002    0.03000000
   17.37083435   -1.00000000    1.48000002    0.03000000
   17.37416649   -1.00000000    1.48000002    0.03000000
   17.37750053   -1.00000000    1.48000002    0.03000000
   17.38055611   -1.00000000    1.48000002    0.03000000
   17.38388824   -1.00000000    1.48000002    0.03000000
   17.38722229   -1.00000000    1.48000002    0.03000000
   17.39722252   -1.00000000    1.48000002    0.03000000
   17.40055466   -1.00000000    1.48000002    0.03000000
   17.40388870   -1.00000000    1.48000002    0.03000000
   17.40694427   -1.00000000    1.48000002    0.03000000
   17.41027832   -1.00000000    1.48000002    0.03000000
   17.41333389   -1.00000000    1.48000002    0.03000000
   17.41666603   -1.00000000    1.48000002    0.03000000
   17.42000008   -1.00000000    1.48000002    0.03000000
   17.42305565   -1.00000000    1.48000002    0.03000000
   17.42638779   -1.00000000    1.48000002    0.03000000
   17.42972183   -1.00000000    1.48000002    0.03000000
   17.44027710   -1.00000000    1.48000002    0.03000000
   17.44333267   -1.00000000    1.48000002    0.03000000
   17.44666672   -1.00000000    1.48000002    0.03000000
   17.44972038   -1.00000000    1.48000002    0.03000000
   17.45305634   -1.00000000    1.48000002    0.03000000
   17.45639038   -1.00000000    1.48000002    0.03000000
   17.45944595   -1.00000000    1.48000002    0.03000000
   17.46277809   -1.00000000    1.48000002    0.03000000
   17.46611214   -1.00000000    1.48000002    0.03000000
   17.46944427   -1.00000000    1.48000002    0.03000000
   17.47249985   -1.00000000    1.48000002    0.03000000
   17.48305511   -1.00000000    1.48000002    0.03000000
   17.48611069   -1.00000000    1.48000002    0.03000000
   17.48944473   -1.00000000    1.48000002    0.03000000
   17.49305534   -1.00000000    1.48000002    0.03000000
   17.49611092   -1.00000000    1.48000002    0.03000000
   17.49972153   -1.00000000    1.48000002    0.03000000
   17.50305557   -1.00000000    1.48000002    0.03000000
   17.50611115   -1.00000000    1.48000002    0.03000000
   17.50944519   -1.00000000    1.48000002    0.03000000
   17.51277733   -1.00000000    1.48000002    0.03000000
   17.51583290   -1.00000000    1.48000002    0.03000000
   17.52583313   -1.00000000    1.48000002    0.03000000
   17.52916718   -1.00000000    1.48000002    0.03000000
   17.53249931   -1.00000000    1.48000002    0.03000000
   17.53583336   -1.00000000    1.48000002    0.03000000
   17.53916550   -1.00000000    1.48000002    0.03000000
   17.54222107   -1.00000000    1.48000002    0.03000000
   17.54555511   -1.00000000    1.48000002    0.03000000
   17.54861069   -1.00000000    1.48000002    0.03000000
   17.55194283   -1.00000000    1.48000002    0.03000000
   17.55527687   -1.00000000    1.48000002    0.03000000
   17.55833244   -1.00000000    1.48000002    0.03000000
   17.56861115   -1.00000000    1.48000002    0.03000000
   17.57194519   -1.00000000    1.48000002    0.03000000
   17.57527924   -1.00000000    1.48000002    0.03000000
   17.57833481   -1.00000000    1.48000002    0.03000000
   17.58166695   -1.00000000    1.48000002    0.03000000
   17.58500099   -1.00000000    1.48000002    0.03000000
   17.58805656   -1.00000000    1.48000002    0.03000000
   17.59138870   -1.00000000    1.48000002    0.03000000
   17.59444427   -1.00000000    1.48000002    0.03000000
   17.62194443   -1.00000000    1.48000002    0.03000000
   17.62500000   -1.00000000    1.48000002    0.03000000
   17.62833405   -1.00000000    1.48000002    0.03000000
   17.63166618   -1.00000000    1.48000002    0.03000000
   17.63500023   -1.00000000    1.48000002    0.03000000
   17.63833237   -1.00000000    1.48000002    0.03000000
   17.64138794   -1.00000000    1.48000002    0.03000000
   17.64472198   -1.00000000    1.48000002    0.03000000
   17.64777756   -1.00000000    1.48000002    0.03000000
   17.65111160   -1.00000000    1.48000002    0.03000000
   17.65444374   -1.00000000    1.48000002    0.03000000
   17.66444397   -1.00000000    1.48000002    0.03000000
   17.66777802   -1.00000000    1.48000002    0.03000000
   17.67111015   -1.00000000    1.48000002    0.03000000
   17.67416573   -1.00000000    1.48000002    0.03000000
   17.67749977   -1.00000000    1.48000002    0.03000000
   17.68083191   -1.00000000    1.48000002    0.03000000
   17.68388748   -1.00000000    1.48000002    0.03000000
   17.68722153   -1.00000000    1.48000002    0.03000000
   17.69027710   -1.00000000    1.48000002    0.03000000
   17.69361115   -1.00000000    1.48000002    0.03000000
   17.69694328   -1.00000000    1.48000002    0.03000000
   17.70750046   -1.00000000    1.48000002    0.03000000
   17.71083450   -1.00000000    1.48000002    0.03000000
   17.71416664   -1.00000000    1.48000002    0.03000000
   17.71750069   -1.00000000    1.48000002    0.03000000
   17.72055626   -1.00000000    1.48000002    0.03000000
   17.72389030   -1.00000000    1.48000002    0.03000000
   17.72694588   -1.00000000    1.48000002    0.03000000
   17.73027802   -1.00000000    1.48000002    0.03000000
   17.73361206   -1.00000000    1.48000002    0.03000000
   17.73694420   -1.00000000    1.48000002    0.03000000
   17.74027824   -1.00000000    1.48000002    0.03000000
   17.75027847   -1.00000000    1.48000002    0.03000000
   17.75333405   -1.00000000    1.48000002    0.03000000
   17.75666618   -1.00000000    1.48000002    0.03000000
   17.76000023   -1.00000000    1.48000002    0.03000000
   17.76305580   -1.00000000    1.48000002    0.03000000
   17.76666641   -1.00000000    1.48000002    0.03000000
   17.77000046   -1.00000000    1.48000002    0.03000000
   17.77333260   -1.00000000    1.48000002    0.03000000
   17.77638817   -1.00000000    1.48000002    0.03000000
   17.77972221   -1.00000000    1.48000002    0.03000000
   17.78277779   -1.00000000    1.48000002    0.03000000
   17.79305458   -1.00000000    1.48000002    0.03000000
   17.79638863   -1.00000000    1.48000002    0.03000000
   17.79972076   -1.00000000    1.48000002    0.03000000
   17.80305481   -1.00000000    1.48000002    0.03000000
   17.80638885   -1.00000000    1.48000002    0.03000000
   17.80944443   -1.00000000    1.48000002    0.03000000
   17.81277657   -1.00000000    1.48000002    0.03000000
   17.81583214   -1.00000000    1.48000002    0.03000000
   17.81916809   -1.00000000    1.48000002    0.03000000
   17.82250023   -1.00000000    1.48000002    0.03000000
   17.82555580   -1.00000000    1.48000002    0.03000000
   17.83583450   -1.00000000    1.48000002    0.03000000
   17.83916664   -1.00000000    1.48000002    0.03000000
   17.84250069   -1.00000000    1.48000002    0.03000000
   17.84555626   -1.00000000    1.48000002    0.03000000
   17.84889030   -1.00000000    1.48000002    0.03000000
   17.85194397   -1.00000000    1.48000002    0.03000000
   17.85527802   -1.00000000    1.48000002    0.03000000
   17.85861206   -1.00000000    1.48000002    0.03000000
   17.86166763   -1.00000000    1.48000002    0.03000000
   17.86527824   -1.00000000    1.48000002    0.03000000
   17.86861038   -1.00000000    1.48000002    0.03000000
   17.87888908   -1.00000000    1.48000002    0.03000000
   17.88194466   -1.00000000    1.48000002    0.03000000
   17.88527679   -1.00000000    1.48000002    0.03000000
   17.88833237   -1.00000000    1.48000002    0.03000000
   17.89166641   -1.00000000    1.48000002    0.03000000
   17.89500046   -1.00000000    1.48000002    0.03000000
   17.89833260   -1.00000000    1.48000002    0.03000000
   17.90166664   -1.00000000    1.48000002    0.03000000
   17.90499878   -1.00000000    1.48000002    0.03000000
   17.90805435   -1.00000000    1.48000002    0.03000000
   17.91138840   -1.00000000    1.48000002    0.03000000
   17.92166519   -1.00000000    1.48000002    0.03000000
   17.92472076   -1.00000000    1.48000002    0.03000000
   17.92805481   -1.00000000    1.48000002    0.03000000
   17.93138885   -1.00000000    1.48000002    0.03000000
   17.93472099   -1.00000000    1.48000002    0.03000000
   17.93805504   -1.00000000    1.48000002    0.03000000
   17.94111061   -1.00000000    1.48000002    0.03000000
   17.94444275   -1.00000000    1.48000002    0.03000000
   17.94749832   -1.00000000    1.48000002    0.03000000
   17.95083427   -1.00000000    1.48000002    0.03000000
   17.95416832   -1.00000000    1.48000002    0.03000000
   17.96444511   -1.00000000    1.48000002    0.03000000
   17.96777916   -1.00000000    1.48000002    0.03000000
   17.97083473   -1.00000000    1.48000002    0.03000000
   17.97416687   -1.00000000    1.48000002    0.03000000
   17.97750092   -1.00000000    1.48000002    0.03000000
   17.98055649   -1.00000000    1.48000002    0.03000000
   17.98388863   -1.00000000    1.48000002    0.03000000
   17.98722267   -1.00000000    1.48000002    0.03000000
   17.99027824   -1.00000000    1.48000002    0.03000000
   17.99361229   -1.00000000    1.48000002    0.03000000
   17.99666786   -1.00000000    1.48000002    0.03000000
   18.00722313   -1.00000000    1.48000002    0.03000000
   18.01055527   -1.00000000    1.48000002    0.03000000
   18.01388931   -1.00000000    1.48000002    0.03000000
   18.01694489   -1.00000000    1.48000002    0.03000000
   18.02027702   -1.00000000    1.48000002    0.03000000
   18.02361107   -1.00000000    1.48000002    0.03000000
   18.02666664   -1.00000000    1.48000002    0.03000000
   18.03000069   -1.00000000    1.48000002    0.03000000
   18.03333282   -1.00000000    1.48000002    0.03000000
   18.03666687   -1.00000000    1.48000002    0.03000000
   18.03999901   -1.00000000    1.48000002    0.03000000
   18.05027771   -1.00000000    1.48000002    0.03000000
   18.05333328   -1.00000000    1.48000002    0.03000000
   18.05666542   -1.00000000    1.48000002    0.03000000
   18.05972099   -1.00000000    1.48000002    0.03000000
   18.06305504   -1.00000000    1.48000002    0.03000000
   18.06638718   -1.00000000    1.48000002    0.03000000
   18.06972313   -1.00000000    1.48000002    0.03000000
   18.07305717   -1.00000000    1.48000002    0.03000000
   18.07611275   -1.00000000    1.48000002    0.03000000
   18.07944489   -1.00000000    1.48000002    0.03000000
   18.08277893   -1.00000000    1.48000002    0.03000000
   18.09305573   -1.00000000    1.48000002    0.03000000
   18.09611130   -1.00000000    1.48000002    0.03000000
   18.09972191   -1.00000000    1.48000002    0.03000000
   18.10305595   -1.00000000    1.48000002    0.03000000
   18.10639000   -1.00000000    1.48000002    0.03000000
   18.10944557   -1.00000000    1.48000002    0.03000000
   18.11277771   -1.00000000    1.48000002    0.03000000
   18.11611176   -1.00000000    1.48000002    0.03000000
   18.11916733   -1.00000000    1.48000002    0.03000000
   18.12249947   -1.00000000    1.48000002    0.03000000
   18.12555504   -1.00000000    1.48000002    0.03000000
   18.13583374   -1.00000000    1.48000002    0.03000000
   18.13916588   -1.00000000    1.48000002    0.03000000
   18.14222145   -1.00000000    1.48000002    0.03000000
   18.14555550   -1.00000000    1.48000002    0.03000000
   18.14861107   -1.00000000    1.48000002    0.03000000
   18.15194321   -1.00000000    1.48000002    0.03000000
   18.15527725   -1.00000000    1.48000002    0.03000000
   18.15833282   -1.00000000    1.48000002    0.03000000
   18.16166687   -1.00000000    1.48000002    0.03000000
   18.16499901   -1.00000000    1.48000002    0.03000000
   18.16833305   -1.00000000    1.48000002    0.03000000
   18.17860985   -1.00000000    1.48000002    0.03000000
   18.18194389   -1.00000000    1.48000002    0.03000000
   18.18499947   -1.00000000    1.48000002    0.03000000
   18.18833160   -1.00000000    1.48000002    0.03000000
   18.19166565   -1.00000000    1.48000002    0.03000000
   18.19472122   -1.00000000    1.48000002    0.03000000
   18.19861031   -1.00000000    1.48000002    0.03000000
   18.20166779   -1.00000000    1.48000002    0.03000000
   18.20499992   -1.00000000    1.48000002    0.03000000
   18.20805550   -1.00000000    1.48000002    0.03000000
   18.21138954   -1.00000000    1.48000002    0.03000000
   18.22138977   -1.00000000    1.48000002    0.03000000
   18.22472191   -1.00000000    1.48000002    0.03000000
   18.22805595   -1.00000000    1.48000002    0.03000000
   18.23166656   -1.00000000    1.48000002    0.03000000
   18.23472214   -1.00000000    1.48000002    0.03000000
   18.23805618   -1.00000000    1.48000002    0.03000000
   18.24111176   -1.00000000    1.48000002    0.03000000
   18.24444389   -1.00000000    1.48000002    0.03000000
   18.24777794   -1.00000000    1.48000002    0.03000000
   18.25083351   -1.00000000    1.48000002    0.03000000
   18.25416756   -1.00000000    1.48000002    0.03000000
   18.26444435   -1.00000000    1.48000002    0.03000000
   18.26749992   -1.00000000    1.48000002    0.03000000
   18.27083397   -1.00000000    1.48000002    0.03000000
   18.27416611   -1.00000000    1.48000002    0.03000000
   18.27722168   -1.00000000    1.48000002    0.03000000
   18.28055573   -1.00000000    1.48000002    0.03000000
   18.28361130   -1.00000000    1.48000002    0.03000000
   18.28694344   -1.00000000    1.48000002    0.03000000
   18.29027748   -1.00000000    1.48000002    0.03000000
   18.29333305   -1.00000000    1.48000002    0.03000000
   18.29666710   -1.00000000    1.48000002    0.03000000
   18.30722237   -1.00000000    1.48000002    0.03000000
   18.31055450   -1.00000000    1.48000002    0.03000000
   18.31361008   -1.00000000    1.48000002    0.03000000
   18.31694603   -1.00000000    1.48000002    0.03000000
   18.32000160   -1.00000000    1.48000002    0.03000000
   18.32333374   -1.00000000    1.48000002    0.03000000
   18.32666779   -1.00000000    1.48000002    0.03000000
   18.32972336   -1.00000000    1.48000002    0.03000000
   18.33333397   -1.00000000    1.48000002    0.03000000
   18.33638954   -1.00000000    1.48000002    0.03000000
   18.33972359   -1.00000000    1.48000002    0.03000000
   18.35000038   -1.00000000    1.48000002    0.03000000
   18.35333443   -1.00000000    1.48000002    0.03000000
   18.35639000   -1.00000000    1.48000002    0.03000000
   18.35972214   -1.00000000    1.48000002    0.03000000
   18.36305618   -1.00000000    1.48000002    0.03000000
   18.36666679   -1.00000000    1.48000002    0.03000000
   18.36972237   -1.00000000    1.48000002    0.03000000
   18.37305641   -1.00000000    1.48000002    0.03000000
   18.37611198   -1.00000000    1.48000002    0.03000000
   18.37944412   -1.00000000    1.48000002    0.03000000
   18.38277817   -1.00000000    1.48000002    0.03000000
   18.39277840   -1.00000000    1.48000002    0.03000000
   18.39611053   -1.00000000    1.48000002    0.03000000
   18.39972115   -1.00000000    1.48000002    0.03000000
   18.40277672   -1.00000000    1.48000002    0.03000000
   18.40611076   -1.00000000    1.48000002    0.03000000
   18.40916634   -1.00000000    1.48000002    0.03000000
   18.41250038   -1.00000000    1.48000002    0.03000000
   18.41583252   -1.00000000    1.48000002    0.03000000
   18.41888809   -1.00000000    1.48000002    0.03000000
   18.42222214   -1.00000000    1.48000002    0.03000000
   18.42555428   -1.00000000    1.48000002    0.03000000
   18.43583298   -1.00000000    1.48000002    0.03000000
   18.43888855   -1.00000000    1.48000002    0.03000000
   18.44222069   -1.00000000    1.48000002    0.03000000
   18.44555473   -1.00000000    1.48000002    0.03000000
   18.44861031   -1.00000000    1.48000002    0.03000000
   18.45194435   -1.00000000    1.48000002    0.03000000
   18.45499992   -1.00000000    1.48000002    0.03000000
   18.45833397   -1.00000000    1.48000002    0.03000000
   18.46166801   -1.00000000    1.48000002    0.03000000
   18.46527863   -1.00000000    1.48000002    0.03000000
   18.46833420   -1.00000000    1.48000002    0.03000000
   18.47861099   -1.00000000    1.48000002    0.03000000
   18.48194504   -1.00000000    1.48000002    0.03000000
   18.48500061   -1.00000000    1.48000002    0.03000000
   18.48833275   -1.00000000    1.48000002    0.03000000
   18.49138832   -1.00000000    1.48000002    0.03000000
   18.49472237   -1.00000000    1.48000002    0.03000000
   18.49833298   -1.00000000    1.48000002    0.03000000
   18.50138855   -1.00000000    1.48000002    0.03000000
   18.50472260   -1.00000000    1.48000002    0.03000000
   18.50777817   -1.00000000    1.48000002    0.03000000
   18.51111031   -1.00000000    1.48000002    0.03000000
   18.52138901   -1.00000000    1.48000002    0.03000000
   18.52472115   -1.00000000    1.48000002    0.03000000
   18.52777672   -1.00000000    1.48000002    0.03000000
   18.53166580   -1.00000000    1.48000002    0.03000000
   18.53472137   -1.00000000    1.48000002    0.03000000
   18.53805542   -1.00000000    1.48000002    0.03000000
   18.54138756   -1.00000000    1.48000002    0.03000000
   18.54444313   -1.00000000    1.48000002    0.03000000
   18.54777718   -1.00000000    1.48000002    0.03000000
   18.55083275   -1.00000000    1.48000002    0.03000000
   18.55416679   -1.00000000    1.48000002    0.03000000
   18.56416512   -1.00000000    1.48000002    0.03000000
   18.56750107   -1.00000000    1.48000002    0.03000000
   18.57083511   -1.00000000    1.48000002    0.03000000
   18.57389069   -1.00000000    1.48000002    0.03000000
   18.57722282   -1.00000000    1.48000002    0.03000000
   18.58055687   -1.00000000    1.48000002    0.03000000
   18.58361244   -1.00000000    1.48000002    0.03000000
   18.58694458   -1.00000000    1.48000002    0.03000000
   18.59000015   -1.00000000    1.48000002    0.03000000
   18.59333420   -1.00000000    1.48000002    0.03000000
   18.59666824   -1.00000000    1.48000002    0.03000000
   18.60722351   -1.00000000    1.48000002    0.03000000
   18.61027908   -1.00000000    1.48000002    0.03000000
   18.61361122   -1.00000000    1.48000002    0.03000000
   18.63333321   -1.00000000    1.48000002    0.03000000
   18.63666725   -1.00000000    1.48000002    0.03000000
   18.63999939   -1.00000000    1.48000002    0.03000000
   18.64999962   -1.00000000    1.48000002    0.03000000
   18.65333366   -1.00000000    1.48000002    0.03000000
   18.65666580   -1.00000000    1.48000002    0.03000000
   18.65972137   -1.00000000    1.48000002    0.03000000
   18.66305542   -1.00000000    1.48000002    0.03000000
   18.66638756   -1.00000000    1.48000002    0.03000000
   18.66972160   -1.00000000    1.48000002    0.03000000
   18.67277718   -1.00000000    1.48000002    0.03000000
   18.67611122   -1.00000000    1.48000002    0.03000000
   18.67944336   -1.00000000    1.48000002    0.03000000
   18.68249893   -1.00000000    1.48000002    0.03000000
   18.69277763   -1.00000000    1.48000002    0.03000000
   18.69610977   -1.00000000    1.48000002    0.03000000
   18.69972038   -1.00000000    1.48000002    0.03000000
   18.70305634   -1.00000000    1.48000002    0.03000000
   18.70611191   -1.00000000    1.48000002    0.03000000
   18.70944595   -1.00000000    1.48000002    0.03000000
   18.71277809   -1.00000000    1.48000002    0.03000000
   18.71583366   -1.00000000    1.48000002    0.03000000
   18.71916771   -1.00000000    1.48000002    0.03000000
   18.72222328   -1.00000000    1.48000002    0.03000000
   18.72555542   -1.00000000    1.48000002    0.03000000
   18.73583412   -1.00000000    1.48000002    0.03000000
   18.73888969   -1.00000000    1.48000002    0.03000000
   18.74222183   -1.00000000    1.48000002    0.03000000
   18.74555588   -1.00000000    1.48000002    0.03000000
   18.74861145   -1.00000000    1.48000002    0.03000000
   18.75194359   -1.00000000    1.48000002    0.03000000
   18.75527763   -1.00000000    1.48000002    0.03000000
   18.75833321   -1.00000000    1.48000002    0.03000000
   18.76166725   -1.00000000    1.48000002    0.03000000
   18.76499939   -1.00000000    1.48000002    0.03000000
   18.76833344   -1.00000000    1.48000002    0.03000000
   18.77861023   -1.00000000    1.48000002    0.03000000
   18.78194427   -1.00000000    1.48000002    0.03000000
   18.78499985   -1.00000000    1.48000002    0.03000000
   18.78833199   -1.00000000    1.48000002    0.03000000
   18.79166603   -1.00000000    1.48000002    0.03000000
   18.79472160   -1.00000000    1.48000002    0.03000000
   18.79833221   -1.00000000    1.48000002    0.03000000
   18.80166626   -1.00000000    1.48000002    0.03000000
   18.80472183   -1.00000000    1.48000002    0.03000000
   18.80805397   -1.00000000    1.48000002    0.03000000
   18.81138802   -1.00000000    1.48000002    0.03000000
   18.82139015   -1.00000000    1.48000002    0.03000000
   18.82472229   -1.00000000    1.48000002    0.03000000
   18.82805634   -1.00000000    1.48000002    0.03000000
   18.83139038   -1.00000000    1.48000002    0.03000000
   18.83472252   -1.00000000    1.48000002    0.03000000
   18.83777809   -1.00000000    1.48000002    0.03000000
   18.84111214   -1.00000000    1.48000002    0.03000000
   18.84444427   -1.00000000    1.48000002    0.03000000
   18.84749985   -1.00000000    1.48000002    0.03000000
   18.85083389   -1.00000000    1.48000002    0.03000000
   18.85388947   -1.00000000    1.48000002    0.03000000
   18.86472321   -1.00000000    1.48000002    0.03000000
   18.86805534   -1.00000000    1.48000002    0.03000000
   18.87111092   -1.00000000    1.48000002    0.03000000
   18.87444496   -1.00000000    1.48000002    0.03000000
   18.87777710   -1.00000000    1.48000002    0.03000000
   18.88083267   -1.00000000    1.48000002    0.03000000
   18.88416672   -1.00000000    1.48000002    0.03000000
   18.88722229   -1.00000000    1.48000002    0.03000000
   18.89055634   -1.00000000    1.48000002    0.03000000
   18.89388847   -1.00000000    1.48000002    0.03000000
   18.89694405   -1.00000000    1.48000002    0.03000000
   18.90722275   -1.00000000    1.48000002    0.03000000
   18.91027832   -1.00000000    1.48000002    0.03000000
   18.91361046   -1.00000000    1.48000002    0.03000000
   18.91694450   -1.00000000    1.48000002    0.03000000
   18.92000008   -1.00000000    1.48000002    0.03000000
   18.92333221   -1.00000000    1.48000002    0.03000000
   18.92666626   -1.00000000    1.48000002    0.03000000
   18.92972183   -1.00000000    1.48000002    0.03000000
   18.93333244   -1.00000000    1.48000002    0.03000000
   18.93666649   -1.00000000    1.48000002    0.03000000
   18.93972206   -1.00000000    1.48000002    0.03000000
   18.95000076   -1.00000000    1.48000002    0.03000000
   18.95333481   -1.00000000    1.48000002    0.03000000
   18.95639038   -1.00000000    1.48000002    0.03000000
   18.95972252   -1.00000000    1.48000002    0.03000000
   18.96305656   -1.00000000    1.48000002    0.03000000
   18.96638870   -1.00000000    1.48000002    0.03000000
   18.96972275   -1.00000000    1.48000002    0.03000000
   18.97277832   -1.00000000    1.48000002    0.03000000
   18.97611237   -1.00000000    1.48000002    0.03000000
   18.97944450   -1.00000000    1.48000002    0.03000000
   18.98250008   -1.00000000    1.48000002    0.03000000
   18.99277878   -1.00000000    1.48000002    0.03000000
   18.99611092   -1.00000000    1.48000002    0.03000000
   18.99944496   -1.00000000    1.48000002    0.03000000
   19.00277710   -1.00000000    1.48000002    0.03000000
   19.00583267   -1.00000000    1.48000002    0.03000000
   19.00916672   -1.00000000    1.48000002    0.03000000
   19.01250076   -1.00000000    1.48000002    0.03000000
   19.01555634   -1.00000000    1.48000002    0.03000000
   19.01888847   -1.00000000    1.48000002    0.03000000
   19.02194405   -1.00000000    1.48000002    0.03000000
   19.02527809   -1.00000000    1.48000002    0.03000000
   19.03555489   -1.00000000    1.48000002    0.03000000
   19.03888893   -1.00000000    1.48000002    0.03000000
   19.04222107   -1.00000000    1.48000002    0.03000000
   19.04527664   -1.00000000    1.48000002    0.03000000
   19.04861069   -1.00000000    1.48000002    0.03000000
   19.05194283   -1.00000000    1.48000002    0.03000000
   19.05499840   -1.00000000    1.48000002    0.03000000
   19.05833244   -1.00000000    1.48000002    0.03000000
   19.06138802   -1.00000000    1.48000002    0.03000000
   19.06499863   -1.00000000    1.48000002    0.03000000
   19.06833458   -1.00000000    1.48000002    0.03000000
   19.07861137   -1.00000000    1.48000002    0.03000000
   19.08166695   -1.00000000    1.48000002    0.03000000
   19.08500099   -1.00000000    1.48000002    0.03000000
   19.08833313   -1.00000000    1.48000002    0.03000000
   19.09138870   -1.00000000    1.48000002    0.03000000
   19.09472275   -1.00000000    1.48000002    0.03000000
   19.09805679   -1.00000000    1.48000002    0.03000000
   19.10138893   -1.00000000    1.48000002    0.03000000
   19.10444450   -1.00000000    1.48000002    0.03000000
   19.10777855   -1.00000000    1.48000002    0.03000000
   19.11111069   -1.00000000    1.48000002    0.03000000
   19.12138939   -1.00000000    1.48000002    0.03000000
   19.12472153   -1.00000000    1.48000002    0.03000000
   19.12777710   -1.00000000    1.48000002    0.03000000
   19.13138962   -1.00000000    1.48000002    0.03000000
   19.13472176   -1.00000000    1.48000002    0.03000000
   19.13777733   -1.00000000    1.48000002    0.03000000
   19.14111137   -1.00000000    1.48000002    0.03000000
   19.14444351   -1.00000000    1.48000002    0.03000000
   19.14749908   -1.00000000    1.48000002    0.03000000
   19.15083313   -1.00000000    1.48000002    0.03000000
   19.15416718   -1.00000000    1.48000002    0.03000000
   19.16416550   -1.00000000    1.48000002    0.03000000
   19.16805458   -1.00000000    1.48000002    0.03000000
   19.17111015   -1.00000000    1.48000002    0.03000000
   19.17444420   -1.00000000    1.48000002    0.03000000
   19.17749977   -1.00000000    1.48000002    0.03000000
   19.18083191   -1.00000000    1.48000002    0.03000000
   19.18416595   -1.00000000    1.48000002    0.03000000
   19.18722153   -1.00000000    1.48000002    0.03000000
   19.19055557   -1.00000000    1.48000002    0.03000000
   19.19388771   -1.00000000    1.48000002    0.03000000
   19.19694328   -1.00000000    1.48000002    0.03000000
   19.20722389   -1.00000000    1.48000002    0.03000000
   19.21027946   -1.00000000    1.48000002    0.03000000
   19.21361160   -1.00000000    1.48000002    0.03000000
   19.21666718   -1.00000000    1.48000002    0.03000000
   19.22000122   -1.00000000    1.48000002    0.03000000
   19.22333336   -1.00000000    1.48000002    0.03000000
   19.22638893   -1.00000000    1.48000002    0.03000000
   19.22972298   -1.00000000    1.48000002    0.03000000
   19.23333359   -1.00000000    1.48000002    0.03000000
   19.23638916   -1.00000000    1.48000002    0.03000000
   19.23972321   -1.00000000    1.48000002    0.03000000
   19.25000000   -1.00000000    1.48000002    0.03000000
   19.25305557   -1.00000000    1.48000002    0.03000000
   19.25638962   -1.00000000    1.48000002    0.03000000
