    HOUR (UT)   FLARE FACTOR    SKY TESTER    SUN TESTER
   11.08722210   -1.00000000   -1.00000000   -1.00000000
   11.10722256  332.93798828    4.71999979    2.40000010
   11.11222267  308.14300537    4.34999990    2.40000010
   11.11555576  333.54299927    4.26000023    2.40000010
   11.11916637  346.13598633    4.26000023    2.42000008
   11.12250042  302.10900879    4.26999998    2.42000008
   11.12583351  238.02200317    4.26000023    2.42000008
   11.12888908  310.42700195    4.21999979    2.42000008
   11.13222218  297.68099976    4.17999983    2.42000008
   11.13555527  305.81500244    4.11999989    2.42000008
   11.13861084  311.47198486    4.05999994    2.42000008
   11.14055538  315.52801514    4.05999994    2.42000008
   11.14222240  294.25100708    4.05999994    2.42000008
   11.14555550  297.94198608    4.07999992    2.42000008
   11.14888859  307.16699219    4.07999992    2.42000008
   11.15194416  307.36300659    4.07999992    2.42000008
   11.15527725  324.75299072    4.07999992    2.44000006
   11.15833282  334.23901367    4.07999992    2.42000008
   11.16222191  314.01501465    4.05999994    2.42000008
   11.16555500  309.81298828    4.05999994    2.42000008
   11.16916656  310.80099487    4.01999998    2.44000006
   11.17250061  313.29098511    3.95000005    2.44000006
   11.17388916  319.07101440    3.95000005    2.44000006
   11.17583370  333.92300415    3.93000007    2.44000006
   11.17916679  308.33898926    3.91000009    2.44000006
   11.18249989  327.07598877    3.91000009    2.44000006
   11.18555546  323.59500122    3.95000005    2.44000006
   11.18888855  316.52398682    4.00000000    2.44000006
   11.19222260  319.86099243    4.03999996    2.44000006
   11.19527817  308.74798584    4.03999996    2.44000006
   11.19861126  307.72399902    4.05999994    2.46000004
   11.20194435  295.22601318    4.07999992    2.46000004
   11.20499992  298.66198730    4.05999994    2.46000004
   11.20722198  305.02499390    4.01999998    2.46000004
   11.20861053  314.13400269    3.99000001    2.46000004
   11.21194458  292.51300049    3.99000001    2.46000004
   11.21527767  296.90499878    3.97000003    2.44000006
   11.21833324  316.44699097    3.99000001    2.46000004
   11.22166634  289.27200317    4.00000000    2.46000004
   11.22472191  273.92800903    4.03999996    2.46000004
   11.22805500  270.42700195    4.03999996    2.46000004
   11.23138809  285.36401367    4.05999994    2.46000004
   11.23444462  281.26998901    4.07999992    2.44000006
   11.23805618  287.94000244    4.05999994    2.46000004
   11.24055576  298.26400757    4.03999996    2.46000004
   11.24166679  287.86300659    4.05999994    2.46000004
   11.24499989  298.04800415    4.01999998    2.46000004
   11.24833393  278.12701416    4.01999998    2.46000004
   11.25138855  311.13800049    3.99000001    2.46000004
   11.25472260  292.43600464    3.99000001    2.46000004
   11.25777817  265.37100220    3.97000003    2.46000004
   11.26111126  285.94900513    3.97000003    2.46000004
   11.26444435  301.62399292    3.93000007    2.46000004
   11.26749992  286.99200439    3.91000009    2.46000004
   11.27083302  301.56298828    3.95000005    2.46000004
   11.27388859  319.44799805    3.91000009    2.46000004
   11.27444458  309.40701294    3.91000009    2.46000004
   11.27777767  301.53298950    3.93000007    2.46000004
   11.28111076  323.70999146    3.95000005    2.46000004
   11.28416729  312.78500366    3.97000003    2.46000004
   11.28750038  285.69198608    3.97000003    2.48000002
   11.29055595  318.40899658    4.00000000    2.48000002
   11.29388905  325.10800171    3.99000001    2.48000002
   11.29722309  320.69198608    4.01999998    2.46000004
   11.30027771  329.95098877    4.07999992    2.46000004
   11.30361176  341.92401123    4.07999992    2.48000002
   11.30694485  329.45401001    4.09999990    2.48000002
   11.30722237  334.20098877    4.09999990    2.48000002
   11.31055546  342.66101074    4.13999987    2.48000002
   11.31388950  343.19400024    4.13999987    2.48000002
   11.31694412  312.96899414    4.17999983    2.48000002
   11.32027817  312.04000854    4.21999979    2.48000002
   11.32361126  345.93399048    4.21999979    2.48000002
   11.32666683  342.38198853    4.19999981    2.48000002
   11.32999992  337.06799316    4.13999987    2.48000002
   11.33305550  343.66699219    4.11999989    2.48000002
   11.33638859  341.19601440    4.07999992    2.48000002
   11.33972168  323.89300537    4.05999994    2.48000002
   11.34055519  331.41400146    4.05999994    2.48000002
   11.34333324  325.90200806    4.05999994    2.48000002
   11.34666634  375.09698486    4.05999994    2.48000002
   11.34972191  322.14898682    4.01999998    2.48000002
   11.35305595  339.58499146    4.00000000    2.48000002
   11.35638905  307.85400391    4.00000000    2.48000002
   11.35944462  298.66101074    4.00000000    2.50000000
   11.36277771  326.52700806    3.95000005    2.48000002
   11.36611176  306.67098999    3.93000007    2.50000000
   11.36916637  287.84698486    3.93000007    2.50000000
   11.37250042  313.98498535    3.93000007    2.50000000
   11.37388897  304.02499390    3.99000001    2.50000000
   11.37638855  354.27600098    3.97000003    2.50000000
   11.37972260  306.36300659    3.99000001    2.50000000
   11.38277817  320.98901367    4.01999998    2.48000002
   11.38611126  324.31900024    4.01999998    2.50000000
   11.38944435  298.89401245    4.05999994    2.50000000
   11.39249992  274.94601440    4.07999992    2.50000000
   11.39583302  296.74200439    4.05999994    2.50000000
   11.39916611  300.92898560    4.15999985    2.51999998
   11.40222168  288.28698730    4.13999987    2.50000000
   11.40555477  281.18200684    4.13999987    2.50000000
   11.40722179  311.65200806    4.11999989    2.51999998
   11.40916634  300.07299805    4.11999989    2.50000000
   11.41249943  311.49301147    4.15999985    2.50000000
   11.41555500  301.09100342    4.11999989    2.50000000
   11.41888905  284.05599976    4.11999989    2.50000000
   11.42222214  301.92300415    4.09999990    2.50000000
   11.42527771  290.79199219    4.07999992    2.50000000
   11.42861176  297.27398682    4.03999996    2.51999998
   11.43166733  291.03900146    4.01999998    2.51999998
   11.43500042  275.32000732    4.01999998    2.51999998
   11.43833351  259.38198853    3.97000003    2.51999998
   11.44055557  291.27801514    3.99000001    2.51999998
   11.44194412  270.80700684    3.97000003    2.51999998
   11.44527817  285.51599121    3.97000003    2.51999998
   11.44833374  279.96600342    3.95000005    2.51999998
   11.45166683  259.28500366    3.93000007    2.51999998
   11.45499992  257.25698853    3.95000005    2.51999998
   11.45805550  253.39399719    3.97000003    2.51999998
   11.46138859  282.53100586    3.97000003    2.51999998
   11.46444416  258.96899414    3.99000001    2.51999998
   11.46777725  258.74899292    3.99000001    2.51999998
   11.47111034  236.27600098    4.00000000    2.51999998
   11.47388840  258.37399292    4.09999990    2.51999998
   11.47472191  264.14099121    4.07999992    2.51999998
   11.47805500  275.59201050    4.11999989    2.51999998
   11.48111057  256.99099731    4.13999987    2.51999998
   11.48444462  278.04400635    4.17999983    2.51999998
   11.48777771  255.34700012    4.23999977    2.51999998
   11.49083328  255.21699524    4.26000023    2.51999998
   11.49416733  236.70599365    4.26999998    2.51999998
   11.49722290  241.63299561    4.26000023    2.51999998
   11.50055599  239.68499756    4.28999996    2.51999998
   11.50388908  244.13299561    4.26999998    2.51999998
   11.50694466  262.79598999    4.26000023    2.51999998
   11.50749969  241.64500427    4.26999998    2.53999996
   11.51083374  256.94400024    4.21999979    2.53999996
   11.51388931  225.54299927    4.13999987    2.53999996
   11.51722240  250.30499268    4.15999985    2.53999996
   11.52055550  253.47500610    4.09999990    2.53999996
   11.52361107  251.98399353    4.07999992    2.53999996
   11.52694416  249.47200012    4.03999996    2.53999996
   11.53027725  222.91600037    4.00000000    2.53999996
   11.53333378  246.39199829    3.99000001    2.53999996
   11.53666687  244.11500549    3.97000003    2.53999996
   11.53972244  269.83200073    3.99000001    2.53999996
   11.54083347  244.77499390    3.99000001    2.53999996
   11.54361153  252.24000549    3.97000003    2.53999996
   11.54666710  231.90699768    3.97000003    2.53999996
   11.55000019  227.17999268    3.97000003    2.53999996
   11.55333328  235.12399292    3.97000003    2.53999996
   11.55638885  253.28799438    4.00000000    2.55999994
   11.55972195  233.09800720    4.00000000    2.55999994
   11.56305599  232.53999329    4.01999998    2.53999996
   11.56611156  225.75500488    4.05999994    2.53999996
   11.56944466  246.67399597    4.09999990    2.53999996
   11.57250023  282.69299316    4.11999989    2.53999996
   11.57416630  281.31600952    4.11999989    2.55999994
   11.57638836  277.53799438    4.11999989    2.55999994
   11.57944393  323.10501099    4.13999987    2.55999994
   11.58277798  302.05499268    4.15999985    2.55999994
   11.58611107  304.54000854    4.17999983    2.55999994
   11.58916664  310.29901123    4.19999981    2.55999994
   11.59249973  305.59500122    4.19999981    2.55999994
   11.59583282  263.62200928    4.15999985    2.55999994
   11.59888840  284.01901245    4.17999983    2.55999994
   11.60222244  273.75000000    4.15999985    2.55999994
   11.60527802  273.74798584    4.15999985    2.55999994
   11.60750008  270.12298584    4.13999987    2.55999994
   11.60916710  281.86898804    4.15999985    2.55999994
   11.61222267  293.54098511    4.09999990    2.55999994
   11.61555576  308.84500122    4.07999992    2.55999994
   11.61888885  311.05999756    4.05999994    2.55999994
   11.62194443  301.98400879    4.09999990    2.55999994
   11.62527752  251.22099304    4.05999994    2.55999994
   11.62861156  278.02600098    4.05999994    2.55999994
   11.63166714  266.96499634    4.05999994    2.55999994
   11.63500023  273.50399780    4.07999992    2.57999992
   11.63805580  282.24600220    4.05999994    2.55999994
   11.64083290  271.77499390    4.03999996    2.57999992
   11.64194393  283.01300049    4.01999998    2.57999992
   11.64499950  280.51300049    4.07999992    2.57999992
   11.64833355  302.11999512    4.13999987    2.57999992
   11.65166664  280.04699707    4.19999981    2.57999992
   11.65472221  272.94198608    4.21999979    2.55999994
   11.65805531  263.34100342    4.23999977    2.57999992
   11.66138840  268.35198975    4.26000023    2.55999994
   11.66444397  271.57000732    4.28999996    2.57999992
   11.66777802  309.96499634    4.32999992    2.57999992
   11.67083359  283.85800171    4.48999977    2.57999992
   11.67416668  290.77200317    4.38999987    2.57999992
   11.67472267  291.45199585    4.38999987    2.57999992
   11.67777824  278.14999390    4.34999990    2.57999992
   11.68111134  277.14999390    4.40999985    2.57999992
   11.68444443  269.96099854    4.40999985    2.57999992
   11.68750000  295.28298950    4.44999981    2.57999992
   11.69083309  344.65100098    4.40999985    2.57999992
   11.69416714  373.63598633    4.36999989    2.57999992
   11.69722271  336.47299194    4.34999990    2.57999992
   11.70055580  416.25000000    4.32999992    2.57999992
   11.70249939  404.31900024    4.32999992    2.57999992
   11.70388889  364.38900757    4.34999990    2.57999992
   11.70527744  388.77600098    4.26999998    2.57999992
   11.70666695  397.77700806    4.28999996    2.57999992
   11.70805550  365.79598999    4.26999998    2.57999992
   11.70944405  417.66900635    4.30999994    2.57999992
   11.71083355  375.39199829    4.26999998    2.59999990
   11.71222210  314.17199707    4.26999998    2.57999992
   11.71222210  291.45199585    4.38999987    2.57999992
   11.71222210  278.14999390    4.34999990    2.57999992
   11.71249962  277.14999390    4.40999985    2.57999992
   11.71249962  269.96099854    4.40999985    2.57999992
   11.71249962  295.28298950    4.44999981    2.57999992
   11.71249962  344.65100098    4.40999985    2.57999992
   11.71249962  373.63598633    4.36999989    2.57999992
   11.71277714  336.47299194    4.34999990    2.57999992
   11.71277714  416.25000000    4.32999992    2.57999992
   11.71333313  388.64999390    4.26999998    2.59999990
   11.71666622  299.63000488    4.21999979    2.57999992
   11.71972179  321.63598633    4.26999998    2.57999992
   11.72305489  390.87298584    4.23999977    2.57999992
   11.72611046  340.76300049    4.23999977    2.57999992
   11.73305511  340.76300049    4.26000023    2.57999992
   11.73722267  316.88299561    4.21999979    2.57999992
   11.74027824  327.94000244    4.32999992    2.57999992
   11.74361134  344.73901367    4.32999992    2.57999992
   11.74611092  361.03601074    4.42999983    2.57999992
   11.74694443  320.94699097    4.40999985    2.57999992
   11.75027752  372.87799072    4.48999977    2.59999990
   11.75361156  312.83999634    4.48999977    2.59999990
   11.75666714  335.93600464    4.53000021    2.59999990
   11.76000023  329.19601440    4.51000023    2.59999990
   11.76333332  324.99600220    4.53000021    2.59999990
   11.76638889  331.14599609    4.53000021    2.57999992
   11.76972198  327.09201050    4.59999990    2.59999990
   11.77583313  327.09201050    4.57999992    2.59999990
   11.77999973  295.46600342    4.59999990    2.59999990
   11.78333378  298.47399902    4.53999996    2.59999990
   11.78638935  301.40798950    4.53999996    2.59999990
   11.78972244  305.40100098    4.48999977    2.59999990
   11.79277802  302.91400146    4.46999979    2.59999990
   11.79611111  305.69400024    4.46999979    2.59999990
   11.79944515  298.27398682    4.46999979    2.59999990
   11.80249977  302.95599365    4.48999977    2.59999990
   11.80583382  309.51400757    4.42999983    2.59999990
   11.80916691  311.84600830    4.44999981    2.59999990
   11.81250000  303.09600830    4.46999979    2.59999990
   11.81305599  293.18600464    4.51000023    2.59999990
   11.81861115  293.18600464    4.55999994    2.59999990
   11.82277775  275.28500366    4.61999989    2.59999990
   11.82611084  286.94601440    4.59999990    2.59999990
   11.82916641  277.82199097    4.71999979    2.59999990
   11.83249950  254.78399658    4.73999977    2.59999990
   11.83583260  304.95199585    4.76000023    2.59999990
   11.83888817  291.28399658    4.80999994    2.59999990
   11.84222221  282.04501343    4.84999990    2.59999990
   11.84555531  251.86599731    4.90999985    2.59999990
   11.84638882  264.17999268    4.86999989    2.59999990
   11.84916592  260.90301514    4.90999985    2.59999990
   11.85222244  273.00000000    4.90999985    2.59999990
   11.85555553  244.51100159    4.90999985    2.59999990
   11.86138916  244.51100159    4.90999985    2.59999990
   11.86555576  242.10400391    4.90999985    2.59999990
   11.86888885  258.61801147    4.90999985    2.59999990
   11.87222195  284.92999268    4.90999985    2.59999990
   11.87555599  254.80299377    4.90999985    2.59999990
   11.87861156  259.11300659    4.90999985    2.59999990
   11.87972260  281.07998657    4.90999985    2.59999990
   11.88222218  252.54499817    4.90999985    2.59999990
   11.88527775  275.28399658    4.88999987    2.59999990
   11.88861084  231.98899841    4.88999987    2.59999990
   11.89194393  261.49398804    4.86999989    2.59999990
   11.89499950  257.06900024    4.80999994    2.59999990
   11.89833355  246.49800110    4.82999992    2.59999990
   11.90444374  246.49800110    4.86999989    2.59999990
   11.90861034  253.91299438    4.80999994    2.59999990
   11.91166592  247.11799622    4.88999987    2.61999989
   11.91305542  252.30200195    4.90999985    2.59999990
   11.91527748  243.63000488    4.90999985    2.61999989
   11.91861153  226.55299377    4.90999985    2.61999989
   11.92166710  236.10600281    4.90999985    2.61999989
   11.92500019  266.46701050    4.90999985    2.64000010
   11.92805576  252.42300415    4.90999985    2.61999989
   11.93138885  237.95599365    4.90999985    2.59999990
   11.93472195  234.78900146    4.90999985    2.61999989
   11.93777752  247.54800415    4.90999985    2.61999989
   11.94111156  258.87701416    4.90999985    2.61999989
   11.94722271  258.87701416    4.90999985    2.61999989
   11.95138836  246.23100281    4.90999985    2.61999989
   11.95444393  257.98901367    4.90999985    2.61999989
   11.95777798  243.95899963    4.90999985    2.61999989
   11.96111107  254.46499634    4.90999985    2.61999989
   11.96416664  258.86499023    4.90999985    2.61999989
   11.96749973  247.56100464    4.90999985    2.61999989
   11.97083282  272.28399658    4.90999985    2.61999989
   11.97388840  257.21398926    4.90999985    2.61999989
   11.97722149  246.15400696    4.90999985    2.61999989
   11.97972202  251.28700256    4.90999985    2.61999989
   11.98083305  262.91900635    4.88999987    2.61999989
   11.98416710  266.20001221    4.90999985    2.64000010
   11.99000072  266.20001221    4.90999985    2.64000010
   11.99416733  256.12701416    4.90999985    2.61999989
   11.99750042  286.42898560    4.90999985    2.64000010
   12.00055599  273.17898560    4.90999985    2.64000010
   12.00388908  305.87399292    4.90999985    2.61999989
   12.00722218  280.66799927    4.90999985    2.61999989
   12.01027775  277.67898560    4.90999985    2.61999989
   12.01305580  272.02398682    4.90999985    2.61999989
   12.01388931  261.70300293    4.90999985    2.61999989
   12.01722240  278.08599854    4.90999985    2.61999989
   12.02027798  266.24099731    4.90999985    2.64000010
   12.02361107  258.59600830    4.90999985    2.64000010
   12.02666664  248.47700500    4.90999985    2.64000010
   12.03277779  248.47700500    4.90999985    2.61999989
   12.03694534  258.20700073    4.90999985    2.61999989
   12.04027843  249.51499939    4.90999985    2.61999989
   12.04361153  250.17300415    4.90999985    2.61999989
   12.04638958  255.64900208    4.90999985    2.64000010
   12.04722309  258.66400146    4.90999985    2.64000010
   12.05055618  335.39099121    4.90999985    2.61999989
   12.05361176  376.11401367    4.90999985    2.64000010
   12.05694485  306.34201050    4.90999985    2.64000010
   12.06000042  378.65200806    4.90999985    2.64000010
   12.06333351  395.17999268    4.90999985    2.64000010
   12.06666660  316.08499146    4.90999985    2.64000010
   12.06972218  425.49200439    4.90999985    2.61999989
   12.07166672  371.99700928    4.90999985    2.64000010
   12.07305527  388.32699585    4.90999985    2.64000010
   12.07444477  398.23699951    4.90999985    2.64000010
   12.07583332  412.34899902    4.90999985    2.64000010
   12.07722187  383.87500000    4.90999985    2.64000010
   12.07861137  401.42700195    4.90999985    2.64000010
   12.07999992  388.72198486    4.90999985    2.61999989
   12.08138847  399.03799438    4.90999985    2.64000010
   12.08277798  382.58700562    4.90999985    2.64000010
   12.08416653  387.80200195    4.90999985    2.64000010
   12.08555508  380.68301392    4.90999985    2.64000010
   12.08694458  380.12899780    4.90999985    2.64000010
   12.08833313  372.86199951    4.90999985    2.64000010
   12.08972168  363.98999023    4.90999985    2.64000010
   12.09111118  358.01800537    4.90999985    2.64000010
   12.09249973  366.85598755    4.90999985    2.64000010
   12.09388828  386.68499756    4.90999985    2.64000010
   12.09527779  392.36700439    4.90999985    2.64000010
   12.09666634  336.69799805    4.90999985    2.64000010
   12.09666634  395.17999268    4.90999985    2.64000010
   12.09694386  316.08499146    4.90999985    2.64000010
   12.09694386  425.49200439    4.90999985    2.61999989
   12.09694386  250.17300415    4.90999985    2.61999989
   12.09694386  258.66400146    4.90999985    2.64000010
   12.09694386  335.39099121    4.90999985    2.61999989
   12.09722233  376.11401367    4.90999985    2.64000010
   12.09722233  306.34201050    4.90999985    2.64000010
   12.09722233  378.65200806    4.90999985    2.64000010
   12.09777737  357.25201416    4.90999985    2.64000010
   12.10111141  317.99798584    4.90999985    2.64000010
   12.10416698  342.04000854    4.90999985    2.64000010
   12.12388897  334.45401001    4.90999985    2.64000010
   12.12805557  334.45401001    4.90999985    2.64000010
   12.13222218  301.01000977    4.90999985    2.64000010
   12.13527775  339.23098755    4.90999985    2.64000010
   12.13861084  312.61599731    4.90999985    2.64000010
   12.14194393  260.82501221    4.90999985    2.66000009
   12.14499950  328.84201050    4.90999985    2.64000010
   12.14833355  321.82998657    4.90999985    2.64000010
   12.15166664  339.79800415    4.90999985    2.66000009
   12.15472221  308.32998657    4.90999985    2.64000010
   12.15805531  343.35400391    4.90999985    2.66000009
   12.16111088  350.84201050    4.90999985    2.66000009
   12.16416645  373.56600952    4.90999985    2.66000009
   12.16499996  322.83599854    4.90999985    2.64000010
   12.17083359  322.83599854    4.90999985    2.64000010
   12.17500019  275.12701416    4.90999985    2.66000009
   12.17833328  330.03298950    4.90999985    2.66000009
   12.18138885  377.61199951    4.90999985    2.64000010
   12.18472195  347.42199707    4.90999985    2.66000009
   12.18805599  311.79998779    4.90999985    2.64000010
   12.19111156  302.09399414    4.90999985    2.66000009
   12.19444466  316.47100830    4.90999985    2.64000010
   12.19750023  310.87799072    4.90999985    2.66000009
   12.19805527  314.69699097    4.90999985    2.66000009
   12.20111084  296.84600830    4.90999985    2.66000009
   12.20444393  343.40100098    4.90999985    2.66000009
   12.20749950  313.49200439    4.90999985    2.66000009
   12.21361065  313.49200439    4.90999985    2.66000009
   12.21777725  303.45599365    4.90999985    2.66000009
   12.22111034  311.25399780    4.90999985    2.66000009
   12.22444439  290.49798584    4.90999985    2.66000009
   12.22749996  265.16400146    4.90999985    2.66000009
   12.23083305  290.35101318    4.90999985    2.67000008
   12.23138809  314.63800049    4.90999985    2.67000008
   12.23472214  321.88299561    4.90999985    2.66000009
   12.23805618  287.80398560    4.90999985    2.66000009
   12.24138927  294.13101196    4.90999985    2.67000008
   12.24444485  313.54699707    4.90999985    2.64000010
   12.24777794  281.40701294    4.90999985    2.66000009
   12.25083351  291.81201172    4.90999985    2.66000009
   12.25666714  291.81201172    4.90999985    2.66000009
   12.26083374  295.60101318    4.90999985    2.67000008
   12.26388931  275.82800293    4.90999985    2.67000008
   12.26444435  302.31100464    4.90999985    2.67000008
   12.26777744  309.55801392    4.90999985    2.67000008
   12.27083302  292.09298706    4.90999985    2.67000008
   12.27416611  278.33499146    4.90999985    2.67000008
   12.27750015  269.64099121    4.90999985    2.66000009
   12.28055573  271.72601318    4.90999985    2.66000009
   12.28388977  287.57901001    4.90999985    2.66000009
   12.28722286  302.07998657    4.90999985    2.67000008
   12.29027843  280.26098633    4.90999985    2.66000009
   12.29361153  286.59698486    4.90999985    2.66000009
   12.29944515  286.59698486    4.90999985    2.67000008
   12.30361176  295.24398804    4.90999985    2.67000008
   12.30666733  289.01300049    4.90999985    2.67000008
   12.31000042  288.01000977    4.90999985    2.67000008
   12.31333351  294.64099121    4.90999985    2.67000008
   12.31638908  295.29098511    4.90999985    2.67000008
   12.31972218  313.43600464    4.90999985    2.67000008
   12.32277775  288.01901245    4.90999985    2.67000008
   12.32611084  293.69500732    4.90999985    2.67000008
   12.32944393  294.25500488    4.90999985    2.67000008
   12.33111095  298.86999512    4.90999985    2.67000008
   12.33305550  311.58898926    4.90999985    2.67000008
   12.33611107  309.26300049    4.90999985    2.67000008
   12.34222221  309.26300049    4.90999985    2.67000008
   12.34638882  309.47500610    4.90999985    2.67000008
   12.34972191  304.37500000    4.90999985    2.67000008
   12.35277843  301.02899170    4.90999985    2.67000008
   12.35611153  291.82598877    4.90999985    2.67000008
   12.35944462  309.16198730    4.90999985    2.67000008
   12.36250019  303.75100708    4.90999985    2.67000008
   12.36444473  297.76699829    4.90999985    2.67000008
   12.36611176  300.72000122    4.90999985    2.67000008
   12.36916637  277.15499878    4.90999985    2.67000008
   12.37250042  289.54800415    4.90999985    2.67000008
   12.37583351  297.73699951    4.90999985    2.67000008
   12.37888908  286.82800293    4.90999985    2.67000008
   12.38500023  286.82800293    4.90999985    2.69000006
   12.38916683  294.77600098    4.90999985    2.67000008
   12.39249992  295.10299683    4.90999985    2.67000008
   12.39583302  286.23498535    4.90999985    2.67000008
   12.39777756  285.09201050    4.90999985    2.67000008
   12.39944458  284.87600708    4.90999985    2.67000008
   12.40249920  277.89001465    4.90999985    2.69000006
   12.40583324  271.08700562    4.90999985    2.67000008
   12.40916634  269.15100098    4.90999985    2.67000008
   12.41222191  266.91699219    4.90999985    2.69000006
   12.41555500  277.51800537    4.90999985    2.69000006
   12.41861153  250.87300110    4.90999985    2.67000008
   12.42194462  263.82101440    4.90999985    2.69000006
   12.42805576  263.82101440    4.90999985    2.69000006
   12.43222237  280.42999268    4.90999985    2.67000008
   12.43527794  280.20901489    4.90999985    2.67000008
   12.43861103  295.79800415    4.90999985    2.67000008
   12.44166660  257.44900513    4.90999985    2.67000008
   12.44499969  262.77301025    4.90999985    2.67000008
   12.44833374  238.03100586    4.90999985    2.67000008
   12.45166683  273.25698853    4.90999985    2.67000008
   12.45472240  251.13000488    4.90999985    2.67000008
   12.45805550  263.53500366    4.90999985    2.67000008
   12.46111107  291.09399414    4.90999985    2.69000006
   12.46444416  276.84298706    4.90999985    2.69000006
   12.46500015  273.78500366    4.90999985    2.69000006
   12.47083282  273.78500366    4.90999985    2.67000008
   12.47499943  271.36099243    4.90999985    2.67000008
   12.47805500  281.22601318    4.90999985    2.67000008
   12.48138809  244.41999817    4.90999985    2.67000008
   12.48472214  269.63699341    4.90999985    2.69000006
   12.48777771  286.35000610    4.90999985    2.69000006
   12.49111176  255.91099548    4.90999985    2.69000006
   12.49444485  290.92498779    4.90999985    2.69000006
   12.49750042  277.87399292    4.90999985    2.67000008
   12.49805546  274.27499390    4.90999985    2.69000006
   12.50138855  287.49798584    4.90999985    2.69000006
   12.50444412  278.55599976    4.90999985    2.69000006
   12.50777817  252.81700134    4.90999985    2.69000006
   12.51361084  252.81700134    4.90999985    2.69000006
   12.51777744  298.72698975    4.90999985    2.69000006
   12.52111053  315.42898560    4.90999985    2.69000006
   12.52416611  289.49499512    4.90999985    2.69000006
   12.52750015  291.25299072    4.90999985    2.69000006
   12.53055573  292.00399780    4.90999985    2.69000006
   12.53138828  267.47299194    4.90999985    2.69000006
   12.53444481  285.55899048    4.90999985    2.69000006
   12.53750038  286.23699951    4.90999985    2.69000006
   12.54083347  293.97601318    4.90999985    2.69000006
   12.54388905  261.17001343    4.90999985    2.69000006
   12.54722309  259.78698730    4.90999985    2.69000006
   12.55055618  271.03500366    4.90999985    2.69000006
   12.55638885  271.03500366    4.90999985    2.69000006
   12.56055546  300.85598755    4.90999985    2.69000006
   12.56388950  271.55999756    4.90999985    2.69000006
   12.56472206  297.04000854    4.90999985    2.69000006
   12.56750011  296.36401367    4.90999985    2.69000006
   12.57055569  286.24099731    4.90999985    2.69000006
   12.57388878  295.41000366    4.90999985    2.69000006
   12.57694435  303.99600220    4.90999985    2.69000006
   12.58027744  346.29098511    4.90999985    2.69000006
   12.58361053  333.54598999    4.90999985    2.69000006
   12.58666611  352.21899414    4.90999985    2.67000008
   12.59000015  379.40798950    4.90999985    2.69000006
   12.59333324  360.26800537    4.90999985    2.69000006
   12.59944439  360.26800537    4.90999985    2.69000006
   12.60333347  323.13299561    4.90999985    2.69000006
   12.60666752  335.02999878    4.90999985    2.69000006
   12.61000061  327.82000732    4.90999985    2.69000006
   12.61333370  341.76098633    4.90999985    2.71000004
   12.61638927  375.65798950    4.90999985    2.71000004
   12.61972237  329.89801025    4.90999985    2.71000004
   12.62277794  352.92001343    4.90999985    2.69000006
   12.62611103  333.61499023    4.90999985    2.69000006
   12.62944412  362.17098999    4.90999985    2.69000006
   12.63138866  334.41500854    4.90999985    2.69000006
   12.63305569  316.78698730    4.90999985    2.69000006
   12.63611126  296.50799561    4.90999985    2.69000006
   12.64222240  296.50799561    4.90999985    2.69000006
   12.64638901  268.69601440    4.90999985    2.71000004
   12.64944458  256.62399292    4.90999985    2.71000004
   12.65277767  245.03300476    4.90999985    2.71000004
   12.65611076  253.43299866    4.90999985    2.71000004
   12.65916634  218.20199585    4.90999985    2.71000004
   12.66249943  251.06399536    4.90999985    2.71000004
   12.66472149  220.88299561    4.90999985    2.71000004
   12.66611099  254.06399536    4.90999985    2.71000004
   12.66916656  256.04199219    4.90999985    2.69000006
   12.67250061  205.81399536    4.90999985    2.71000004
   12.67555618  235.91299438    4.90999985    2.71000004
   12.67888927  216.65400696    4.90999985    2.71000004
   12.68500042  216.65400696    4.90999985    2.71000004
   12.68916702  220.65600586    4.90999985    2.71000004
   12.69250011  174.44099426    4.90999985    2.71000004
   12.69555569  223.92500305    4.90999985    2.71000004
   12.69805527  258.16799927    4.90999985    2.71000004
   12.69944477  220.25199890    4.90999985    2.69000006
   12.70249939  235.28700256    4.90999985    2.71000004
   12.70583344  213.96499634    4.90999985    2.71000004
   12.70888901  211.07600403    4.90999985    2.71000004
   12.71222210  228.97599792    4.90999985    2.71000004
   12.71555519  243.33399963    4.90999985    2.71000004
   12.71861076  257.97601318    4.90999985    2.71000004
   12.72194386  235.95199585    4.90999985    2.69000006
   12.72777748  235.95199585    4.90999985    2.71000004
   12.73194408  274.01800537    4.90999985    2.69000006
   12.73527813  251.75599670    4.90999985    2.71000004
   12.73861122  250.54699707    4.90999985    2.71000004
   12.74166679  259.88500977    4.90999985    2.71000004
   12.74499989  252.22599792    4.90999985    2.71000004
   12.74805546  279.33599854    4.90999985    2.69000006
   12.75138855  259.72900391    4.90999985    2.71000004
   12.75472260  277.20498657    4.90999985    2.71000004
   12.75777817  282.62100220    4.90999985    2.71000004
   12.76111126  257.78698730    4.90999985    2.71000004
   12.76444435  243.86000061    4.90999985    2.69000006
   12.76472187  240.61199951    4.90999985    2.71000004
   12.77083302  240.61199951    4.90999985    2.69000006
   12.77472210  257.76501465    4.90999985    2.71000004
   12.77805519  283.52600098    4.90999985    2.71000004
   12.78138828  283.74798584    4.90999985    2.71000004
   12.78472233  247.27499390    4.90999985    2.71000004
   12.78777790  248.13999939    4.90999985    2.71000004
   12.79111195  248.20799255    4.90999985    2.71000004
   12.79444504  229.06799316    4.90999985    2.71000004
   12.79750061  245.96800232    4.90999985    2.71000004
   12.79805565  234.43800354    4.90999985    2.71000004
   12.80111122  270.86199951    4.90999985    2.73000002
   12.80444431  243.46400452    4.90999985    2.71000004
   12.80749989  287.85000610    4.90999985    2.71000004
   12.81361103  287.85000610    4.90999985    2.71000004
   12.81777763  190.30200195    4.90999985    2.71000004
   12.82083321  257.66799927    4.90999985    2.73000002
   12.82416630  264.42700195    4.90999985    2.71000004
   12.82750034  251.98300171    4.90999985    2.71000004
   12.83055592  211.80000305    4.90999985    2.71000004
   12.83138847  231.85499573    4.90999985    2.71000004
   12.83416653  252.75000000    4.90999985    2.71000004
   12.83749962  251.02499390    4.90999985    2.71000004
   12.84055519  236.55900574    4.90999985    2.73000002
   12.84388828  225.71600342    4.90999985    2.71000004
   12.84722233  241.36799622    4.90999985    2.71000004
   12.85027790  240.27200317    4.90999985    2.71000004
   12.85638905  240.27200317    4.90999985    2.71000004
   12.86055565  256.39898682    4.90999985    2.71000004
   12.86388969  234.58500671    4.90999985    2.71000004
   12.86472225  252.27900696    4.90999985    2.73000002
   12.86722279  208.01400757    4.90999985    2.71000004
   12.87055588  239.72099304    4.90999985    2.71000004
   12.87361145  241.82200623    4.90999985    2.71000004
   12.87694454  255.19599915    4.90999985    2.71000004
   12.88027763  228.03500366    4.90999985    2.71000004
   12.88333321  227.10099792    4.90999985    2.71000004
   12.88666630  210.61199951    4.90999985    2.71000004
   12.88972187  230.41099548    4.90999985    2.71000004
   12.89305496  202.73500061    4.90999985    2.71000004
   12.89916611  202.73500061    4.90999985    2.71000004
   12.90333271  233.37800598    4.90999985    2.73000002
   12.90666676  226.39100647    4.90999985    2.71000004
   12.90972137  209.47599792    4.90999985    2.71000004
   12.91305542  251.71800232    4.90999985    2.73000002
   12.91638851  224.60000610    4.90999985    2.71000004
   12.91944504  225.75599670    4.90999985    2.71000004
   12.92277813  228.21400452    4.90999985    2.73000002
   12.92611122  213.42100525    4.90999985    2.73000002
   12.92916679  204.24699402    4.90999985    2.71000004
   12.93166733  222.58000183    4.90999985    2.71000004
   12.93277836  211.19400024    4.90999985    2.71000004
   12.93611145  214.04100037    4.90999985    2.73000002
   12.94222260  214.04100037    4.90999985    2.71000004
   12.94611073  222.52200317    4.90999985    2.73000002
   12.94944477  249.52699280    4.90999985    2.73000002
   12.95277786  251.12300110    4.90999985    2.73000002
   12.95583344  229.18299866    4.90999985    2.73000002
   12.95916653  240.30900574    4.90999985    2.73000002
   12.96249962  232.79899597    4.90999985    2.73000002
   12.96472168  238.91900635    4.90999985    2.73000002
   12.96583271  239.85600281    4.90999985    2.73000002
   12.96916580  214.62600708    4.90999985    2.75000000
   12.97222137  228.85299683    4.90999985    2.73000002
   12.97555542  216.38499451    4.90999985    2.73000002
   12.97888851  209.93499756    4.90999985    2.73000002
   12.98500061  209.93499756    4.90999985    2.71000004
   12.98916721  220.16000366    4.90999985    2.73000002
   12.99222279  222.97599792    4.90999985    2.73000002
   12.99555588  244.41000366    4.90999985    2.75000000
   12.99833393  224.54800415    4.90999985    2.73000002
   12.99916649  234.82499695    4.90999985    2.73000002
   13.00249958  214.03999329    4.90999985    2.71000004
   13.00555515  225.84500122    4.90999985    2.75000000
   13.00888920  231.49899292    4.90999985    2.71000004
   13.01222229  224.28999329    4.90999985    2.73000002
   13.01527786  224.06799316    4.90999985    2.71000004
   13.01861095  246.76300049    4.90999985    2.73000002
   13.02194405  238.88699341    4.90999985    2.73000002
   13.02777767  238.88699341    4.90999985    2.73000002
   13.03194427  229.27000427    4.90999985    2.73000002
   13.03527832  231.28399658    4.90999985    2.75000000
   13.03833389  228.91200256    4.90999985    2.75000000
   13.04166698  212.29600525    4.90999985    2.73000002
   13.04472256  218.75599670    4.90999985    2.73000002
   13.04805565  234.58900452    4.90999985    2.73000002
   13.05138874  226.14500427    4.90999985    2.73000002
   13.05444431  241.80000305    4.90999985    2.73000002
   13.05777836  236.66900635    4.90999985    2.73000002
   13.06111145  213.43200684    4.90999985    2.73000002
   13.06416702  211.41799927    4.90999985    2.75000000
   13.06500053  201.45599365    4.90999985    2.73000002
   13.07055569  201.45599365    4.90999985    2.73000002
   13.07472229  256.21499634    4.90999985    2.75000000
   13.07805538  258.59698486    4.90999985    2.73000002
   13.08111095  237.93499756    4.90999985    2.75000000
   13.08444405  258.12500000    4.90999985    2.73000002
   13.08777714  229.17100525    4.90999985    2.75000000
   13.09083271  252.69500732    4.90999985    2.73000002
   13.09416676  224.50700378    4.90999985    2.73000002
   13.09749985  243.71200562    4.90999985    2.73000002
   13.09833336  209.17900085    4.90999985    2.75000000
   13.10083389  271.64300537    4.90999985    2.75000000
   13.10416698  255.54499817    4.90999985    2.73000002
   13.10722256  253.60800171    4.90999985    2.75000000
   13.11361122  253.60800171    4.90999985    2.75000000
   13.11750031  264.78399658    4.90999985    2.73000002
   13.12083340  277.36499023    4.90999985    2.75000000
   13.12416649  289.80700684    4.90999985    2.75000000
   13.14138889  248.69900513    4.90999985    2.75000000
   13.14416695  244.64599609    4.90999985    2.75000000
   13.14722252  265.55700684    4.90999985    2.75000000
   13.15055561  270.06100464    4.90999985    2.75000000
   13.15638828  270.06100464    4.90999985    2.73000002
   13.16055489  239.98199463    4.90999985    2.75000000
   13.16388893  254.67700195    4.90999985    2.73000002
   13.16722298  241.10800171    4.90999985    2.75000000
   13.17027855  254.00999451    4.90999985    2.75000000
   13.17361164  247.44299316    4.90999985    2.75000000
   13.17472267  237.36300659    4.90999985    2.75000000
   13.17694473  223.79100037    4.90999985    2.75000000
   13.18027782  247.04100037    4.90999985    2.75000000
   13.18361092  243.40100098    4.90999985    2.75000000
   13.18666649  219.55700684    4.90999985    2.75000000
   13.19000053  226.75100708    4.90999985    2.73000002
   13.19305515  227.37399292    4.90999985    2.75000000
   13.19944477  227.37399292    4.90999985    2.76999998
   13.20333290  235.47099304    4.90999985    2.75000000
   13.20666695  230.60800171    4.90999985    2.76999998
   13.20805550  203.06700134    4.90999985    2.75000000
   13.21027756  226.39500427    4.90999985    2.76999998
   13.21361065  214.69900513    4.90999985    2.75000000
   13.21694374  228.41200256    4.90999985    2.73000002
   13.21999931  249.11700439    4.90999985    2.75000000
   13.22333336  280.90499878    4.90999985    2.75000000
   13.22666645  332.25299072    4.90999985    2.75000000
   13.22972202  306.60501099    4.90999985    2.75000000
   13.23305511  285.61898804    4.90999985    2.75000000
   13.23638916  278.77899170    4.90999985    2.76999998
   13.24222279  278.77899170    4.90999985    2.75000000
   13.24638939  256.45599365    4.90999985    2.75000000
   13.24944496  235.50300598    4.90999985    2.76999998
   13.25277805  255.32699585    4.90999985    2.76999998
   13.25611115  239.46899414    4.90999985    2.75000000
   13.25916672  231.37800598    4.90999985    2.75000000
   13.26249981  252.55900574    4.90999985    2.75000000
   13.26555538  250.89999390    4.90999985    2.75000000
   13.26888847  250.55299377    4.90999985    2.73000002
   13.27222157  249.08799744    4.90999985    2.75000000
   13.27472210  253.28999329    4.90999985    2.73000002
   13.27555561  228.00599670    4.90999985    2.73000002
   13.27888870  248.96099854    4.90999985    2.75000000
   13.28500080  248.96099854    4.90999985    2.75000000
   13.28916740  248.54899597    4.90999985    2.75000000
   13.29250050  252.42199707    4.90999985    2.75000000
   13.29555607  244.79400635    4.90999985    2.73000002
   13.29888916  226.41999817    4.90999985    2.75000000
   13.30194473  216.95199585    4.90999985    2.75000000
   13.30527782  219.83799744    4.90999985    2.73000002
   13.30805588  236.97000122    4.90999985    2.75000000
   13.30888939  214.72300720    4.90999985    2.75000000
   13.31222248  201.31599426    4.90999985    2.75000000
   13.31555557  204.32899475    4.90999985    2.75000000
   13.31861115  222.33200073    4.90999985    2.75000000
   13.32194424  204.57200623    4.90999985    2.75000000
   13.32777786  204.57200623    4.90999985    2.75000000
   13.33194447  209.96299744    4.90999985    2.75000000
   13.33527756  197.12800598    4.90999985    2.75000000
   13.33833313  217.47999573    4.90999985    2.75000000
   13.34138870  198.26400757    4.90999985    2.75000000
   13.34194374  197.93600464    4.90999985    2.75000000
   13.34527779  216.36799622    4.90999985    2.75000000
   13.34861088  195.52699280    4.90999985    2.75000000
   13.35166740  196.19500732    4.90999985    2.75000000
   13.35500050  195.44099426    4.90999985    2.76999998
   13.35833359  196.83500671    4.90999985    2.76999998
   13.36138916  220.03399658    4.90999985    2.75000000
   13.36472225  188.58299255    4.90999985    2.75000000
   13.37083340  188.58299255    4.90999985    2.75000000
   13.37472248  204.34100342    4.90999985    2.75000000
   13.37805557  209.67799377    4.90999985    2.75000000
   13.38138866  205.11099243    4.90999985    2.75000000
   13.38444424  196.99600220    4.90999985    2.76999998
   13.38777733  206.41999817    4.90999985    2.76999998
   13.39111137  204.29899597    4.90999985    2.75000000
   13.39416695  203.43299866    4.90999985    2.75000000
   13.39750004  222.97300720    4.90999985    2.76999998
   13.40055561  201.82699585    4.90999985    2.76999998
   13.40388870  208.53900146    4.90999985    2.76999998
   13.40722179  206.86700439    4.90999985    2.75000000
   13.40805531  205.82899475    4.90999985    2.76999998
   13.41361046  205.82899475    4.90999985    2.78999996
   13.41777802  200.76199341    4.90999985    2.76999998
   13.42083359  204.34500122    4.90999985    2.76999998
   13.42416668  210.94000244    4.90999985    2.78999996
   13.42750072  204.06399536    4.90999985    2.78999996
   13.43055630  214.14100647    4.90999985    2.78999996
   13.43388939  228.69099426    4.90999985    2.78999996
   13.43694496  195.97300720    4.90999985    2.78999996
   13.44027805  211.20199585    4.90999985    2.76999998
   13.44138908  205.39700317    4.90999985    2.78999996
   13.44388866  210.16799927    4.90999985    2.78999996
   13.44722271  231.68699646    4.90999985    2.76999998
   13.45055580  219.27900696    4.90999985    2.78999996
   13.45638847  219.27900696    4.90999985    2.78999996
   13.46055508  234.64300537    4.90999985    2.76999998
   13.46388912  232.67199707    4.90999985    2.76999998
   13.46694374  250.18299866    4.90999985    2.78999996
   13.47027779  223.94700623    4.90999985    2.76999998
   13.47333336  241.57299805    4.90999985    2.76999998
   13.47472191  268.00000000    4.90999985    2.76999998
   13.47722149  235.28199768    4.90999985    2.78999996
   13.48027706  240.42399597    4.90999985    2.78999996
   13.48361111  254.47999573    4.90999985    2.76999998
   13.48666668  251.62399292    4.90999985    2.78999996
   13.49000072  223.43400574    4.90999985    2.78999996
   13.49333382  227.01600647    4.90999985    2.78999996
   13.49916649  227.01600647    4.90999985    2.78999996
   13.50333309  226.39799500    4.90999985    2.78999996
   13.50666714  214.94200134    4.90999985    2.76999998
   13.50805569  230.86999512    4.90999985    2.78999996
   13.51027775  217.90100098    4.90999985    2.78999996
   13.51333332  219.65899658    4.90999985    2.76999998
   13.51666641  223.30299377    4.90999985    2.76999998
   13.51972198  222.69999695    4.90999985    2.76999998
   13.52305508  213.61199951    4.90999985    2.76999998
   13.52638817  218.31900024    4.90999985    2.78999996
   13.52944374  212.22700500    4.90999985    2.78999996
   13.53277779  215.77799988    4.90999985    2.80999994
   13.53611183  232.71400452    4.90999985    2.78999996
   13.54222298  232.71400452    4.90999985    2.78999996
   13.54611111  219.27400208    4.90999985    2.80999994
   13.54944515  221.41600037    4.90999985    2.76999998
   13.55277824  203.34399414    4.90999985    2.78999996
   13.55583382  208.07499695    4.90999985    2.78999996
   13.55916691  241.86300659    4.90999985    2.78999996
   13.56250000  222.29800415    4.90999985    2.78999996
   13.56555557  212.56399536    4.90999985    2.78999996
   13.56888866  215.71200562    4.90999985    2.78999996
   13.57222176  213.11099243    4.90999985    2.76999998
   13.57472229  216.32099915    4.90999985    2.80999994
   13.57583332  205.70599365    4.90999985    2.78999996
   13.57888889  205.26100159    4.90999985    2.78999996
   13.58500004  205.26100159    4.90999985    2.78999996
   13.58916664  215.23800659    4.90999985    2.78999996
   13.59222221  202.63299561    4.90999985    2.78999996
   13.59555531  218.03999329    4.90999985    2.78999996
   13.59888840  205.17100525    4.90999985    2.78999996
   13.60194492  213.55000305    4.90999985    2.78999996
   13.60527802  200.91700745    4.90999985    2.78999996
   13.60805607  208.17500305    4.90999985    2.78999996
   13.60888958  192.53700256    4.90999985    2.80999994
   13.61194515  227.80099487    4.90999985    2.78999996
   13.61527824  222.10000610    4.90999985    2.78999996
   13.61833382  213.01499939    4.90999985    2.76999998
   13.62166691  248.03700256    4.90999985    2.78999996
   13.62777805  248.03700256    4.90999985    2.78999996
   13.63194466  245.25900269    4.90999985    2.78999996
   13.63527775  275.70999146    4.90999985    2.78999996
   13.63833332  249.61399841    4.90999985    2.80999994
   13.64138889  241.52000427    4.90999985    2.78999996
   13.64222240  248.85499573    4.90999985    2.78999996
   13.64527798  291.81201172    4.90999985    2.78999996
   13.64861107  264.53100586    4.90999985    2.78999996
   13.65166664  266.74798584    4.90999985    2.78999996
   13.65499973  242.62600708    4.90999985    2.78999996
   13.65833282  243.37500000    4.90999985    2.78999996
   13.66138840  236.13400269    4.90999985    2.78999996
   13.66472149  244.51699829    4.90999985    2.78999996
   13.67055607  244.51699829    4.90999985    2.78999996
   13.67472267  243.91200256    4.90999985    2.78999996
   13.67805576  239.73500061    4.90999985    2.78999996
   13.68111134  221.20399475    4.90999985    2.78999996
   13.68444443  223.24000549    4.90999985    2.78999996
   13.68777752  210.44000244    4.90999985    2.78999996
   13.69083309  211.57600403    4.90999985    2.78999996
   13.69416714  202.26600647    4.90999985    2.78999996
   13.69750023  206.54400635    4.90999985    2.80999994
   13.70055580  187.16600037    4.90999985    2.78999996
   13.70388889  200.77600098    4.90999985    2.80999994
   13.70694447  195.98699951    4.90999985    2.80999994
   13.70805550  194.26199341    4.90999985    2.80999994
   13.71361065  194.26199341    4.90999985    2.78999996
   13.71749973  203.19000244    4.90999985    2.80999994
   13.72083282  189.87199402    4.90999985    2.78999996
   13.72416592  188.77000427    4.90999985    2.80999994
   13.72722149  188.80900574    4.90999985    2.80999994
   13.73055553  196.71600342    4.90999985    2.80999994
   13.73388958  205.15400696    4.90999985    2.80999994
   13.73694515  194.71699524    4.90999985    2.80999994
   13.74027824  200.16400146    4.90999985    2.80999994
   13.74138927  212.29699707    4.90999985    2.80999994
   13.74388885  201.57600403    4.90999985    2.80999994
   13.74694443  209.54499817    4.90999985    2.78999996
   13.75027752  202.22599792    4.90999985    2.80999994
   13.75638866  202.22599792    4.90999985    2.78999996
   13.76055527  225.85800171    4.90999985    2.78999996
   13.76361084  229.28399658    4.90999985    2.78999996
   13.76694393  213.48399353    4.90999985    2.78999996
   13.77027798  208.04400635    4.90999985    2.76999998
   13.77333355  198.25799561    4.90999985    2.78999996
   13.77472210  210.19299316    4.90999985    2.78999996
   13.77722168  203.32600403    4.90999985    2.78999996
   13.78027725  206.22700500    4.90999985    2.78999996
   13.78361130  194.22300720    4.90999985    2.78999996
   13.78694534  202.63200378    4.90999985    2.78999996
   13.79000092  196.08599854    4.90999985    2.78999996
   13.79333401  199.75500488    4.90999985    2.80999994
   13.79916668  199.75500488    4.90999985    2.80999994
   13.80333328  210.07899475    4.90999985    2.78999996
   13.80666733  196.92799377    4.90999985    2.78999996
   13.80805588  210.21000671    4.90999985    2.78999996
   13.81027794  216.93899536    4.90999985    2.80999994
   13.81361103  196.73500061    4.90999985    2.91000009
   13.81666660  212.84500122    0.17000000    0.34000000
   13.81999969  214.95199585    0.13000000    0.07000000
   13.82305527  196.37800598    0.13000000    0.07000000
   13.82638836  205.86799622    0.13000000    0.07000000
   13.82972240  199.40400696    0.13000000    0.07000000
   13.83277798  200.49800110    0.13000000    0.07000000
   13.83611107  197.90800476    0.13000000    0.07000000
   13.84194374  197.90800476    0.13000000    0.07000000
   13.84611034  195.82800293    0.13000000    0.07000000
   13.84944439  209.77099609    0.13000000    0.07000000
   13.85249996  199.54400635    0.13000000    0.07000000
   13.85583401  198.78799438    0.13000000    0.07000000
   13.85916710  198.15499878    0.13000000    0.07000000
   13.86222267  196.61799622    0.13000000    0.07000000
   13.86555576  186.74000549    0.13000000    0.07000000
   13.86888885  203.40100098    0.13000000    0.07000000
   13.87194443  200.02699280    0.13000000    0.07000000
   13.87472248  200.71699524    0.13000000    0.07000000
   13.87555599  182.79299927    0.13000000    0.07000000
   13.87861156  189.79200745    0.13000000    0.07000000
   13.88500023  189.79200745    0.13000000    0.07000000
   13.88888836  208.52000427    0.13000000    0.07000000
   13.89222240  201.47799683    0.13000000    0.07000000
   13.89555550  200.58799744    0.13000000    0.07000000
   13.89888859  212.55799866    0.13000000    0.07000000
   13.90194416  231.28500366    0.13000000    0.07000000
   13.90527725  224.63600159    0.13000000    0.07000000
   13.90805531  212.63800049    0.13000000    0.07000000
   13.90888882  219.55299377    0.13000000    0.07000000
   13.91194439  237.86000061    0.13000000    0.07000000
   13.91527748  222.42300415    0.13000000    0.07000000
   13.91861153  233.00500488    0.13000000    0.07000000
   13.92166710  221.44500732    0.13000000    0.07000000
   13.92777824  221.44500732    0.13000000    0.07000000
   13.93194485  230.81900024    0.13000000    0.07000000
   13.93500042  230.28500366    0.13000000    0.07000000
   13.93833351  227.09700012    0.13000000    0.07000000
   13.94138908  231.04299927    0.13000000    0.07000000
   13.94194412  224.10600281    0.13000000    0.07000000
   13.94499969  218.88800049    0.13000000    0.07000000
   13.94833374  223.79600525    0.13000000    0.07000000
   13.95166683  224.83299255    0.13000000    0.07000000
   13.95472240  246.46699524    0.13000000    0.07000000
   13.95805550  239.67399597    0.13000000    0.07000000
   13.96111107  247.17300415    0.13000000    0.07000000
   13.96444416  216.43600464    0.13000000    0.07000000
   13.97055531  216.43600464    0.13000000    0.07000000
   13.97472191  191.08500671    0.13000000    0.07000000
   13.97527695  202.85099792    0.13000000    0.07000000
   13.97833252  195.57600403    0.13000000    0.07000000
   13.98166656  193.28599548    0.13000000    0.07000000
   13.98500061  211.31300354    0.13000000    0.07000000
   13.98805618  198.53700256    0.13000000    0.07000000
   13.99138927  216.12800598    0.13000000    0.07000000
   13.99472237  190.15100098    0.13000000    0.07000000
   13.99777794  207.59899902    0.13000000    0.07000000
   14.00111103  201.28500366    0.13000000    0.07000000
   14.00416660  205.83900452    0.13000000    0.07000000
   14.00749969  269.23001099    0.13000000    0.07000000
   14.00805569  267.78500366    0.13000000    0.07000000
   14.01333332  267.78500366    0.13000000    0.07000000
   14.01749992  197.96899414    0.13000000    0.07000000
   14.02083302  229.99699402    0.13000000    0.07000000
   14.02416611  210.36199951    0.13000000    0.07000000
   14.02722168  202.65100098    0.13000000    0.07000000
   14.03055573  217.25100708    0.13000000    0.07000000
   14.03361130  248.84800720    0.13000000    0.07000000
   14.03694534  248.68299866    0.13000000    0.07000000
   14.04027843  291.45498657    0.13000000    0.07000000
   14.04138947  297.76199341    0.13000000    0.07000000
   14.04388905  261.31600952    0.13000000    0.07000000
   14.04694462  240.04299927    0.13000000    0.07000000
   14.05027771  214.51499939    0.13000000    0.07000000
   14.05638885  214.51499939    0.13000000    0.07000000
   14.06027794  266.88400269    0.13000000    0.07000000
   14.06361103  212.70799255    0.13000000    0.07000000
   14.06694412  196.63900757    0.13000000    0.07000000
   14.07027817  271.58401489    0.13000000    0.07000000
   14.07333374  228.59800720    0.13000000    0.07000000
   14.07472229  244.52000427    0.13000000    0.07000000
   14.07694435  212.56500244    0.13000000    0.07000000
   14.07999992  265.17700195    0.13000000    0.07000000
   14.08333302  217.88999939    0.13000000    0.07000000
   14.08666611  214.71499634    0.13000000    0.07000000
   14.08972168  217.60299683    0.13000000    0.07000000
   14.09305477  223.28199768    0.13000000    0.07000000
   14.09916592  223.28199768    0.13000000    0.07000000
   14.10333347  221.29600525    0.13000000    0.07000000
   14.10638905  212.75799561    0.13000000    0.07000000
   14.10805607  210.04400635    0.13000000    0.07000000
   14.11000061  221.66299438    0.13000000    0.07000000
   14.11305618  217.32800293    0.13000000    0.07000000
   14.11638927  217.11999512    0.13000000    0.07000000
   14.11972237  215.63499451    0.13000000    0.07000000
   14.12277794  228.02200317    0.13000000    0.07000000
   14.12611103  215.05000305    0.13000000    0.07000000
   14.12944412  217.03700256    0.13000000    0.07000000
   14.13249969  209.15100098    0.13000000    0.07000000
   14.13583279  208.96099854    0.13000000    0.07000000
   14.15861034  226.29499817    0.13000000    0.07000000
   14.15888882  211.39300537    0.13000000    0.07000000
   14.16222191  215.08599854    0.13000000    0.07000000
   14.16555500  215.97799683    0.13000000    0.07000000
   14.16861153  225.14599609    0.13000000    0.07000000
   14.17194462  219.61500549    0.13000000    0.07000000
   14.17472267  214.58299255    0.13000000    0.07000000
   14.17555618  210.22099304    0.13000000    0.07000000
   14.17861176  211.39999390    0.13000000    0.07000000
   14.18500042  211.39999390    0.13000000    0.07000000
   14.18888855  213.45700073    0.13000000    0.07000000
   14.19222260  206.07400513    0.13000000    0.07000000
   14.19555569  209.38999939    0.13000000    0.07000000
   14.19861126  204.77999878    0.13000000    0.07000000
   14.20194435  213.21400452    0.13000000    0.07000000
   14.20527744  193.34500122    0.13000000    0.07000000
   14.20805550  206.20199585    0.13000000    0.07000000
   14.20888901  209.53300476    0.13000000    0.07000000
   14.21222210  208.15699768    0.13000000    0.07000000
   14.21527767  205.38499451    0.13000000    0.07000000
   14.21861076  210.33099365    0.13000000    0.07000000
   14.22166634  214.89199829    0.13000000    0.07000000
   14.22777748  214.89199829    0.13000000    0.07000000
   14.23194408  230.79200745    0.13000000    0.07000000
   14.23500061  198.30700684    0.13000000    0.07000000
   14.23833370  213.14199829    0.13000000    0.07000000
   14.24138927  222.19500732    0.13000000    0.07000000
   14.24194431  206.47900391    0.13000000    0.07000000
   14.24527836  197.90800476    0.13000000    0.07000000
   14.24833393  201.00599670    0.13000000    0.07000000
   14.25166702  200.63900757    0.13000000    0.07000000
   14.25500011  191.21099854    0.13000000    0.07000000
   14.25805569  212.21000671    0.13000000    0.07000000
   14.26138878  198.01899719    0.13000000    0.07000000
   14.26472187  197.16299438    0.13000000    0.07000000
   14.27055550  197.16299438    0.13000000    0.07000000
   14.27472210  196.52699280    0.13000000    0.07000000
   14.27527714  193.10800171    0.13000000    0.07000000
   14.27833271  190.75700378    0.13000000    0.07000000
   14.28166676  189.44400024    0.13000000    0.07000000
   14.28500080  197.61799622    0.13000000    0.07000000
   14.28805637  188.09500122    0.13000000    0.07000000
   14.29138947  193.55599976    0.13000000    0.07000000
   14.29472256  197.97999573    0.13000000    0.07000000
   14.29777813  221.52200317    0.13000000    0.07000000
   14.30111122  208.63000488    0.13000000    0.07000000
   14.30416679  201.74299622    0.13000000    0.07000000
   14.30749989  199.52299500    0.13000000    0.07000000
   14.30861092  200.14799500    0.13000000    0.07000000
   14.31333351  200.14799500    0.13000000    0.07000000
   14.31750011  207.71699524    0.13000000    0.07000000
   14.32083321  211.30799866    0.13000000    0.07000000
   14.32388878  205.70500183    0.13000000    0.07000000
   14.32722187  200.75399780    0.13000000    0.07000000
   14.33055592  211.46800232    0.13000000    0.07000000
   14.33361053  209.16900635    0.13000000    0.07000000
   14.33694458  217.10200500    0.13000000    0.07000000
   14.34027767  210.04499817    0.13000000    0.07000000
   14.34194374  220.20799255    0.13000000    0.07000000
   14.34361076  214.05999756    0.13000000    0.07000000
   14.34694386  219.66700745    0.13000000    0.07000000
   14.35027790  212.38099670    0.13000000    0.07000000
   14.35611153  212.38099670    0.13000000    0.07000000
   14.36027813  210.83099365    0.13000000    0.07000000
   14.36361122  220.30700684    0.13000000    0.07000000
   14.36694431  209.00500488    0.13000000    0.07000000
   14.36999989  208.88400269    0.13000000    0.07000000
   14.37333393  222.10299683    0.13000000    0.07000000
   14.37527752  208.15800476    0.13000000    0.07000000
   14.37666702  219.75000000    0.13000000    0.07000000
   14.38000011  212.54299927    0.13000000    0.07000000
   14.38333321  214.69200134    0.13000000    0.07000000
   14.38638878  216.56599426    0.13000000    0.07000000
   14.38972187  214.13299561    0.13000000    0.07000000
   14.39305496  220.34899902    0.13000000    0.07000000
   14.39916611  220.34899902    0.13000000    0.07000000
   14.40333271  232.52099609    0.13000000    0.07000000
   14.40638828  246.54600525    0.13000000    0.07000000
   14.40861034  228.42399597    0.13000000    0.07000000
   14.41027737  215.21000671    0.13000000    0.07000000
   14.41333294  218.74200439    0.13000000    0.07000000
   14.41666698  208.49400330    0.13000000    0.07000000
   14.41972256  202.94999695    0.13000000    0.07000000
   14.42305565  209.19599915    0.13000000    0.07000000
   14.42638874  198.61099243    0.13000000    0.07000000
   14.42944431  211.08500671    0.13000000    0.07000000
   14.43277836  204.47500610    0.13000000    0.07000000
   14.43611145  203.08099365    0.13000000    0.07000000
   14.44194412  203.08099365    0.13000000    0.07000000
   14.44611073  207.02900696    0.13000000    0.07000000
   14.44916630  200.05299377    0.13000000    0.07000000
   14.45249939  210.29499817    0.13000000    0.07000000
   14.45583344  197.12899780    0.13000000    0.07000000
   14.45888901  195.12199402    0.13000000    0.07000000
   14.46222210  195.62699890    0.13000000    0.07000000
   14.46555519  199.92999268    0.13000000    0.07000000
   14.46861076  198.71600342    0.13000000    0.07000000
   14.47194386  193.69799805    0.13000000    0.07000000
   14.47499943  199.97300720    0.13000000    0.07000000
   14.47555542  205.34300232    0.13000000    0.07000000
   14.47888851  195.20199585    0.13000000    0.07000000
   14.48472214  195.20199585    0.13000000    0.07000000
   14.48888874  184.74099731    0.13000000    0.07000000
   14.49222279  208.48899841    0.13000000    0.07000000
   14.49527836  188.83999634    0.13000000    0.07000000
   14.49861145  205.75500488    0.13000000    0.07000000
   14.50194454  189.66499329    0.13000000    0.07000000
   14.50500011  202.55400085    0.13000000    0.07000000
   14.50833321  207.33999634    0.13000000    0.07000000
   14.50888920  214.92399597    0.13000000    0.07000000
   14.51194477  255.16499329    0.13000000    0.07000000
   14.51527786  260.34799194    0.13000000    0.07000000
   14.51833344  226.88499451    0.13000000    0.07000000
   14.52166653  263.88198853    0.13000000    0.07000000
   14.52750015  263.88198853    0.13000000    0.07000000
   14.53166676  237.75399780    0.13000000    0.07000000
   14.53500080  225.94099426    0.13000000    0.07000000
   14.53833389  209.51800537    0.13000000    0.07000000
   14.54138947  217.94200134    0.13000000    0.07000000
   14.54222298  264.19500732    0.13000000    0.07000000
   14.54500008  284.97799683    0.13000000    0.07000000
   14.54833412  306.51300049    0.13000000    0.07000000
   14.55138874  282.32299805    0.13000000    0.07000000
   14.55472279  321.21301270    0.13000000    0.07000000
   14.55777836  232.78500366    0.13000000    0.07000000
   14.56111145  242.25700378    0.13000000    0.07000000
   14.56444454  230.32600403    0.13000000    0.07000000
   14.57055569  230.32600403    0.13000000    0.07000000
   14.57472229  191.60800171    0.13000000    0.07000000
   14.57555580  196.06300354    0.13000000    0.07000000
   14.57833290  193.56100464    0.13000000    0.07000000
   14.58166695  198.73399353    0.13000000    0.07000000
   14.58472157  204.73500061    0.13000000    0.07000000
   14.58805561  202.43800354    0.13000000    0.07000000
   14.59111118  205.32299805    0.13000000    0.07000000
   14.59444427  196.46499634    0.13000000    0.07000000
   14.59777737  198.56500244    0.13000000    0.07000000
   14.60083389  185.72000122    0.13000000    0.07000000
   14.60416698  192.66299438    0.13000000    0.07000000
   14.60750008  191.75599670    0.13000000    0.07000000
   14.60888958  193.69700623    0.13000000    0.07000000
   14.61333370  193.69700623    0.13000000    0.07000000
   14.61750031  190.83500671    0.13000000    0.07000000
   14.62083340  188.44900513    0.13000000    0.07000000
   14.62388897  170.99099731    0.13000000    0.07000000
   14.62722206  191.37100220    0.13000000    0.07000000
   14.63027763  198.55099487    0.13000000    0.07000000
   14.63361073  182.67199707    0.13000000    0.07000000
   14.63694477  186.92999268    0.13000000    0.07000000
   14.64000034  187.08999634    0.13000000    0.07000000
   14.64222240  186.77799988    0.13000000    0.07000000
   14.64361095  186.24800110    0.13000000    0.07000000
   14.64694405  198.80400085    0.13000000    0.07000000
   14.64999962  201.04699707    0.13000000    0.07000000
   14.65611076  201.04699707    0.13000000    0.07000000
   14.66027737  193.77699280    0.13000000    0.07000000
   14.66361046  187.00799561    0.13000000    0.07000000
   14.66666698  187.77299500    0.13000000    0.07000000
   14.67000008  183.65499878    0.13000000    0.07000000
   14.67333412  194.45300293    0.13000000    0.07000000
   14.67555618  174.20399475    0.13000000    0.07000000
   14.67694473  179.28599548    0.13000000    0.07000000
   14.68027782  193.78599548    0.13000000    0.07000000
   14.68333340  198.48899841    0.13000000    0.07000000
   14.68666649  203.06100464    0.13000000    0.07000000
   14.68972206  210.06300354    0.13000000    0.07000000
   14.69305515  182.36399841    0.13000000    0.07000000
   14.69888878  182.36399841    0.13000000    0.07000000
   14.70305538  191.20399475    0.13000000    0.07000000
   14.70638847  189.57899475    0.13000000    0.07000000
   14.70888901  196.44799805    0.13000000    0.07000000
   14.71000004  191.80400085    0.13000000    0.07000000
   14.71333313  191.31900024    0.13000000    0.07000000
   14.71638870  196.47799683    0.13000000    0.07000000
   14.71972179  189.19500732    0.13000000    0.07000000
   14.72277737  198.46699524    0.13000000    0.07000000
   14.72611046  208.33700562    0.13000000    0.07000000
   14.72944355  204.72900391    0.13000000    0.07000000
   14.73249912  189.38099670    0.13000000    0.07000000
   14.73583317  191.74099731    0.13000000    0.07000000
   14.74194431  191.74099731    0.13000000    0.07000000
   14.74611092  201.40800476    0.13000000    0.07000000
   14.74916649  194.73800659    0.13000000    0.07000000
   14.75249958  189.15400696    0.13000000    0.07000000
   14.75555515  189.00000000    0.13000000    0.07000000
   14.75888920  194.87899780    0.13000000    0.07000000
   14.76222229  198.05599976    0.13000000    0.07000000
   14.76527786  190.72500610    0.13000000    0.07000000
   14.76861095  198.04499817    0.13000000    0.07000000
   14.77194405  167.02999878    0.13000000    0.07000000
   14.77499962  165.24400330    0.13000000    0.07000000
   14.77694416  193.56100464    0.13000000    0.07000000
   14.77861118  196.59599304    0.13000000    0.07000000
   14.78472233  196.59599304    0.13000000    0.07000000
   14.78888893  167.69999695    0.13000000    0.07000000
   14.79194450  180.69500732    0.13000000    0.07000000
   14.79527855  192.85200500    0.13000000    0.07000000
   14.79861164  189.82699585    0.13000000    0.07000000
   14.80166721  196.62899780    0.13000000    0.07000000
   14.80500031  186.30900574    0.13000000    0.07000000
   14.80833340  188.60099792    0.13000000    0.07000000
   14.81027794  196.14999390    0.13000000    0.07000000
   14.81166649  185.89399719    0.13000000    0.07000000
   14.81500053  196.04499817    0.13000000    0.07000000
   14.81833363  194.95899963    0.13000000    0.07000000
   14.82138920  185.95700073    0.13000000    0.07000000
   14.82750034  185.95700073    0.13000000    0.07000000
   14.83166695  183.24299622    0.13000000    0.07000000
   14.83500004  175.46200562    0.13000000    0.07000000
   14.83805561  176.08000183    0.13000000    0.07000000
   14.84138870  175.53799438    0.13000000    0.07000000
   14.84388828  180.15600586    0.13000000    0.07000000
   14.84499931  171.45300293    0.13000000    0.07000000
   14.84833336  175.91000366    0.13000000    0.07000000
   14.85138893  183.77299500    0.13000000    0.07000000
   14.85472298  178.78500366    0.13000000    0.07000000
   14.85805607  164.78300476    0.13000000    0.07000000
   14.86111164  177.60499573    0.13000000    0.07000000
   14.86444473  177.48599243    0.13000000    0.07000000
   14.87027836  177.48599243    0.13000000    0.07000000
   14.87444496  187.18800354    0.13000000    0.07000000
   14.87694454  190.89100647    0.13000000    0.07000000
   14.87805557  193.16200256    0.13000000    0.07000000
   14.88138866  187.42500305    0.13000000    0.07000000
   14.88444424  189.89399719    0.13000000    0.07000000
   14.88777733  175.37300110    0.13000000    0.07000000
   14.89111137  177.98599243    0.13000000    0.07000000
   14.89416695  181.10600281    0.13000000    0.07000000
   14.89750004  176.64599609    0.13000000    0.07000000
   14.90055561  187.93299866    0.13000000    0.07000000
   14.90388870  184.33900452    0.13000000    0.07000000
   14.90722179  182.85099792    0.13000000    0.07000000
   14.91333294  182.85099792    0.13000000    0.07000000
   14.91750050  182.64599609    0.13000000    0.07000000
   14.92055607  173.09800720    0.13000000    0.07000000
   14.92388916  178.67199707    0.13000000    0.07000000
   14.92722225  183.70599365    0.13000000    0.07000000
   14.93027782  190.10499573    0.13000000    0.07000000
   14.93361092  186.49600220    0.13000000    0.07000000
   14.93694496  179.75399780    0.13000000    0.07000000
   14.94000053  185.98599243    0.13000000    0.07000000
   14.94333363  187.28999329    0.13000000    0.07000000
   14.94416714  191.58799744    0.13000000    0.07000000
   14.94694424  188.39199829    0.13000000    0.07000000
   14.94999981  201.38400269    0.13000000    0.07000000
   14.95611095  201.38400269    0.13000000    0.07000000
   14.96027756  209.22700500    0.13000000    0.07000000
   14.96361065  197.40199280    0.13000000    0.07000000
   14.96666622  200.85899353    0.13000000    0.07000000
   14.96999931  202.18699646    0.13000000    0.07000000
   14.97305489  210.93299866    0.13000000    0.07000000
   14.97638798  219.05599976    0.13000000    0.07000000
   14.97749996  210.55900574    0.13000000    0.07000000
   14.97999954  231.33500671    0.13000000    0.07000000
   14.98305511  237.24899292    0.13000000    0.07000000
   14.98638916  233.76800537    0.13000000    0.07000000
   14.98972225  249.47200012    0.13000000    0.07000000
   14.99277782  248.97900391    0.13000000    0.07000000
   14.99888897  248.97900391    0.13000000    0.07000000
   15.00305557  272.27099609    0.13000000    0.07000000
   15.00638866  283.94799805    0.13000000    0.07000000
   15.00944424  257.64599609    0.13000000    0.07000000
   15.01111126  272.86999512    0.13000000    0.07000000
   15.01333332  261.43200684    0.13000000    0.07000000
   15.01638889  271.81698608    0.13000000    0.07000000
   15.01972198  283.81600952    0.13000000    0.07000000
   15.02277756  294.09100342    0.13000000    0.07000000
   15.02611065  262.35198975    0.13000000    0.07000000
   15.02944374  266.56298828    0.13000000    0.07000000
   15.03249931  276.94400024    0.13000000    0.07000000
   15.03583336  244.13099670    0.13000000    0.07000000
   15.04166698  244.13099670    0.13000000    0.07000000
   15.04583359  259.06600952    0.13000000    0.07000000
   15.04916668  273.20001221    0.13000000    0.07000000
   15.05249977  275.01199341    0.13000000    0.07000000
   15.05555534  254.37300110    0.13000000    0.07000000
   15.05888939  265.51998901    0.13000000    0.07000000
   15.06194496  276.96200562    0.13000000    0.07000000
   15.06527805  270.46499634    0.13000000    0.07000000
   15.06861115  269.27398682    0.13000000    0.07000000
   15.07166672  249.30400085    0.13000000    0.07000000
   15.07499981  243.23899841    0.13000000    0.07000000
   15.07777786  257.96398926    0.13000000    0.07000000
   15.07833290  265.75698853    0.13000000    0.07000000
   15.08472157  265.75698853    0.13000000    0.07000000
   15.08888817  278.77398682    0.13000000    0.07000000
   15.09194374  294.60198975    0.13000000    0.07000000
   15.09527779  289.57800293    0.13000000    0.07000000
   15.09833336  304.84500122    0.13000000    0.07000000
   15.10166740  326.15100098    0.13000000    0.07000000
   15.10500050  302.08099365    0.13000000    0.07000000
   15.10805607  294.56500244    0.13000000    0.07000000
   15.11111164  295.48599243    0.13000000    0.07000000
   15.11166668  274.15701294    0.13000000    0.07000000
   15.11500072  294.60800171    0.13000000    0.07000000
   15.11833382  309.72399902    0.13000000    0.07000000
   15.12138939  282.85198975    0.13000000    0.07000000
   15.12750053  282.85198975    0.13000000    0.07000000
   15.13166714  263.10598755    0.13000000    0.07000000
   15.13500023  283.58200073    0.13000000    0.07000000
   15.13805580  280.92700195    0.13000000    0.07000000
   15.14138889  296.19400024    0.13000000    0.07000000
   15.14444447  296.04098511    0.13000000    0.07000000
   15.14472198  282.30599976    0.13000000    0.07000000
   15.14805508  271.28100586    0.13000000    0.07000000
   15.15138817  295.36199951    0.13000000    0.07000000
   15.15444374  250.94599915    0.13000000    0.07000000
   15.15777779  289.32699585    0.13000000    0.07000000
   15.17944431  289.32699585    0.13000000    0.07000000
   15.18361092  261.67800903    0.13000000    0.07000000
   15.18694496  244.82099915    0.13000000    0.07000000
   15.19000053  270.97399902    0.13000000    0.07000000
   15.19333363  255.30200195    0.13000000    0.07000000
   15.19638920  238.43499756    0.13000000    0.07000000
   15.19972229  249.33900452    0.13000000    0.07000000
   15.20305538  238.00300598    0.13000000    0.07000000
   15.20611095  257.29998779    0.13000000    0.07000000
   15.20944405  268.15200806    0.13000000    0.07000000
   15.21138859  252.72200012    0.13000000    0.07000000
   15.21305561  254.51300049    0.13000000    0.07000000
   15.21638870  271.76000977    0.13000000    0.07000000
   15.22222137  271.76000977    0.13000000    0.07000000
   15.22638798  285.44699097    0.13000000    0.07000000
   15.22944355  258.35101318    0.13000000    0.07000000
   15.23277760  281.79598999    0.13000000    0.07000000
   15.23611164  236.62500000    0.13000000    0.07000000
   15.23916721  271.45498657    0.13000000    0.07000000
   15.24250031  266.29098511    0.13000000    0.07000000
   15.24472237  255.02499390    0.13000000    0.07000000
   15.24611092  243.41299438    0.13000000    0.07000000
   15.24944496  259.49899292    0.13000000    0.07000000
   15.25277805  262.32101440    0.13000000    0.07000000
   15.25583363  271.55700684    0.13000000    0.07000000
   15.25916672  277.19400024    0.13000000    0.07000000
   15.26500034  277.19400024    0.13000000    0.07000000
   15.26916599  260.25201416    0.13000000    0.07000000
   15.27250004  237.17599487    0.13000000    0.07000000
   15.27555561  241.91700745    0.13000000    0.07000000
   15.27805519  263.32998657    0.13000000    0.07000000
   15.27916622  230.75999451    0.13000000    0.07000000
   15.28249931  289.42498779    0.13000000    0.07000000
   15.28583336  274.61700439    0.13000000    0.07000000
   15.28888893  270.93099976    0.13000000    0.07000000
   15.29222298  252.94200134    0.13000000    0.07000000
   15.29527855  264.20199585    0.13000000    0.07000000
   15.29861164  263.58401489    0.13000000    0.07000000
   15.30194473  264.19900513    0.13000000    0.07000000
   15.30777836  264.19900513    0.13000000    0.07000000
   15.31194496  248.13800049    0.13000000    0.07000000
   15.31527805  236.38400269    0.13000000    0.07000000
   15.31861115  239.10299683    0.13000000    0.07000000
   15.32166672  254.75000000    0.13000000    0.07000000
   15.32499981  275.10101318    0.13000000    0.07000000
   15.32805538  249.61300659    0.13000000    0.07000000
   15.33138847  264.36700439    0.13000000    0.07000000
   15.33472157  244.87100220    0.13000000    0.07000000
   15.33777714  246.26300049    0.13000000    0.07000000
   15.34111118  224.69200134    0.13000000    0.07000000
   15.34444427  242.02299500    0.13000000    0.07000000
   15.34472179  250.30700684    0.13000000    0.07000000
   15.35083389  250.30700684    0.13000000    0.07000000
   15.35500050  252.22799683    0.13000000    0.07000000
   15.35805607  251.14799500    0.13000000    0.07000000
   15.36138916  253.58999634    0.13000000    0.07000000
   15.36444473  250.62600708    0.13000000    0.07000000
   15.36777782  241.69799805    0.13000000    0.07000000
   15.37111092  242.33799744    0.13000000    0.07000000
   15.37416649  244.18800354    0.13000000    0.07000000
   15.37750053  213.04200745    0.13000000    0.07000000
   15.37805557  224.55599976    0.13000000    0.07000000
   15.38111115  241.74299622    0.13000000    0.07000000
   15.38444424  233.55499268    0.13000000    0.07000000
   15.38749981  250.76100159    0.13000000    0.07000000
   15.39361095  250.76100159    0.13000000    0.07000000
   15.39777756  237.92399597    0.13000000    0.07000000
   15.40083313  220.42900085    0.13000000    0.07000000
   15.40416622  337.14401245    0.13000000    0.07000000
   15.40749931  310.22000122    0.13000000    0.07000000
   15.41055489  386.38400269    0.13000000    0.07000000
   15.41138840  347.24200439    0.13000000    0.07000000
   15.41416645  338.41101074    0.13000000    0.07000000
   15.41750050  317.89599609    0.13000000    0.07000000
   15.42055607  321.27899170    0.13000000    0.07000000
   15.42388916  373.82901001    0.13000000    0.07000000
   15.42722225  317.50601196    0.13000000    0.07000000
   15.43027782  263.95098877    0.13000000    0.07000000
   15.43638897  263.95098877    0.13000000    0.07000000
   15.44055557  291.44601440    0.13000000    0.07000000
   15.44388866  251.07499695    0.13000000    0.07000000
   15.44472218  245.98599243    0.13000000    0.07000000
   15.44750023  262.63500977    0.13000000    0.07000000
   15.45083332  285.29501343    0.13000000    0.07000000
   15.45388889  279.87100220    0.13000000    0.07000000
   15.45722198  253.12699890    0.13000000    0.07000000
   15.46055508  264.47698975    0.13000000    0.07000000
   15.46361065  253.59399414    0.13000000    0.07000000
   15.46694374  244.58700562    0.13000000    0.07000000
   15.46999931  239.01699829    0.13000000    0.07000000
   15.47333336  243.52000427    0.13000000    0.07000000
   15.47916603  243.52000427    0.13000000    0.07000000
   15.48333359  224.44099426    0.13000000    0.07000000
   15.48666668  222.39700317    0.13000000    0.07000000
   15.48972225  224.50900269    0.13000000    0.07000000
   15.49305534  224.75399780    0.13000000    0.07000000
   15.49638939  207.32099915    0.13000000    0.07000000
   15.49944496  222.14500427    0.13000000    0.07000000
   15.50277805  211.66400146    0.13000000    0.07000000
   15.50611115  219.44999695    0.13000000    0.07000000
   15.50916672  216.67399597    0.13000000    0.07000000
   15.51138878  221.17900085    0.13000000    0.07000000
   15.51277733  197.66200256    0.13000000    0.07000000
   15.51611137  202.39900208    0.13000000    0.07000000
   15.52222157  202.39900208    0.13000000    0.07000000
   15.52611065  204.63499451    0.13000000    0.07000000
   15.52944374  206.22200012    0.13000000    0.07000000
   15.53277779  212.03399658    0.13000000    0.07000000
   15.53583336  210.25599670    0.13000000    0.07000000
   15.53916740  208.91400146    0.13000000    0.07000000
   15.54250050  200.37199402    0.13000000    0.07000000
   15.54472256  188.94500732    0.13000000    0.07000000
   15.54583359  215.63000488    0.13000000    0.07000000
   15.54916668  195.02600098    0.13000000    0.07000000
   15.55222225  203.65899658    0.13000000    0.07000000
   15.55555534  202.08700562    0.13000000    0.07000000
   15.55888939  210.22999573    0.13000000    0.07000000
   15.56500053  210.22999573    0.13000000    0.07000000
   15.56916618  201.35200500    0.13000000    0.07000000
   15.57222176  206.11099243    0.13000000    0.07000000
   15.57555580  208.35400391    0.13000000    0.07000000
   15.57805538  195.24600220    0.13000000    0.07000000
   15.57916641  201.52400208    0.13000000    0.07000000
   15.58249950  206.86900330    0.13000000    0.07000000
   15.58555508  183.40100098    0.13000000    0.07000000
   15.58888817  191.96200562    0.13000000    0.07000000
   15.59222221  196.31300354    0.13000000    0.07000000
   15.59527779  202.52600098    0.13000000    0.07000000
   15.59861088  190.79400635    0.13000000    0.07000000
   15.60194492  181.77099609    0.13000000    0.07000000
   15.60777855  181.77099609    0.13000000    0.07000000
   15.61194515  199.66299438    0.13000000    0.07000000
   15.61527824  187.16900635    0.13000000    0.07000000
   15.61833382  192.64399719    0.13000000    0.07000000
   15.62166691  183.02400208    0.13000000    0.07000000
   15.62472248  183.76300049    0.13000000    0.07000000
   15.62805557  191.35699463    0.13000000    0.07000000
   15.63138866  199.16099548    0.13000000    0.07000000
   15.63444424  196.38499451    0.13000000    0.07000000
   15.63777733  207.40299988    0.13000000    0.07000000
   15.64111137  196.32600403    0.13000000    0.07000000
   15.64416695  196.15899658    0.13000000    0.07000000
   15.64499950  197.51199341    0.13000000    0.07000000
   15.65055561  197.51199341    0.13000000    0.07000000
   15.65472221  187.49600220    0.13000000    0.07000000
   15.65805531  198.52999878    0.13000000    0.07000000
   15.66111088  199.33500671    0.13000000    0.07000000
   15.66444397  196.88800049    0.13000000    0.07000000
   15.66777802  203.21699524    0.13000000    0.07000000
   15.67083359  182.29800415    0.13000000    0.07000000
   15.67416668  205.14700317    0.13000000    0.07000000
   15.67750072  192.19200134    0.13000000    0.07000000
   15.67833328  201.56500244    0.13000000    0.07000000
   15.68083382  184.08500671    0.13000000    0.07000000
   15.68416691  208.89399719    0.13000000    0.07000000
   15.68722248  216.21699524    0.13000000    0.07000000
   15.69361115  216.21699524    0.13000000    0.07000000
   15.69750023  221.65499878    0.13000000    0.07000000
   15.70083332  220.46899414    0.13000000    0.07000000
   15.70416641  223.50000000    0.13000000    0.07000000
   15.70722198  231.09700012    0.13000000    0.07000000
   15.71055508  220.94500732    0.13000000    0.07000000
   15.71166611  228.49499512    0.13000000    0.07000000
   15.71416664  210.26800537    0.13000000    0.07000000
   15.71749973  215.60400391    0.13000000    0.07000000
   15.72055531  197.66000366    0.13000000    0.07000000
   15.72388840  214.14700317    0.13000000    0.07000000
   15.72722149  196.60299683    0.13000000    0.07000000
   15.73027706  196.27400208    0.13000000    0.07000000
   15.73638916  196.27400208    0.13000000    0.07000000
   15.74055576  177.11099243    0.13000000    0.07000000
   15.74361134  208.99299622    0.13000000    0.07000000
   15.74499989  203.31399536    0.13000000    0.07000000
   15.74722290  210.02600098    0.13000000    0.07000000
   15.75055599  205.65800476    0.13000000    0.07000000
   15.75361156  208.38699341    0.13000000    0.07000000
   15.75694466  195.96499634    0.13000000    0.07000000
   15.76027775  201.68899536    0.13000000    0.07000000
   15.76333332  206.30700684    0.13000000    0.07000000
   15.76666641  209.89300537    0.13000000    0.07000000
   15.76999950  202.14300537    0.13000000    0.07000000
   15.77305508  203.36999512    0.13000000    0.07000000
   15.77916622  203.36999512    0.13000000    0.07000000
