    HOUR (UT)   FLARE FACTOR    SKY TESTER    SUN TESTER
   12.14611053   -1.00000000   -1.00000000   -1.00000000
   12.19888878  231.93200684    0.00000000    0.00000000
   12.20277786  213.40100098    0.00000000    0.00000000
   12.20666695  226.26100159    0.00000000    0.00000000
   12.21111107  216.47799683    0.00000000    0.00000000
   12.21444416  229.21600342    0.00000000    0.00000000
   12.21749973  234.53500366    0.00000000    0.00000000
   12.22083282  236.99200439    0.00000000    0.00000000
   12.22416592  244.88299561    0.00000000    0.00000000
   12.22722149  245.13699341    0.00000000    0.00000000
   12.23055553  238.16900635    0.00000000    0.00000000
   12.23222160  235.24000549    0.00000000    0.00000000
   12.23416710  248.55000305    0.00000000    0.00000000
   12.23722267  248.09100342    0.00000000    0.00000000
   12.24055576  222.34899902    0.00000000    0.00000000
   12.24361134  150.96099854    0.00000000    0.00000000
   12.24694443  227.37600708    0.00000000    0.00000000
   12.25027752  241.53700256    0.00000000    0.00000000
   12.25361156  246.48500061    0.00000000    0.00000000
   12.25666714  229.85699463    0.00000000    0.00000000
   12.26000023  239.51699829    0.00000000    0.00000000
   12.26305580  231.29499817    0.00000000    0.00000000
   12.26555538  233.16900635    0.00000000    0.00000000
   12.26694393  225.54400635    0.00000000    0.00000000
   12.26999950  231.48699951    0.00000000    0.00000000
   12.27333355  230.83999634    0.00000000    0.00000000
   12.27638817  226.05499268    0.00000000    0.00000000
   12.27972221  223.77099609    0.00000000    0.00000000
   12.28305531  228.81700134    0.00000000    0.00000000
   12.28611183  234.40400696    0.00000000    0.00000000
   12.28944492  238.32200623    0.00000000    0.00000000
   12.29250050  225.60400391    0.00000000    0.00000000
   12.29583359  219.68699646    0.00000000    0.00000000
   12.29888916  220.27699280    0.00000000    0.00000000
   12.29944515  232.97099304    0.00000000    0.00000000
   12.30277824  235.52299500    0.00000000    0.00000000
   12.30611134  217.30599976    0.00000000    0.00000000
   12.30916691  217.80099487    0.00000000    0.00000000
   12.31250000  221.31399536    0.00000000    0.00000000
   12.31583309  229.44900513    0.00000000    0.00000000
   12.31888866  215.21099854    0.00000000    0.00000000
   12.32222176  226.00500488    0.00000000    0.00000000
   12.32527733  241.46200562    0.00000000    0.00000000
   12.32861137  220.24600220    0.00000000    0.00000000
   12.33194447  215.60800171    0.00000000    0.00000000
   12.33249950  210.49400330    0.00000000    0.00000000
   12.33555508  217.95399475    0.00000000    0.00000000
   12.33888817  220.84100342    0.00000000    0.00000000
   12.34222221  226.98399353    0.00000000    0.00000000
   12.34527779  207.50199890    0.00000000    0.00000000
   12.34861088  217.33599854    0.00000000    0.00000000
   12.35166740  207.65299988    0.00000000    0.00000000
   12.35500050  219.38600159    0.00000000    0.00000000
   12.35833359  202.64500427    0.00000000    0.00000000
   12.36138916  214.91099548    0.00000000    0.00000000
   12.36472225  210.22200012    0.00000000    0.00000000
   12.36583328  217.62199402    0.00000000    0.00000000
   12.36833382  214.07000732    0.00000000    0.00000000
   12.37166691  214.53700256    0.00000000    0.00000000
   12.37500000  215.60400391    0.00000000    0.00000000
   12.37805557  205.33599854    0.00000000    0.00000000
   12.38138866  208.99600220    0.00000000    0.00000000
   12.38444424  207.83500671    0.00000000    0.00000000
   12.38777733  203.24000549    0.00000000    0.00000000
   12.39111137  192.86300659    0.00000000    0.00000000
   12.39416695  216.43600464    0.00000000    0.00000000
   12.39750004  199.72300720    0.00000000    0.00000000
   12.39916611  187.96200562    0.00000000    0.00000000
   12.40111065  216.77799988    0.00000000    0.00000000
   12.40444374  225.79299927    0.00000000    0.00000000
   12.40777779  226.59399414    0.00000000    0.00000000
   12.41083336  216.64500427    0.00000000    0.00000000
   12.41416645  214.87500000    0.00000000    0.00000000
   12.41722298  212.96000671    0.00000000    0.00000000
   12.42055607  239.02699280    0.00000000    0.00000000
   12.42388916  255.14599609    0.00000000    0.00000000
   12.42694473  231.89399719    0.00000000    0.00000000
   12.43027782  230.47399902    0.00000000    0.00000000
   12.43249989  202.57899475    0.00000000    0.00000000
   12.43388939  219.43200684    0.00000000    0.00000000
   12.43722248  213.50399780    0.00000000    0.00000000
   12.44055557  229.50999451    0.00000000    0.00000000
   12.44361115  228.52600098    0.00000000    0.00000000
   12.44694424  216.55599976    0.00000000    0.00000000
   12.44999981  229.55599976    0.00000000    0.00000000
   12.45333290  214.12300110    0.00000000    0.00000000
   12.45666695  214.69700623    0.00000000    0.00000000
   12.45972157  209.52900696    0.00000000    0.00000000
   12.46305561  230.55400085    0.00000000    0.00000000
   12.46583271  223.46200562    0.00000000    0.00000000
   12.46666622  228.67700195    0.00000000    0.00000000
   12.46999931  204.80900574    0.00000000    0.00000000
   12.47333336  204.10600281    0.00000000    0.00000000
   12.57499981   -1.00000000   -1.00000000   -1.00000000
   12.67111111   -1.00000000   -1.00000000   -1.00000000
   12.77083302   -1.00000000   -1.00000000   -1.00000000
   12.81416702  214.22700500    0.00000000    0.00000000
   12.81750011  371.87701416    0.00000000    0.00000000
   12.81944466  396.98999023    0.00000000    0.00000000
   12.82055569  392.39999390    0.00000000    0.00000000
   12.82194424  394.41400146    0.00000000    0.00000000
   12.82333374  383.12701416    0.00000000    0.00000000
   12.82472229  436.69799805    0.00000000    0.00000000
   12.82611084  417.35800171    0.00000000    0.00000000
   12.82750034  442.32299805    0.00000000    0.00000000
   12.82888889  401.83999634    0.00000000    0.00000000
   12.83027744  421.68200684    0.00000000    0.00000000
   12.83166695  394.25601196    0.00000000    0.00000000
   12.83333302  452.64999390    0.00000000    0.00000000
   12.83444405  467.46798706    0.00000000    0.00000000
   12.83583260  317.02301025    0.00000000    0.00000000
   12.83749962  436.51599121    0.00000000    0.00000000
   12.83888817  383.60101318    0.00000000    0.00000000
   12.84027767  367.85299683    0.00000000    0.00000000
   12.84138870  453.08200073    0.00000000    0.00000000
   12.84277725  381.89300537    0.00000000    0.00000000
   12.84416676  427.63598633    0.00000000    0.00000000
   12.84583282  403.89498901    0.00000000    0.00000000
   12.84722233  381.79699707    0.00000000    0.00000000
   12.84861088  360.23001099    0.00000000    0.00000000
   12.84972191  421.02398682    0.00000000    0.00000000
   12.85111141  385.14199829    0.00000000    0.00000000
   12.85277843  356.41799927    0.00000000    0.00000000
   12.85416698  414.44400024    0.00000000    0.00000000
   12.85555553  469.40798950    0.00000000    0.00000000
   12.85694504  458.54199219    0.00000000    0.00000000
   12.85805607  447.48699951    0.00000000    0.00000000
   12.85944462  440.90499878    0.00000000    0.00000000
   12.86111164  398.83300781    0.00000000    0.00000000
   12.86222267  394.35101318    0.00000000    0.00000000
   12.86361122  368.62298584    0.00000000    0.00000000
   12.86500072  387.56399536    0.00000000    0.00000000
   12.86666679  377.41198730    0.00000000    0.00000000
   12.86777782  324.83200073    0.00000000    0.00000000
   12.86944485  426.48699951    0.00000000    0.00000000
   12.87055588  394.08099365    0.00000000    0.00000000
   12.87222195  450.67999268    0.00000000    0.00000000
   12.87361145  469.04299927    0.00000000    0.00000000
   12.87472248  431.39498901    0.00000000    0.00000000
   12.87611103  420.67401123    0.00000000    0.00000000
   12.87750053  397.21798706    0.00000000    0.00000000
   12.87916660  433.80599976    0.00000000    0.00000000
   12.88027763  393.71301270    0.00000000    0.00000000
   12.88194466  405.07101440    0.00000000    0.00000000
   12.88305569  421.61099243    0.00000000    0.00000000
   12.88444424  380.26199341    0.00000000    0.00000000
   12.88583279  368.42898560    0.00000000    0.00000000
   12.88722229  365.59201050    0.00000000    0.00000000
   12.88861084  363.30999756    0.00000000    0.00000000
   12.89000034  376.90399170    0.00000000    0.00000000
   12.89138889  349.25601196    0.00000000    0.00000000
   12.89277744  391.25201416    0.00000000    0.00000000
   12.89416695  409.75698853    0.00000000    0.00000000
   12.89583302  362.15100098    0.00000000    0.00000000
   12.89722252  451.57501221    0.00000000    0.00000000
   12.89833355  402.05499268    0.00000000    0.00000000
   12.89972210  349.90399170    0.00000000    0.00000000
   12.90111065  375.13198853    0.00000000    0.00000000
   12.90249920  417.93200684    0.00000000    0.00000000
   12.90416622  359.32800293    0.00000000    0.00000000
   12.90527725  374.85501099    0.00000000    0.00000000
   12.90666676  383.74499512    0.00000000    0.00000000
   12.90805531  453.82699585    0.00000000    0.00000000
   12.90944386  408.66299438    0.00000000    0.00000000
   12.91083336  423.05300903    0.00000000    0.00000000
   12.91222191  417.39498901    0.00000000    0.00000000
   12.91361046  433.76199341    0.00000000    0.00000000
   12.91499996  349.54098511    0.00000000    0.00000000
   12.91638851  392.91299438    0.00000000    0.00000000
   12.91777802  368.01199341    0.00000000    0.00000000
   12.91916656  400.16900635    0.00000000    0.00000000
   12.92083359  363.48999023    0.00000000    0.00000000
   12.92194462  387.55300903    0.00000000    0.00000000
   12.92333412  427.71899414    0.00000000    0.00000000
   12.92472267  394.64599609    0.00000000    0.00000000
   12.92611122  418.54598999    0.00000000    0.00000000
   12.92750072  355.95599365    0.00000000    0.00000000
   12.92888927  399.18301392    0.00000000    0.00000000
   12.93027782  369.81500244    0.00000000    0.00000000
   12.93194485  393.89498901    0.00000000    0.00000000
   12.93305588  364.57101440    0.00000000    0.00000000
   12.93444443  377.53601074    0.00000000    0.00000000
   12.93583298  428.86199951    0.00000000    0.00000000
   12.93722248  359.67098999    0.00000000    0.00000000
   12.93861103  360.91900635    0.00000000    0.00000000
   12.94027805  364.33700562    0.00000000    0.00000000
   12.94138908  380.17700195    0.00000000    0.00000000
   12.94277763  375.04901123    0.00000000    0.00000000
   12.94416714  367.45401001    0.00000000    0.00000000
   12.94555569  346.82400513    0.00000000    0.00000000
   12.94722271  368.51800537    0.00000000    0.00000000
   12.94833374  359.68399048    0.00000000    0.00000000
   12.94972229  384.52301025    0.00000000    0.00000000
   12.95111084  321.83898926    0.00000000    0.00000000
   12.95277786  371.05200195    0.00000000    0.00000000
   12.95416641  358.36898804    0.00000000    0.00000000
   12.95527744  335.95098877    0.00000000    0.00000000
   12.95666695  339.17700195    0.00000000    0.00000000
   12.95805550  357.95901489    0.00000000    0.00000000
   12.95972157  328.88400269    0.00000000    0.00000000
   12.96083355  413.88101196    0.00000000    0.00000000
   12.96222210  325.67800903    0.00000000    0.00000000
   12.96388912  385.07501221    0.00000000    0.00000000
   12.96527767  349.21398926    0.00000000    0.00000000
   12.96638870  356.63000488    0.00000000    0.00000000
   12.96777725  351.94799805    0.00000000    0.00000000
   12.96916580  333.82400513    0.00000000    0.00000000
   12.97055531  365.57199097    0.00000000    0.00000000
   12.97194386  351.52200317    0.00000000    0.00000000
   12.97333336  326.55499268    0.00000000    0.00000000
   12.97472191  342.82000732    0.00000000    0.00000000
   12.97611046  342.27801514    0.00000000    0.00000000
   12.97777748  298.29400635    0.00000000    0.00000000
   12.97916603  307.73699951    0.00000000    0.00000000
   12.98055553  340.82800293    0.00000000    0.00000000
   12.98194408  316.30200195    0.00000000    0.00000000
   12.98333359  329.50100708    0.00000000    0.00000000
   12.98472214  375.53500366    0.00000000    0.00000000
   12.98611164  383.28201294    0.00000000    0.00000000
   12.98750019  317.15701294    0.00000000    0.00000000
   12.98888874  304.79699707    0.00000000    0.00000000
   12.99027824  363.15301514    0.00000000    0.00000000
   12.99166679  306.39898682    0.00000000    0.00000000
   12.99305534  339.44601440    0.00000000    0.00000000
   12.99444485  289.97399902    0.00000000    0.00000000
   12.99583340  339.96099854    0.00000000    0.00000000
   12.99722290  323.43499756    0.00000000    0.00000000
   12.99861145  291.00799561    0.00000000    0.00000000
   13.00000000  322.88500977    0.00000000    0.00000000
   13.00138855  304.10800171    0.00000000    0.00000000
   13.00277805  339.35998535    0.00000000    0.00000000
   13.00416660  361.09399414    0.00000000    0.00000000
   13.00555515  244.58500671    0.00000000    0.00000000
   13.00694466  263.06698608    0.00000000    0.00000000
   13.00833321  326.31500244    0.00000000    0.00000000
   13.00972176  280.40200806    0.00000000    0.00000000
   13.01111126  338.26400757    0.00000000    0.00000000
   13.01249981  306.49301147    0.00000000    0.00000000
   13.01388931  338.33300781    0.00000000    0.00000000
   13.01527786  333.18399048    0.00000000    0.00000000
   13.01666641  307.92999268    0.00000000    0.00000000
   13.01805496  304.82400513    0.00000000    0.00000000
   13.01944447  320.86099243    0.00000000    0.00000000
   13.02083302  327.01599121    0.00000000    0.00000000
   13.02222157  323.41000366    0.00000000    0.00000000
   13.02361107  306.36199951    0.00000000    0.00000000
   13.02499962  300.16299438    0.00000000    0.00000000
   13.02638817  275.66198730    0.00000000    0.00000000
   13.02777767  315.75900269    0.00000000    0.00000000
   13.02916622  281.64099121    0.00000000    0.00000000
   13.03055573  301.19400024    0.00000000    0.00000000
   13.03194427  330.13500977    0.00000000    0.00000000
   13.03333378  316.23699951    0.00000000    0.00000000
   13.03472233  278.39898682    0.00000000    0.00000000
   13.03611183  282.04800415    0.00000000    0.00000000
   13.03750038  286.61599731    0.00000000    0.00000000
   13.03888893  247.11500549    0.00000000    0.00000000
   13.04027843  294.18499756    0.00000000    0.00000000
   13.04166698  267.12899780    0.00000000    0.00000000
   13.04305553  275.23199463    0.00000000    0.00000000
   13.04444504  263.30300903    0.00000000    0.00000000
   13.04583359  274.92401123    0.00000000    0.00000000
   13.04722309  256.55700684    0.00000000    0.00000000
   13.04861164  290.52301025    0.00000000    0.00000000
   13.05000019  280.15701294    0.00000000    0.00000000
   13.05138874  249.54800415    0.00000000    0.00000000
   13.05277824  242.39799500    0.00000000    0.00000000
   13.05416679  245.78799438    0.00000000    0.00000000
   13.05555534  281.30700684    0.00000000    0.00000000
   13.05694485  279.36300659    0.00000000    0.00000000
   13.05833340  292.68200684    0.00000000    0.00000000
   13.05972195  265.67800903    0.00000000    0.00000000
   13.06111145  311.32998657    0.00000000    0.00000000
   13.06250000  293.94000244    0.00000000    0.00000000
   13.06388950  283.12899780    0.00000000    0.00000000
   13.06527805  273.36199951    0.00000000    0.00000000
   13.06666660  276.71600342    0.00000000    0.00000000
   13.06805515  268.29400635    0.00000000    0.00000000
   13.06944466  258.07800293    0.00000000    0.00000000
   13.07083321  257.17098999    0.00000000    0.00000000
   13.07222176  289.50000000    0.00000000    0.00000000
   13.07361126  287.49600220    0.00000000    0.00000000
   13.07499981  280.04901123    0.00000000    0.00000000
   13.07638836  269.29501343    0.00000000    0.00000000
   13.07777786  253.02400208    0.00000000    0.00000000
   13.07916641  273.79199219    0.00000000    0.00000000
   13.08055592  271.81399536    0.00000000    0.00000000
   13.08194447  283.84899902    0.00000000    0.00000000
   13.08333302  264.04400635    0.00000000    0.00000000
   13.08472157  267.98498535    0.00000000    0.00000000
   13.08611107  238.23599243    0.00000000    0.00000000
   13.08749962  259.66699219    0.00000000    0.00000000
   13.08888817  266.33099365    0.00000000    0.00000000
   13.09027767  268.61300659    0.00000000    0.00000000
   13.09166622  282.23098755    0.00000000    0.00000000
   13.09305477  241.18600464    0.00000000    0.00000000
   13.09444427  260.01800537    0.00000000    0.00000000
   13.09583282  290.19699097    0.00000000    0.00000000
   13.09722233  271.91699219    0.00000000    0.00000000
   13.09861088  255.79699707    0.00000000    0.00000000
   13.10000038  259.06900024    0.00000000    0.00000000
   13.10138893  241.58099365    0.00000000    0.00000000
   13.10277843  235.46600342    0.00000000    0.00000000
   13.10416698  235.66499329    0.00000000    0.00000000
   13.10555553  278.40701294    0.00000000    0.00000000
   13.10694504  251.73199463    0.00000000    0.00000000
   13.10833359  250.19900513    0.00000000    0.00000000
   13.10972214  226.40299988    0.00000000    0.00000000
   13.11111164  262.19100952    0.00000000    0.00000000
   13.11250019  235.86999512    0.00000000    0.00000000
   13.11388969  215.73599243    0.00000000    0.00000000
   13.11527824  229.23399353    0.00000000    0.00000000
   13.11666679  245.38800049    0.00000000    0.00000000
   13.11805534  229.80000305    0.00000000    0.00000000
   13.11944485  241.86300659    0.00000000    0.00000000
   13.12083340  220.95899963    0.00000000    0.00000000
   13.12222195  237.33999634    0.00000000    0.00000000
   13.12361145  238.98800659    0.00000000    0.00000000
   13.12500000  235.52400208    0.00000000    0.00000000
   13.12638855  246.30200195    0.00000000    0.00000000
   13.12777805  234.08000183    0.00000000    0.00000000
   13.12916660  256.43099976    0.00000000    0.00000000
   13.13055611  241.52900696    0.00000000    0.00000000
   13.13194466  246.93499756    0.00000000    0.00000000
   13.13333321  244.83099365    0.00000000    0.00000000
   13.13472176  252.48100281    0.00000000    0.00000000
   13.13611126  247.66700745    0.00000000    0.00000000
   13.13749981  243.67599487    0.00000000    0.00000000
   13.13888836  254.88099670    0.00000000    0.00000000
   13.14027786  255.28700256    0.00000000    0.00000000
   13.14166641  250.26800537    0.00000000    0.00000000
   13.14305496  245.24600220    0.00000000    0.00000000
   13.14472198  248.80000305    0.00000000    0.00000000
   13.14611053  257.72698975    0.00000000    0.00000000
   13.14750004  253.95500183    0.00000000    0.00000000
   13.14888859  272.88800049    0.00000000    0.00000000
   13.15027714  271.73901367    0.00000000    0.00000000
   13.15166664  257.93600464    0.00000000    0.00000000
   13.15305519  251.71800232    0.00000000    0.00000000
   13.15444374  231.88000488    0.00000000    0.00000000
   13.15583324  260.95001221    0.00000000    0.00000000
   13.15722179  250.05999756    0.00000000    0.00000000
   13.15861034  261.00698853    0.00000000    0.00000000
   13.15999985  245.39500427    0.00000000    0.00000000
   13.16138840  274.00201416    0.00000000    0.00000000
   13.16277695  261.18701172    0.00000000    0.00000000
   13.16416645  237.89799500    0.00000000    0.00000000
   13.16555500  267.45001221    0.00000000    0.00000000
   13.16694450  254.28799438    0.00000000    0.00000000
   13.16833401  238.32299805    0.00000000    0.00000000
   13.16972256  248.33999634    0.00000000    0.00000000
   13.17111111  244.22300720    0.00000000    0.00000000
   13.17250061  255.56599426    0.00000000    0.00000000
   13.17388916  254.01400757    0.00000000    0.00000000
   13.17527771  258.09899902    0.00000000    0.00000000
   13.17666721  245.56500244    0.00000000    0.00000000
   13.17805576  243.34599304    0.00000000    0.00000000
   13.17944431  240.16099548    0.00000000    0.00000000
   13.18083382  257.60800171    0.00000000    0.00000000
   13.18222237  251.53500366    0.00000000    0.00000000
   13.18361092  251.18800354    0.00000000    0.00000000
   13.18500042  250.81799316    0.00000000    0.00000000
   13.18638897  237.92799377    0.00000000    0.00000000
   13.18777752  257.81201172    0.00000000    0.00000000
   13.18916702  254.22799683    0.00000000    0.00000000
   13.19055557  280.80499268    0.00000000    0.00000000
   13.19194412  306.15200806    0.00000000    0.00000000
   13.19333363  273.38000488    0.00000000    0.00000000
   13.19472218  252.00199890    0.00000000    0.00000000
   13.19611073  256.79199219    0.00000000    0.00000000
   13.19750023  267.64001465    0.00000000    0.00000000
   13.19888878  261.18399048    0.00000000    0.00000000
   13.20027733  274.30300903    0.00000000    0.00000000
   13.20166683  275.66000366    0.00000000    0.00000000
   13.20305538  279.38400269    0.00000000    0.00000000
   13.20444393  267.91900635    0.00000000    0.00000000
   13.20583344  265.80999756    0.00000000    0.00000000
   13.20722198  278.18301392    0.00000000    0.00000000
   13.20861053  254.79299927    0.00000000    0.00000000
   13.21000004  276.57901001    0.00000000    0.00000000
   13.21138859  248.93099976    0.00000000    0.00000000
   13.21277714  246.80400085    0.00000000    0.00000000
   13.21416664  259.82000732    0.00000000    0.00000000
   13.21555519  267.98001099    0.00000000    0.00000000
   13.21694374  237.95399475    0.00000000    0.00000000
   13.21833324  268.98498535    0.00000000    0.00000000
   13.21972179  274.72399902    0.00000000    0.00000000
   13.22111034  276.64001465    0.00000000    0.00000000
   13.22249985  291.27301025    0.00000000    0.00000000
   13.22388840  280.75799561    0.00000000    0.00000000
   13.22527695  247.85800171    0.00000000    0.00000000
   13.22666645  247.36700439    0.00000000    0.00000000
   13.22805500  254.08399963    0.00000000    0.00000000
   13.22944355  270.14898682    0.00000000    0.00000000
   13.23083305  287.26400757    0.00000000    0.00000000
   13.23222160  275.11199951    0.00000000    0.00000000
   13.23361111  286.93701172    0.00000000    0.00000000
   13.23500061  261.62899780    0.00000000    0.00000000
   13.23638916  250.59199524    0.00000000    0.00000000
   13.23777771  243.32899475    0.00000000    0.00000000
   13.23916721  258.42700195    0.00000000    0.00000000
   13.24055576  228.41099548    0.00000000    0.00000000
   13.24194431  253.23800659    0.00000000    0.00000000
   13.24333382  274.82400513    0.00000000    0.00000000
   13.24472237  255.77000427    0.00000000    0.00000000
   13.24611092  248.97500610    0.00000000    0.00000000
   13.24750042  245.05400085    0.00000000    0.00000000
   13.24888897  245.64900208    0.00000000    0.00000000
   13.25027752  259.83599854    0.00000000    0.00000000
   13.25166702  242.98500061    0.00000000    0.00000000
   13.25305557  218.33900452    0.00000000    0.00000000
   13.25444412  247.52299500    0.00000000    0.00000000
   13.25583363  234.39599609    0.00000000    0.00000000
   13.25722218  242.30799866    0.00000000    0.00000000
   13.25861073  256.24798584    0.00000000    0.00000000
   13.26000023  238.74899292    0.00000000    0.00000000
   13.26138878  250.07299805    0.00000000    0.00000000
   13.26277733  229.95799255    0.00000000    0.00000000
   13.26416683  247.64700317    0.00000000    0.00000000
   13.26555538  240.54499817    0.00000000    0.00000000
   13.26694393  260.97500610    0.00000000    0.00000000
   13.26833344  260.44198608    0.00000000    0.00000000
   13.26972198  260.81399536    0.00000000    0.00000000
   13.27111053  256.42098999    0.00000000    0.00000000
   13.27250004  262.33499146    0.00000000    0.00000000
   13.27388859  266.25000000    0.00000000    0.00000000
   13.27527714  253.03500366    0.00000000    0.00000000
   13.27666664  229.41499329    0.00000000    0.00000000
   13.27805519  230.94200134    0.00000000    0.00000000
   13.27944374  240.31500244    0.00000000    0.00000000
   13.28083324  255.59300232    0.00000000    0.00000000
   13.28222179  257.85400391    0.00000000    0.00000000
   13.28361130  247.24899292    0.00000000    0.00000000
   13.28500080  240.24899292    0.00000000    0.00000000
   13.28638935  237.09300232    0.00000000    0.00000000
   13.28777790  237.09399414    0.00000000    0.00000000
   13.28916740  232.36799622    0.00000000    0.00000000
   13.29055595  242.25599670    0.00000000    0.00000000
   13.29194450  228.12399292    0.00000000    0.00000000
   13.29333401  208.32400513    0.00000000    0.00000000
   13.29472256  242.60699463    0.00000000    0.00000000
   13.29611111  238.36999512    0.00000000    0.00000000
   13.29750061  199.42999268    0.00000000    0.00000000
   13.29750061  371.87701416    0.00000000    0.00000000
   13.29805565  235.44000244    0.00000000    0.00000000
   13.30138874  214.35000610    0.00000000    0.00000000
   13.30444431  226.83399963    0.00000000    0.00000000
   13.30777836  215.69700623    0.00000000    0.00000000
   13.31111145  234.01600647    0.00000000    0.00000000
   13.31416702  197.41200256    0.00000000    0.00000000
   13.31833363  197.41200256    0.00000000    0.00000000
   13.32250023  202.24099731    0.00000000    0.00000000
   13.32583332  220.24499512    0.00000000    0.00000000
   13.32888889  214.95599365    0.00000000    0.00000000
   13.33138847  214.52299500    0.00000000    0.00000000
   13.33249950  225.81900024    0.00000000    0.00000000
   13.33583260  216.17599487    0.00000000    0.00000000
   13.33916664  222.27999878    0.00000000    0.00000000
   13.34222221  207.65600586    0.00000000    0.00000000
   13.34555531  230.44900513    0.00000000    0.00000000
   13.34861088  224.13800049    0.00000000    0.00000000
   13.35194492  209.66700745    0.00000000    0.00000000
   13.35527802  205.36099243    0.00000000    0.00000000
   13.36111164  205.36099243    0.00000000    0.00000000
   13.36527824  189.76899719    0.00000000    0.00000000
   13.36861134  237.08299255    0.00000000    0.00000000
   13.37166691  202.28599548    0.00000000    0.00000000
   13.37500000  201.78999329    0.00000000    0.00000000
   13.37833309  203.26499939    0.00000000    0.00000000
   13.38138866  190.75399780    0.00000000    0.00000000
   13.38472176  199.69700623    0.00000000    0.00000000
   13.38805580  205.06799316    0.00000000    0.00000000
   13.39111137  215.91400146    0.00000000    0.00000000
   13.39444447  210.48699951    0.00000000    0.00000000
   13.39750004  220.21699524    0.00000000    0.00000000
   13.39805508  198.17199707    0.00000000    0.00000000
   13.40388870  198.17199707    0.00000000    0.00000000
   13.40833282  212.87899780    0.00000000    0.00000000
   13.41166592  202.48199463    0.00000000    0.00000000
   13.41472149  223.18699646    0.00000000    0.00000000
   13.41805553  205.34199524    0.00000000    0.00000000
   13.42111111  208.93499756    0.00000000    0.00000000
   13.42444515  202.51199341    0.00000000    0.00000000
   13.42777824  212.73399353    0.00000000    0.00000000
   13.43083382  196.85600281    0.00000000    0.00000000
   13.43138885  176.79100037    0.00000000    0.00000000
   13.43444443  222.51400757    0.00000000    0.00000000
   13.43777752  218.44599915    0.00000000    0.00000000
   13.44083309  203.95199585    0.00000000    0.00000000
   13.44694424  203.95199585    0.00000000    0.00000000
   13.45083332  196.37800598    0.00000000    0.00000000
   13.45416641  196.82400513    0.00000000    0.00000000
   13.45749950  186.97999573    0.00000000    0.00000000
   13.46055508  201.77699280    0.00000000    0.00000000
   13.46388912  186.58700562    0.00000000    0.00000000
   13.46472168  198.88400269    0.00000000    0.00000000
   13.46749973  201.80599976    0.00000000    0.00000000
   13.47055531  201.46800232    0.00000000    0.00000000
   13.47388840  196.19200134    0.00000000    0.00000000
   13.47722149  195.41099548    0.00000000    0.00000000
   13.48027706  203.59399414    0.00000000    0.00000000
   13.48361111  192.87600708    0.00000000    0.00000000
   13.48972225  192.87600708    0.00000000    0.00000000
   13.49416733  197.34199524    0.00000000    0.00000000
   13.49750042  207.50799561    0.00000000    0.00000000
   13.49833393  207.27299500    0.00000000    0.00000000
   13.50138855  206.91299438    0.00000000    0.00000000
   13.50472260  204.32099915    0.00000000    0.00000000
   13.50777817  199.99600220    0.00000000    0.00000000
   13.51111126  204.28199768    0.00000000    0.00000000
   13.51444435  205.85899353    0.00000000    0.00000000
   13.51749992  194.84800720    0.00000000    0.00000000
   13.52083302  204.51400757    0.00000000    0.00000000
   13.52416611  203.87399292    0.00000000    0.00000000
   13.52722168  204.12899780    0.00000000    0.00000000
   13.53249931  204.12899780    0.00000000    0.00000000
   13.53666687  204.91200256    0.00000000    0.00000000
   13.54000092  191.85600281    0.00000000    0.00000000
   13.54305553  205.88600159    0.00000000    0.00000000
   13.54638958  152.91499329    0.00000000    0.00000000
   13.54972267  187.88600159    0.00000000    0.00000000
   13.55305576  194.39999390    0.00000000    0.00000000
   13.55611134  201.41799927    0.00000000    0.00000000
   13.55944443  198.34599304    0.00000000    0.00000000
   13.56250000  183.26100159    0.00000000    0.00000000
   13.56472206  204.50700378    0.00000000    0.00000000
   13.56611156  211.99899292    0.00000000    0.00000000
   13.56944466  201.55200195    0.00000000    0.00000000
   13.57555580  201.55200195    0.00000000    0.00000000
   13.57972240  194.94099426    0.00000000    0.00000000
   13.58277798  190.21200562    0.00000000    0.00000000
   13.58611107  187.71000671    0.00000000    0.00000000
   13.58916664  180.92300415    0.00000000    0.00000000
   13.59249973  181.39799500    0.00000000    0.00000000
   13.59583282  172.69000244    0.00000000    0.00000000
   13.59805489  193.49699402    0.00000000    0.00000000
   13.59944439  188.11099243    0.00000000    0.00000000
   13.60277843  193.06399536    0.00000000    0.00000000
   13.60583401  188.98899841    0.00000000    0.00000000
   13.60916710  185.67100525    0.00000000    0.00000000
   13.61250019  180.16799927    0.00000000    0.00000000
   13.61833382  180.16799927    0.00000000    0.00000000
   13.62250042  181.27200317    0.00000000    0.00000000
   13.62555599  193.07000732    0.00000000    0.00000000
   13.62888908  193.20799255    0.00000000    0.00000000
   13.63138866  190.25999451    0.00000000    0.00000000
   13.63249969  186.03700256    0.00000000    0.00000000
   13.63583279  188.59899902    0.00000000    0.00000000
   13.63888836  181.64300537    0.00000000    0.00000000
   13.64222240  178.28500366    0.00000000    0.00000000
   13.64555550  172.02999878    0.00000000    0.00000000
   13.64861107  189.70500183    0.00000000    0.00000000
   13.65194416  195.47999573    0.00000000    0.00000000
   13.65499973  183.87199402    0.00000000    0.00000000
   13.66111088  183.87199402    0.00000000    0.00000000
   13.66527748  185.84899902    0.00000000    0.00000000
   13.66861153  177.39300537    0.00000000    0.00000000
   13.67166710  184.92100525    0.00000000    0.00000000
   13.67500019  170.96299744    0.00000000    0.00000000
   13.67833328  181.11399841    0.00000000    0.00000000
   13.68138885  160.21800232    0.00000000    0.00000000
   13.68472195  175.90899658    0.00000000    0.00000000
   13.68777752  177.11599731    0.00000000    0.00000000
   13.69111156  183.69799805    0.00000000    0.00000000
   13.69444466  174.36399841    0.00000000    0.00000000
   13.69750023  179.68499756    0.00000000    0.00000000
   13.69833374  170.48199463    0.00000000    0.00000000
   13.70388889  170.48199463    0.00000000    0.00000000
   13.70805550  175.78399658    0.00000000    0.00000000
   13.71138859  187.50700378    0.00000000    0.00000000
   13.71472168  173.36999512    0.00000000    0.00000000
   13.71777725  183.23800659    0.00000000    0.00000000
   13.72111034  176.34800720    0.00000000    0.00000000
   13.72416592  179.17799377    0.00000000    0.00000000
   13.72749996  175.33900452    0.00000000    0.00000000
   13.73083305  168.14300537    0.00000000    0.00000000
   13.73166656  167.64300537    0.00000000    0.00000000
   13.73416710  162.52999878    0.00000000    0.00000000
   13.73750019  180.69200134    0.00000000    0.00000000
   13.74055576  157.31399536    0.00000000    0.00000000
   13.74694443  157.31399536    0.00000000    0.00000000
   13.75083351  173.52600098    0.00000000    0.00000000
   13.75416660  176.52400208    0.00000000    0.00000000
   13.75749969  166.93099976    0.00000000    0.00000000
   13.76055527  169.94500732    0.00000000    0.00000000
   13.76388931  172.69400024    0.00000000    0.00000000
   13.76500034  173.36199951    0.00000000    0.00000000
   13.76749992  162.65400696    0.00000000    0.00000000
   13.77083302  162.85800171    0.00000000    0.00000000
   13.77388859  160.02900696    0.00000000    0.00000000
   13.77722168  171.84599304    0.00000000    0.00000000
   13.78055573  174.55700684    0.00000000    0.00000000
   13.78361130  163.37399292    0.00000000    0.00000000
   13.78972244  163.37399292    0.00000000    0.00000000
   13.79388905  167.70799255    0.00000000    0.00000000
   13.79694462  173.41299438    0.00000000    0.00000000
   13.79833412  180.11999512    0.00000000    0.00000000
   13.80055618  175.97000122    0.00000000    0.00000000
   13.80388927  167.11799622    0.00000000    0.00000000
   13.80722237  164.20500183    0.00000000    0.00000000
   13.81027794  165.75500488    0.00000000    0.00000000
   13.81361103  173.14300537    0.00000000    0.00000000
   13.83444405  173.14300537    0.00000000    0.00000000
   13.83861065  166.84500122    0.00000000    0.00000000
   13.84166622  166.49899292    0.00000000    0.00000000
   13.84499931  156.82899475    0.00000000    0.00000000
   13.84833336  169.69799805    0.00000000    0.00000000
   13.85138893  176.98599243    0.00000000    0.00000000
   13.85472298  157.51300049    0.00000000    0.00000000
   13.85777855  177.29200745    0.00000000    0.00000000
   13.86111164  170.47799683    0.00000000    0.00000000
   13.86444473  179.33599854    0.00000000    0.00000000
   13.86527824  167.07499695    0.00000000    0.00000000
   13.86777782  169.02799988    0.00000000    0.00000000
   13.87111092  174.85400391    0.00000000    0.00000000
   13.87722206  174.85400391    0.00000000    0.00000000
   13.88138866  171.07899475    0.00000000    0.00000000
   13.88444424  172.56799316    0.00000000    0.00000000
   13.88777733  172.71200562    0.00000000    0.00000000
   13.89083290  175.87600708    0.00000000    0.00000000
   13.89416695  156.73500061    0.00000000    0.00000000
   13.89750004  172.49400330    0.00000000    0.00000000
   13.89861107  167.70399475    0.00000000    0.00000000
   13.90083313  174.28799438    0.00000000    0.00000000
   13.90416622  161.03900146    0.00000000    0.00000000
   13.90749931  167.77799988    0.00000000    0.00000000
   13.91055489  163.90100098    0.00000000    0.00000000
   13.91388893  164.37300110    0.00000000    0.00000000
   13.92000008  164.37300110    0.00000000    0.00000000
   13.92416668  167.39300537    0.00000000    0.00000000
   13.92722225  160.96800232    0.00000000    0.00000000
   13.93055630  175.79100037    0.00000000    0.00000000
   13.93194485  167.28999329    0.00000000    0.00000000
   13.93416691  167.89100647    0.00000000    0.00000000
   13.93750000  160.02699280    0.00000000    0.00000000
   13.94055557  157.78799438    0.00000000    0.00000000
   13.94388866  160.10299683    0.00000000    0.00000000
   13.94722271  165.22099304    0.00000000    0.00000000
   13.95027733  163.19599915    0.00000000    0.00000000
   13.95361137  156.98699951    0.00000000    0.00000000
   13.95666695  162.87500000    0.00000000    0.00000000
   13.96277714  162.87500000    0.00000000    0.00000000
   13.96694374  174.09399414    0.00000000    0.00000000
   13.97027779  160.82899475    0.00000000    0.00000000
   13.97333336  164.55099487    0.00000000    0.00000000
   13.97666645  160.89999390    0.00000000    0.00000000
   13.97999954  160.49200439    0.00000000    0.00000000
   13.98333359  153.89700317    0.00000000    0.00000000
   13.98638916  154.86099243    0.00000000    0.00000000
   13.98972225  162.60899353    0.00000000    0.00000000
   13.99277782  156.70899963    0.00000000    0.00000000
   13.99611092  144.26800537    0.00000000    0.00000000
   13.99861145  160.34700012    0.00000000    0.00000000
   13.99972248  157.67799377    0.00000000    0.00000000
   14.00555515  157.67799377    0.00000000    0.00000000
   14.00972176  164.79800415    0.00000000    0.00000000
   14.01305580  159.86300659    0.00000000    0.00000000
   14.01638889  159.13900757    0.00000000    0.00000000
   14.01944447  158.50000000    0.00000000    0.00000000
   14.02277756  162.22900391    0.00000000    0.00000000
   14.02583313  163.57000732    0.00000000    0.00000000
   14.02916622  153.01499939    0.00000000    0.00000000
   14.03194427  157.25599670    0.00000000    0.00000000
   14.03277779  159.83000183    0.00000000    0.00000000
   14.03611183  158.16600037    0.00000000    0.00000000
   14.03916740  158.33999634    0.00000000    0.00000000
   14.04250050  156.83200073    0.00000000    0.00000000
   14.04861164  156.83200073    0.00000000    0.00000000
   14.05277824  152.16299438    0.00000000    0.00000000
   14.05583382  158.47099304    0.00000000    0.00000000
   14.05916691  149.61799622    0.00000000    0.00000000
   14.06222248  157.64999390    0.00000000    0.00000000
   14.06527805  154.43299866    0.00000000    0.00000000
   14.06583309  159.81799316    0.00000000    0.00000000
   14.06916618  166.86000061    0.00000000    0.00000000
   14.07222176  157.97300720    0.00000000    0.00000000
   14.07555580  161.76400757    0.00000000    0.00000000
   14.07888889  158.57099915    0.00000000    0.00000000
   14.08194447  154.14999390    0.00000000    0.00000000
   14.08527756  159.38900757    0.00000000    0.00000000
   14.09138870  159.38900757    0.00000000    0.00000000
   14.09555531  156.07600403    0.00000000    0.00000000
   14.09861088  152.08000183    0.00000000    0.00000000
   14.09916592  156.24299622    0.00000000    0.00000000
   14.10249996  157.19200134    0.00000000    0.00000000
   14.10555553  164.04299927    0.00000000    0.00000000
   14.10888958  157.81700134    0.00000000    0.00000000
   14.11194515  157.38800049    0.00000000    0.00000000
   14.11527824  160.26100159    0.00000000    0.00000000
   14.11861134  155.99800110    0.00000000    0.00000000
   14.12166691  164.29400635    0.00000000    0.00000000
   14.12500000  156.98500061    0.00000000    0.00000000
   14.12833309  162.08200073    0.00000000    0.00000000
   14.13416672  162.08200073    0.00000000    0.00000000
   14.13833332  144.69599915    0.00000000    0.00000000
   14.14166641  169.28500366    0.00000000    0.00000000
   14.14472198  168.11099243    0.00000000    0.00000000
   14.14805508  165.50300598    0.00000000    0.00000000
   14.15138817  152.70899963    0.00000000    0.00000000
   14.15444374  157.04100037    0.00000000    0.00000000
   14.15777779  153.94099426    0.00000000    0.00000000
   14.16111088  169.61599731    0.00000000    0.00000000
   14.16416645  159.67500305    0.00000000    0.00000000
   14.16555500  172.70500183    0.00000000    0.00000000
   14.16777802  166.09700012    0.00000000    0.00000000
   14.17111111  161.48399353    0.00000000    0.00000000
   14.17694473  161.48399353    0.00000000    0.00000000
   14.18111134  158.15899658    0.00000000    0.00000000
   14.18444443  153.48399353    0.00000000    0.00000000
   14.18777752  153.00500488    0.00000000    0.00000000
   14.19083309  175.38499451    0.00000000    0.00000000
   14.19416714  164.02499390    0.00000000    0.00000000
   14.19722271  154.69299316    0.00000000    0.00000000
   14.19888878  169.69799805    0.00000000    0.00000000
   14.20083332  171.06799316    0.00000000    0.00000000
   14.20416641  181.16600037    0.00000000    0.00000000
   14.20722198  167.04299927    0.00000000    0.00000000
   14.21055508  163.70500183    0.00000000    0.00000000
   14.21388912  174.54400635    0.00000000    0.00000000
   14.21999931  174.54400635    0.00000000    0.00000000
   14.22388840  173.13900757    0.00000000    0.00000000
   14.22722149  165.00599670    0.00000000    0.00000000
   14.23055553  165.22599792    0.00000000    0.00000000
   14.23222160  159.96600342    0.00000000    0.00000000
   14.23416710  156.69200134    0.00000000    0.00000000
   14.23750019  161.27499390    0.00000000    0.00000000
   14.24055576  139.64799500    0.00000000    0.00000000
   14.24388885  152.48500061    0.00000000    0.00000000
   14.24694443  166.87699890    0.00000000    0.00000000
   14.25027752  153.89799500    0.00000000    0.00000000
   14.25361156  174.29800415    0.00000000    0.00000000
   14.25666714  161.72700500    0.00000000    0.00000000
   14.26277733  161.72700500    0.00000000    0.00000000
   14.26694393  153.74899292    0.00000000    0.00000000
   14.26999950  156.59800720    0.00000000    0.00000000
   14.27333355  143.98599243    0.00000000    0.00000000
   14.27666664  153.00199890    0.00000000    0.00000000
   14.27972221  158.23899841    0.00000000    0.00000000
   14.28305531  152.38099670    0.00000000    0.00000000
   14.28611183  156.50000000    0.00000000    0.00000000
   14.28944492  162.41099548    0.00000000    0.00000000
   14.29277802  164.62300110    0.00000000    0.00000000
   14.29583359  162.47900391    0.00000000    0.00000000
   14.29888916  145.72099304    0.00000000    0.00000000
   14.29944515  153.72999573    0.00000000    0.00000000
   14.30555534  153.72999573    0.00000000    0.00000000
   14.30972195  155.24899292    0.00000000    0.00000000
   14.31305599  160.62800598    0.00000000    0.00000000
   14.31611156  161.14599609    0.00000000    0.00000000
   14.31944466  159.87899780    0.00000000    0.00000000
   14.32277775  158.05299377    0.00000000    0.00000000
   14.32583332  165.31500244    0.00000000    0.00000000
   14.32916641  163.42900085    0.00000000    0.00000000
   14.33222198  172.10499573    0.00000000    0.00000000
   14.33277798  166.73399353    0.00000000    0.00000000
   14.33583260  163.73100281    0.00000000    0.00000000
   14.33916664  167.51100159    0.00000000    0.00000000
   14.34249973  170.76300049    0.00000000    0.00000000
   14.34833336  170.76300049    0.00000000    0.00000000
   14.35249996  154.82299805    0.00000000    0.00000000
   14.35583401  151.62300110    0.00000000    0.00000000
   14.35916710  152.96499634    0.00000000    0.00000000
   14.36222267  155.91000366    0.00000000    0.00000000
   14.36555576  148.89999390    0.00000000    0.00000000
   14.36583328  156.54600525    0.00000000    0.00000000
   14.36916637  153.85800171    0.00000000    0.00000000
   14.37250042  163.25900269    0.00000000    0.00000000
   14.37555599  171.22099304    0.00000000    0.00000000
   14.37888908  175.35099792    0.00000000    0.00000000
   14.38222218  167.65100098    0.00000000    0.00000000
   14.38527775  166.24499512    0.00000000    0.00000000
   14.39138889  166.24499512    0.00000000    0.00000000
   14.39555550  173.14700317    0.00000000    0.00000000
   14.39861107  168.94599915    0.00000000    0.00000000
   14.39944458  162.34899902    0.00000000    0.00000000
   14.40222168  167.04600525    0.00000000    0.00000000
   14.40555477  158.38099670    0.00000000    0.00000000
   14.40861034  161.04400635    0.00000000    0.00000000
   14.41194439  164.84899902    0.00000000    0.00000000
   14.41527748  156.09399414    0.00000000    0.00000000
   14.41833401  163.58200073    0.00000000    0.00000000
   14.42166710  170.44400024    0.00000000    0.00000000
   14.42500019  165.54100037    0.00000000    0.00000000
   14.42805576  165.12100220    0.00000000    0.00000000
   14.43416691  165.12100220    0.00000000    0.00000000
   14.43833351  146.99800110    0.00000000    0.00000000
   14.44138908  165.60499573    0.00000000    0.00000000
   14.44472218  157.96099854    0.00000000    0.00000000
   14.44805527  156.72799683    0.00000000    0.00000000
   14.45111084  153.88200378    0.00000000    0.00000000
   14.45444393  152.19900513    0.00000000    0.00000000
   14.45749950  154.56599426    0.00000000    0.00000000
   14.46083355  154.64900208    0.00000000    0.00000000
   14.46416664  151.00000000    0.00000000    0.00000000
   14.46583271  152.55299377    0.00000000    0.00000000
   14.46777725  155.81500244    0.00000000    0.00000000
   14.47111034  163.33099365    0.00000000    0.00000000
   14.47694397  163.33099365    0.00000000    0.00000000
   14.48111057  171.30400085    0.00000000    0.00000000
   14.48444462  159.99600220    0.00000000    0.00000000
   14.48750019  160.35099792    0.00000000    0.00000000
   14.49083328  178.92599487    0.00000000    0.00000000
   14.49416733  166.62899780    0.00000000    0.00000000
   14.49722290  166.69500732    0.00000000    0.00000000
   14.49944496  159.66499329    0.00000000    0.00000000
   14.50083351  159.58799744    0.00000000    0.00000000
   14.50416660  162.67700195    0.00000000    0.00000000
   14.50722218  159.67799377    0.00000000    0.00000000
   14.51055527  168.47500610    0.00000000    0.00000000
   14.51388931  163.62100220    0.00000000    0.00000000
   14.51972198  163.62100220    0.00000000    0.00000000
   14.52388859  165.52600098    0.00000000    0.00000000
   14.52722168  155.67199707    0.00000000    0.00000000
   14.53027725  161.50799561    0.00000000    0.00000000
   14.53277779  159.70700073    0.00000000    0.00000000
   14.53388977  153.86399841    0.00000000    0.00000000
   14.53722286  156.36099243    0.00000000    0.00000000
   14.54027843  161.47900391    0.00000000    0.00000000
   14.54361153  166.78300476    0.00000000    0.00000000
   14.54694462  157.38200378    0.00000000    0.00000000
   14.55000019  163.25100708    0.00000000    0.00000000
   14.55333328  157.06500244    0.00000000    0.00000000
   14.55638885  159.40800476    0.00000000    0.00000000
   14.56277752  159.40800476    0.00000000    0.00000000
   14.56666660  155.24600220    0.00000000    0.00000000
   14.56999969  151.72399902    0.00000000    0.00000000
   14.57333374  152.85099792    0.00000000    0.00000000
   14.57638836  156.24299622    0.00000000    0.00000000
   14.57972240  163.19900513    0.00000000    0.00000000
   14.58305550  163.86700439    0.00000000    0.00000000
   14.58611107  161.15499878    0.00000000    0.00000000
   14.58944416  155.16900635    0.00000000    0.00000000
   14.59249973  166.16799927    0.00000000    0.00000000
   14.59583282  165.34800720    0.00000000    0.00000000
   14.59916592  160.35400391    0.00000000    0.00000000
   14.59944439  155.98500061    0.00000000    0.00000000
   14.60555553  155.98500061    0.00000000    0.00000000
   14.60972214  163.12500000    0.00000000    0.00000000
   14.61277771  166.66499329    0.00000000    0.00000000
   14.61611176  174.05200195    0.00000000    0.00000000
   14.61916637  182.40199280    0.00000000    0.00000000
   14.62250042  162.17900085    0.00000000    0.00000000
   14.62583351  166.21200562    0.00000000    0.00000000
   14.62888908  170.14900208    0.00000000    0.00000000
   14.63222218  165.79499817    0.00000000    0.00000000
   14.63277817  170.21600342    0.00000000    0.00000000
   14.63583279  172.33399963    0.00000000    0.00000000
   14.63916683  166.09700012    0.00000000    0.00000000
   14.64222240  171.82899475    0.00000000    0.00000000
   14.64833355  171.82899475    0.00000000    0.00000000
   14.65249920  168.31500244    0.00000000    0.00000000
   14.65555477  178.51600647    0.00000000    0.00000000
   14.65888882  168.60000610    0.00000000    0.00000000
   14.66222191  174.54800415    0.00000000    0.00000000
   14.66527748  172.41700745    0.00000000    0.00000000
   14.66611099  180.67500305    0.00000000    0.00000000
   14.66888905  196.30900574    0.00000000    0.00000000
   14.67222214  169.15499878    0.00000000    0.00000000
   14.67527771  191.66999817    0.00000000    0.00000000
   14.67861176  182.32400513    0.00000000    0.00000000
   14.68194485  178.68400574    0.00000000    0.00000000
   14.68500042  177.29200745    0.00000000    0.00000000
   14.69111156  177.29200745    0.00000000    0.00000000
   14.69527817  178.53599548    0.00000000    0.00000000
   14.69861126  177.18800354    0.00000000    0.00000000
   14.69944477  182.45500183    0.00000000    0.00000000
   14.70194435  184.22999573    0.00000000    0.00000000
   14.70527744  189.37699890    0.00000000    0.00000000
   14.70833302  186.03900146    0.00000000    0.00000000
   14.71166611  182.45199585    0.00000000    0.00000000
   14.71500015  172.10099792    0.00000000    0.00000000
   14.71805477  176.11300659    0.00000000    0.00000000
   14.72138882  180.35400391    0.00000000    0.00000000
   14.72444439  184.49600220    0.00000000    0.00000000
   14.72777748  173.13400269    0.00000000    0.00000000
   14.73388958  173.13400269    0.00000000    0.00000000
   14.73805618  182.37500000    0.00000000    0.00000000
   14.74138927  183.87800598    0.00000000    0.00000000
   14.74472237  173.23500061    0.00000000    0.00000000
   14.74777794  163.11199951    0.00000000    0.00000000
   14.75111103  176.82299805    0.00000000    0.00000000
   14.75416660  177.53399658    0.00000000    0.00000000
   14.75749969  176.92500305    0.00000000    0.00000000
   14.76083374  168.99299622    0.00000000    0.00000000
   14.76388931  171.24499512    0.00000000    0.00000000
   14.76638889  168.49099731    0.00000000    0.00000000
   14.76749992  159.28500366    0.00000000    0.00000000
   14.77083302  155.15899658    0.00000000    0.00000000
   14.77694416  155.15899658    0.00000000    0.00000000
   14.78111076  170.39399719    0.00000000    0.00000000
   14.78416729  160.70199585    0.00000000    0.00000000
   14.78750038  166.20399475    0.00000000    0.00000000
   14.79083347  170.63699341    0.00000000    0.00000000
   14.79388905  157.85699463    0.00000000    0.00000000
   14.79722309  172.32899475    0.00000000    0.00000000
   14.79972267  157.59399414    0.00000000    0.00000000
   14.80083370  167.97399902    0.00000000    0.00000000
   14.80416679  166.62300110    0.00000000    0.00000000
   14.80722237  157.37899780    0.00000000    0.00000000
   14.81055546  170.58200073    0.00000000    0.00000000
   14.81388950  171.28100586    0.00000000    0.00000000
   14.81972218  171.28100586    0.00000000    0.00000000
   14.82388878  202.10899353    0.00000000    0.00000000
   14.82722187  158.67199707    0.00000000    0.00000000
   14.83027744  152.69900513    0.00000000    0.00000000
   14.84805489  159.47900391    0.00000000    0.00000000
   14.85027790  153.49600220    0.00000000    0.00000000
   14.85361195  151.17900085    0.00000000    0.00000000
   14.85666752  149.64599609    0.00000000    0.00000000
   14.86277771  149.64599609    0.00000000    0.00000000
   14.86694431  161.43400574    0.00000000    0.00000000
   14.86999989  155.48599243    0.00000000    0.00000000
   14.87333393  158.97200012    0.00000000    0.00000000
   14.87666702  146.70599365    0.00000000    0.00000000
   14.87972260  155.82000732    0.00000000    0.00000000
   14.88111115  161.34100342    0.00000000    0.00000000
   14.88333321  151.58700562    0.00000000    0.00000000
   14.88638878  154.28599548    0.00000000    0.00000000
   14.88972187  161.85800171    0.00000000    0.00000000
   14.89305496  161.89199829    0.00000000    0.00000000
   14.89611053  158.59399414    0.00000000    0.00000000
   14.89944458  151.04899597    0.00000000    0.00000000
   14.90555477  151.04899597    0.00000000    0.00000000
   14.90972137  163.58000183    0.00000000    0.00000000
   14.91305542  145.33599854    0.00000000    0.00000000
   14.91444397  147.15899658    0.00000000    0.00000000
   14.91666698  155.29299927    0.00000000    0.00000000
   14.91972256  152.06700134    0.00000000    0.00000000
   14.92305565  150.88800049    0.00000000    0.00000000
   14.92638874  148.11199951    0.00000000    0.00000000
   14.92944431  147.65100098    0.00000000    0.00000000
   14.93277836  141.52600098    0.00000000    0.00000000
   14.93611145  153.91999817    0.00000000    0.00000000
   14.93916702  147.15299988    0.00000000    0.00000000
   14.94250011  137.49400330    0.00000000    0.00000000
   14.94833374  137.49400330    0.00000000    0.00000000
   14.95249939  155.42199707    0.00000000    0.00000000
   14.95583344  149.36700439    0.00000000    0.00000000
   14.95888901  156.56599426    0.00000000    0.00000000
   14.96222210  155.44999695    0.00000000    0.00000000
   14.96555519  151.80499268    0.00000000    0.00000000
   14.96861076  152.99299622    0.00000000    0.00000000
   14.97194386  149.32499695    0.00000000    0.00000000
   14.97527695  142.98199463    0.00000000    0.00000000
   14.97833252  148.44099426    0.00000000    0.00000000
   14.98111057  163.32499695    0.00000000    0.00000000
   14.98194408  162.95100403    0.00000000    0.00000000
   14.98500061  159.00700378    0.00000000    0.00000000
   14.99138927  159.00700378    0.00000000    0.00000000
   14.99527836  170.62699890    0.00000000    0.00000000
   14.99861145  173.41799927    0.00000000    0.00000000
   15.00194454  166.86599731    0.00000000    0.00000000
   15.00500011  165.25700378    0.00000000    0.00000000
   15.00833321  157.36500549    0.00000000    0.00000000
   15.01166630  158.95399475    0.00000000    0.00000000
   15.01444435  165.99699402    0.00000000    0.00000000
   15.01527786  162.74000549    0.00000000    0.00000000
   15.01861095  185.59800720    0.00000000    0.00000000
   15.02166653  168.45599365    0.00000000    0.00000000
   15.02499962  164.73599243    0.00000000    0.00000000
   15.02833271  165.68899536    0.00000000    0.00000000
   15.03416729  165.68899536    0.00000000    0.00000000
   15.03833389  163.42399597    0.00000000    0.00000000
   15.04138947  156.39599609    0.00000000    0.00000000
   15.04472256  170.78500366    0.00000000    0.00000000
   15.04777813  168.39199829    0.00000000    0.00000000
   15.04833412  163.15800476    0.00000000    0.00000000
   15.05138874  160.27799988    0.00000000    0.00000000
   15.05472279  162.24600220    0.00000000    0.00000000
   15.05805588  163.18899536    0.00000000    0.00000000
   15.06111145  142.21400452    0.00000000    0.00000000
   15.06444454  165.14500427    0.00000000    0.00000000
   15.06777763  162.81799316    0.00000000    0.00000000
   15.07083321  163.42199707    0.00000000    0.00000000
   15.07694435  163.42199707    0.00000000    0.00000000
   15.08111095  173.54299927    0.00000000    0.00000000
   15.08166695  168.62199402    0.00000000    0.00000000
   15.08472157  159.53700256    0.00000000    0.00000000
   15.08805561  153.37899780    0.00000000    0.00000000
   15.09138870  164.38499451    0.00000000    0.00000000
   15.09444427  169.45899963    0.00000000    0.00000000
   15.09777737  170.21000671    0.00000000    0.00000000
   15.10083389  168.74600220    0.00000000    0.00000000
   15.10416698  165.79100037    0.00000000    0.00000000
   15.10750008  168.53399658    0.00000000    0.00000000
   15.11055565  162.82200623    0.00000000    0.00000000
   15.11388969  168.67199707    0.00000000    0.00000000
   15.11500072  165.53399658    0.00000000    0.00000000
   15.11972237  165.53399658    0.00000000    0.00000000
   15.12388897  159.20799255    0.00000000    0.00000000
   15.12722206  159.86599731    0.00000000    0.00000000
   15.13027763  153.55400085    0.00000000    0.00000000
   15.13361073  165.61099243    0.00000000    0.00000000
   15.13694477  156.78500366    0.00000000    0.00000000
   15.14000034  152.36599731    0.00000000    0.00000000
   15.14333344  161.82299805    0.00000000    0.00000000
   15.14666653  161.34800720    0.00000000    0.00000000
   15.14833355  171.48599243    0.00000000    0.00000000
   15.14999962  169.06599426    0.00000000    0.00000000
   15.15333271  175.49800110    0.00000000    0.00000000
   15.15666676  172.65899658    0.00000000    0.00000000
   15.16277695  172.65899658    0.00000000    0.00000000
   15.16666698  171.48300171    0.00000000    0.00000000
   15.17000008  177.92900085    0.00000000    0.00000000
   15.17333412  172.85400391    0.00000000    0.00000000
   15.17638874  171.58999634    0.00000000    0.00000000
   15.17972279  169.49699402    0.00000000    0.00000000
   15.18166733  165.20100403    0.00000000    0.00000000
   15.18333340  171.55000305    0.00000000    0.00000000
   15.18666649  168.60200500    0.00000000    0.00000000
   15.19000053  166.55000305    0.00000000    0.00000000
   15.19305515  161.27299500    0.00000000    0.00000000
   15.19638920  150.84399414    0.00000000    0.00000000
   15.19944477  150.77200317    0.00000000    0.00000000
   15.20555496  150.77200317    0.00000000    0.00000000
   15.20972157  159.98100281    0.00000000    0.00000000
   15.21277714  162.10899353    0.00000000    0.00000000
   15.21500015  168.34700012    0.00000000    0.00000000
   15.21638870  167.65600586    0.00000000    0.00000000
   15.21972179  167.22300720    0.00000000    0.00000000
   15.22305489  176.71699524    0.00000000    0.00000000
   15.22611046  177.79100037    0.00000000    0.00000000
   15.22944355  164.34800720    0.00000000    0.00000000
   15.23277760  147.87100220    0.00000000    0.00000000
   15.23583317  175.98199463    0.00000000    0.00000000
   15.23916721  168.21800232    0.00000000    0.00000000
   15.24222279  177.40899658    0.00000000    0.00000000
   15.24833393  177.40899658    0.00000000    0.00000000
   15.25249958  172.26499939    0.00000000    0.00000000
   15.25583363  165.06900024    0.00000000    0.00000000
   15.25888920  161.25999451    0.00000000    0.00000000
   15.26222229  164.03599548    0.00000000    0.00000000
   15.26527786  161.41700745    0.00000000    0.00000000
   15.26861095  174.32699585    0.00000000    0.00000000
   15.27194405  172.97700500    0.00000000    0.00000000
   15.27499962  171.59899902    0.00000000    0.00000000
   15.27833271  164.72999573    0.00000000    0.00000000
   15.28166676  155.55799866    0.00000000    0.00000000
   15.28194427  171.73100281    0.00000000    0.00000000
   15.28527832  156.64100647    0.00000000    0.00000000
   15.29111195  156.64100647    0.00000000    0.00000000
   15.29527855  175.77799988    0.00000000    0.00000000
   15.29861164  166.09300232    0.00000000    0.00000000
   15.30166721  141.60099792    0.00000000    0.00000000
   15.30500031  158.24400330    0.00000000    0.00000000
   15.30833340  159.42500305    0.00000000    0.00000000
   15.31138897  156.11000061    0.00000000    0.00000000
   15.31472206  160.50100708    0.00000000    0.00000000
   15.31527805  168.01300049    0.00000000    0.00000000
   15.31833363  171.78599548    0.00000000    0.00000000
   15.32166672  154.24400330    0.00000000    0.00000000
   15.32499981  148.74800110    0.00000000    0.00000000
   15.32805538  162.69999695    0.00000000    0.00000000
   15.33416653  162.69999695    0.00000000    0.00000000
   15.33805561  160.31500244    0.00000000    0.00000000
   15.34138870  151.07899475    0.00000000    0.00000000
   15.34472179  148.75199890    0.00000000    0.00000000
   15.34777737  147.28100586    0.00000000    0.00000000
   15.34861088  163.54299927    0.00000000    0.00000000
   15.35166740  162.62600708    0.00000000    0.00000000
   15.35472298  150.06100464    0.00000000    0.00000000
   15.35805607  158.06399536    0.00000000    0.00000000
   15.36111164  174.83999634    0.00000000    0.00000000
   15.36444473  166.79800415    0.00000000    0.00000000
   15.36777782  172.14300537    0.00000000    0.00000000
   15.37083340  172.38600159    0.00000000    0.00000000
   15.37694454  172.38600159    0.00000000    0.00000000
   15.38111115  181.24200439    0.00000000    0.00000000
   15.38194466  167.06500244    0.00000000    0.00000000
   15.38444424  171.25900269    0.00000000    0.00000000
   15.38777733  165.66799927    0.00000000    0.00000000
   15.39111137  165.09199524    0.00000000    0.00000000
   15.39416695  149.98500061    0.00000000    0.00000000
   15.39750004  143.28199768    0.00000000    0.00000000
   15.40055561  155.37500000    0.00000000    0.00000000
   15.40388870  150.84800720    0.00000000    0.00000000
   15.40722179  170.18800354    0.00000000    0.00000000
   15.41027737  169.86399841    0.00000000    0.00000000
   15.41361046  162.99800110    0.00000000    0.00000000
   15.41527748  166.04400635    0.00000000    0.00000000
   15.41972256  166.04400635    0.00000000    0.00000000
   15.42388916  152.06300354    0.00000000    0.00000000
   15.42722225  170.72700500    0.00000000    0.00000000
   15.43027782  161.60099792    0.00000000    0.00000000
   15.43361092  161.98899841    0.00000000    0.00000000
   15.43694496  152.86399841    0.00000000    0.00000000
   15.44000053  169.92300415    0.00000000    0.00000000
   15.44333363  152.21400452    0.00000000    0.00000000
   15.44666672  164.38699341    0.00000000    0.00000000
   15.44861126  161.91000366    0.00000000    0.00000000
   15.44999981  161.18800354    0.00000000    0.00000000
   15.45333290  151.08900452    0.00000000    0.00000000
   15.45666695  164.13000488    0.00000000    0.00000000
   15.46249962  164.13000488    0.00000000    0.00000000
   15.46666622  153.32600403    0.00000000    0.00000000
   15.46999931  159.81700134    0.00000000    0.00000000
   15.47305489  155.59100342    0.00000000    0.00000000
   15.47638798  164.92399597    0.00000000    0.00000000
   15.47972202  151.39500427    0.00000000    0.00000000
   15.48194408  159.09500122    0.00000000    0.00000000
   15.48305511  159.25500488    0.00000000    0.00000000
   15.48638916  158.22300720    0.00000000    0.00000000
   15.48972225  160.94599915    0.00000000    0.00000000
   15.49277782  153.71699524    0.00000000    0.00000000
   15.49611092  167.91999817    0.00000000    0.00000000
   15.49916649  154.69400024    0.00000000    0.00000000
   15.50527763  154.69400024    0.00000000    0.00000000
   15.50944424  165.90899658    0.00000000    0.00000000
   15.51277733  166.72000122    0.00000000    0.00000000
   15.51527786  159.99200439    0.00000000    0.00000000
   15.51611137  171.89700317    0.00000000    0.00000000
   15.51944447  166.69299316    0.00000000    0.00000000
   15.52277756  167.25900269    0.00000000    0.00000000
   15.52583313  165.46200562    0.00000000    0.00000000
   15.52916622  165.82499695    0.00000000    0.00000000
   15.53249931  162.05900574    0.00000000    0.00000000
   15.53555584  157.69400024    0.00000000    0.00000000
   15.53888893  175.41299438    0.00000000    0.00000000
   15.54194450  182.76100159    0.00000000    0.00000000
   15.54833412  182.76100159    0.00000000    0.00000000
   15.55249977  172.42100525    0.00000000    0.00000000
   15.55555534  186.91700745    0.00000000    0.00000000
   15.55888939  188.73699951    0.00000000    0.00000000
   15.56222248  173.21099854    0.00000000    0.00000000
   15.56527805  176.84399414    0.00000000    0.00000000
   15.56861115  177.31300354    0.00000000    0.00000000
   15.57166672  190.28700256    0.00000000    0.00000000
   15.57499981  189.40499878    0.00000000    0.00000000
   15.57833290  186.78999329    0.00000000    0.00000000
   15.58138847  191.75700378    0.00000000    0.00000000
   15.58333302  182.84899902    0.00000000    0.00000000
   15.58500004  191.22399902    0.00000000    0.00000000
   15.59111118  191.22399902    0.00000000    0.00000000
   15.59527779  175.81399536    0.00000000    0.00000000
   15.59833336  171.16200256    0.00000000    0.00000000
   15.60166740  175.38900757    0.00000000    0.00000000
   15.60500050  178.10600281    0.00000000    0.00000000
   15.60833359  179.26499939    0.00000000    0.00000000
   15.61138916  168.36500549    0.00000000    0.00000000
   15.61472225  189.66200256    0.00000000    0.00000000
   15.61666679  191.77600098    0.00000000    0.00000000
   15.61805534  177.74200439    0.00000000    0.00000000
   15.62138939  175.31199646    0.00000000    0.00000000
   15.62472248  175.31700134    0.00000000    0.00000000
   15.62777805  189.63200378    0.00000000    0.00000000
   15.63388920  189.63200378    0.00000000    0.00000000
   15.63805580  172.24200439    0.00000000    0.00000000
   15.64138889  185.74899292    0.00000000    0.00000000
   15.64444447  171.60800171    0.00000000    0.00000000
   15.64777756  178.22900391    0.00000000    0.00000000
   15.65027714  184.42599487    0.00000000    0.00000000
   15.65138817  182.60099792    0.00000000    0.00000000
   15.65472221  186.50300598    0.00000000    0.00000000
   15.65777779  192.82099915    0.00000000    0.00000000
   15.66111088  194.53199768    0.00000000    0.00000000
   15.66444397  202.01400757    0.00000000    0.00000000
   15.66750050  173.34599304    0.00000000    0.00000000
   15.67083359  192.44700623    0.00000000    0.00000000
   15.67694473  192.44700623    0.00000000    0.00000000
   15.68083382  176.93699646    0.00000000    0.00000000
   15.68361092  178.80599976    0.00000000    0.00000000
   15.68444443  182.02499390    0.00000000    0.00000000
   15.68777752  178.39399719    0.00000000    0.00000000
   15.69083309  178.26400757    0.00000000    0.00000000
   15.69416714  187.91999817    0.00000000    0.00000000
   15.69750023  193.11500549    0.00000000    0.00000000
   15.70055580  177.41900635    0.00000000    0.00000000
   15.70388889  181.91900635    0.00000000    0.00000000
   15.70722198  194.19900513    0.00000000    0.00000000
   15.71027756  173.35699463    0.00000000    0.00000000
   15.71361065  183.69000244    0.00000000    0.00000000
   15.71972179  183.69000244    0.00000000    0.00000000
   15.72388840  190.54699707    0.00000000    0.00000000
   15.72694397  183.69799805    0.00000000    0.00000000
   15.73027706  188.23300171    0.00000000    0.00000000
   15.73361111  169.88900757    0.00000000    0.00000000
   15.73666668  201.12399292    0.00000000    0.00000000
   15.74000072  178.50999451    0.00000000    0.00000000
   15.74305534  173.31500244    0.00000000    0.00000000
   15.74638939  191.90699768    0.00000000    0.00000000
   15.74972248  181.50900269    0.00000000    0.00000000
   15.75055599  170.61700439    0.00000000    0.00000000
   15.75333309  201.49400330    0.00000000    0.00000000
   15.75638866  193.61999512    0.00000000    0.00000000
   15.76249981  193.61999512    0.00000000    0.00000000
   15.76666641  193.89199829    0.00000000    0.00000000
   15.76999950  198.08000183    0.00000000    0.00000000
   15.77305508  182.23500061    0.00000000    0.00000000
   15.77638817  184.42500305    0.00000000    0.00000000
   15.77972221  173.15199280    0.00000000    0.00000000
   15.78277779  181.18099976    0.00000000    0.00000000
   15.78388977  188.69999695    0.00000000    0.00000000
   15.78638935  193.18800354    0.00000000    0.00000000
   15.78944492  179.39100647    0.00000000    0.00000000
   15.79277802  185.86700439    0.00000000    0.00000000
   15.79611111  179.42300415    0.00000000    0.00000000
   15.79916668  183.49899292    0.00000000    0.00000000
   15.80527782  183.49899292    0.00000000    0.00000000
   15.80944443  189.45100403    0.00000000    0.00000000
   15.81277752  178.77900696    0.00000000    0.00000000
   15.81583309  186.61700439    0.00000000    0.00000000
   15.81750011  189.96899414    0.00000000    0.00000000
   15.81944466  195.77099609    0.00000000    0.00000000
   15.82277775  186.83299255    0.00000000    0.00000000
   15.82611084  193.26400757    0.00000000    0.00000000
   15.82916641  189.29600525    0.00000000    0.00000000
   15.83249950  185.56900024    0.00000000    0.00000000
   15.83583260  175.98800659    0.00000000    0.00000000
   15.83888817  179.68800354    0.00000000    0.00000000
   15.84222221  179.41000366    0.00000000    0.00000000
   15.84833336  179.41000366    0.00000000    0.00000000
   15.86666679  180.15899658    0.00000000    0.00000000
   15.86972237  196.19799805    0.00000000    0.00000000
   15.87305546  188.70700073    0.00000000    0.00000000
   15.87638855  204.33200073    0.00000000    0.00000000
   15.87944412  184.24200439    0.00000000    0.00000000
   15.88277817  190.12199402    0.00000000    0.00000000
   15.88583279  190.17199707    0.00000000    0.00000000
   15.89111137  190.17199707    0.00000000    0.00000000
   15.89527798  173.35099792    0.00000000    0.00000000
   15.89861107  188.83200073    0.00000000    0.00000000
   15.89972210  191.33799744    0.00000000    0.00000000
   15.90222168  193.52099609    0.00000000    0.00000000
   15.90555477  185.30599976    0.00000000    0.00000000
   15.90861034  187.04400635    0.00000000    0.00000000
   15.91194439  195.67300415    0.00000000    0.00000000
   15.91527748  194.52000427    0.00000000    0.00000000
   15.91833401  185.37899780    0.00000000    0.00000000
   15.92166710  202.16299438    0.00000000    0.00000000
   15.92500019  201.06900024    0.00000000    0.00000000
   15.92805576  204.72000122    0.00000000    0.00000000
   15.93416691  204.72000122    0.00000000    0.00000000
   15.93833351  197.17799377    0.00000000    0.00000000
   15.94138908  179.66000366    0.00000000    0.00000000
   15.94472218  190.53100586    0.00000000    0.00000000
   15.94805527  186.38200378    0.00000000    0.00000000
   15.95111084  199.35200500    0.00000000    0.00000000
   15.95444393  191.72200012    0.00000000    0.00000000
   15.95777798  185.96800232    0.00000000    0.00000000
   15.96083355  174.05999756    0.00000000    0.00000000
   15.96416664  196.26100159    0.00000000    0.00000000
   15.96638870  190.97599792    0.00000000    0.00000000
   15.96777725  179.04499817    0.00000000    0.00000000
   15.97111034  182.53900146    0.00000000    0.00000000
   15.97694397  182.53900146    0.00000000    0.00000000
   15.98111057  193.52299500    0.00000000    0.00000000
   15.98416710  194.84500122    0.00000000    0.00000000
   15.98750019  194.40699768    0.00000000    0.00000000
   15.99083328  199.15400696    0.00000000    0.00000000
   15.99388885  197.35200500    0.00000000    0.00000000
   15.99722290  178.53799438    0.00000000    0.00000000
   15.99972248  197.92399597    0.00000000    0.00000000
   16.00083351  162.77900696    0.00000000    0.00000000
   16.00416756  200.85499573    0.00000000    0.00000000
   16.00722313  199.10899353    0.00000000    0.00000000
   16.01055527  182.04400635    0.00000000    0.00000000
   16.01388931  196.81599426    0.00000000    0.00000000
   16.01972198  196.81599426    0.00000000    0.00000000
   16.02388954  181.50399780    0.00000000    0.00000000
   16.02722168  171.81599426    0.00000000    0.00000000
   16.03027725  166.66999817    0.00000000    0.00000000
   16.03305435  183.72599792    0.00000000    0.00000000
   16.03388786  167.69299316    0.00000000    0.00000000
   16.03722191  177.63099670    0.00000000    0.00000000
   16.04055595  183.91499329    0.00000000    0.00000000
   16.04361153  162.75399780    0.00000000    0.00000000
   16.04694366  172.90899658    0.00000000    0.00000000
   16.05027771  186.55200195    0.00000000    0.00000000
   16.05333328  176.10000610    0.00000000    0.00000000
   16.05666542  182.13800049    0.00000000    0.00000000
   16.06250000  182.13800049    0.00000000    0.00000000
   16.06666756  170.50000000    0.00000000    0.00000000
   16.07000160  163.33500671    0.00000000    0.00000000
   16.07305717  196.56500244    0.00000000    0.00000000
   16.07638931  179.04899597    0.00000000    0.00000000
   16.07972336  178.44500732    0.00000000    0.00000000
   16.08277893  170.19400024    0.00000000    0.00000000
   16.08611107  195.48800659    0.00000000    0.00000000
   16.08944511  177.98100281    0.00000000    0.00000000
   16.09250069  176.19200134    0.00000000    0.00000000
   16.09583473  180.85200500    0.00000000    0.00000000
   16.09889030  179.41499329    0.00000000    0.00000000
   16.09972191  178.15699768    0.00000000    0.00000000
   16.10555649  178.15699768    0.00000000    0.00000000
   16.10972214  174.42900085    0.00000000    0.00000000
   16.11277771  178.04400635    0.00000000    0.00000000
   16.11611176  172.21600342    0.00000000    0.00000000
   16.11916733  178.94200134    0.00000000    0.00000000
   16.12249947  172.74499512    0.00000000    0.00000000
   16.12583351  175.05400085    0.00000000    0.00000000
   16.12888908  170.57099915    0.00000000    0.00000000
   16.13222313  171.97099304    0.00000000    0.00000000
   16.13305473  167.41299438    0.00000000    0.00000000
   16.13555527  171.57499695    0.00000000    0.00000000
   16.13888931  167.32899475    0.00000000    0.00000000
   16.14222145  173.26600647    0.00000000    0.00000000
   16.14833260  173.26600647    0.00000000    0.00000000
   16.15250015  163.15800476    0.00000000    0.00000000
   16.15555573  173.34599304    0.00000000    0.00000000
   16.15888786  178.92999268    0.00000000    0.00000000
   16.16222191  178.14700317    0.00000000    0.00000000
   16.16527748  219.78799438    0.00000000    0.00000000
   16.16638756  191.06700134    0.00000000    0.00000000
   16.16888809  214.61999512    0.00000000    0.00000000
   16.17222214  195.65400696    0.00000000    0.00000000
   16.17555428  198.53100586    0.00000000    0.00000000
   16.17860985  222.69099426    0.00000000    0.00000000
   16.18194389  209.54899597    0.00000000    0.00000000
   16.18499947  215.20100403    0.00000000    0.00000000
   16.19111061  215.20100403    0.00000000    0.00000000
   16.19527626  186.84399414    0.00000000    0.00000000
   16.19861031  174.25000000    0.00000000    0.00000000
   16.19972038  174.02600098    0.00000000    0.00000000
   16.20194435  181.05000305    0.00000000    0.00000000
   16.20527840  165.11900330    0.00000000    0.00000000
   16.20861244  171.61999512    0.00000000    0.00000000
   16.21166801  172.96499634    0.00000000    0.00000000
   16.21500015  181.59199524    0.00000000    0.00000000
   16.21805573  180.93099976    0.00000000    0.00000000
   16.22138977  172.94900513    0.00000000    0.00000000
   16.22472191  163.35400391    0.00000000    0.00000000
   16.22777748  173.48899841    0.00000000    0.00000000
   16.23388863  173.48899841    0.00000000    0.00000000
   16.23805618  174.30900574    0.00000000    0.00000000
   16.24138832  170.83700562    0.00000000    0.00000000
   16.24472237  177.32099915    0.00000000    0.00000000
   16.24777794  172.72599792    0.00000000    0.00000000
   16.25111198  178.91999817    0.00000000    0.00000000
   16.25416756  176.79499817    0.00000000    0.00000000
   16.25749969  181.92900085    0.00000000    0.00000000
   16.26083374  172.94299316    0.00000000    0.00000000
   16.26388931  173.42599487    0.00000000    0.00000000
   16.26638794  177.74099731    0.00000000    0.00000000
   16.26749992  177.50999451    0.00000000    0.00000000
   16.27083397  170.19599915    0.00000000    0.00000000
   16.27694511  170.19599915    0.00000000    0.00000000
   16.28111076  173.70899963    0.00000000    0.00000000
   16.28416634  172.86399841    0.00000000    0.00000000
   16.28750038  173.43800354    0.00000000    0.00000000
   16.29055595  174.17599487    0.00000000    0.00000000
   16.29388809  157.90199280    0.00000000    0.00000000
   16.29722214  249.93200684    0.00000000    0.00000000
   16.29972076  164.85000610    0.00000000    0.00000000
   16.30055428  174.80599976    0.00000000    0.00000000
   16.30388832  156.32400513    0.00000000    0.00000000
   16.30694389  159.14900208    0.00000000    0.00000000
   16.31027794  176.78399658    0.00000000    0.00000000
   16.31361008  166.08599854    0.00000000    0.00000000
   16.31972313  166.08599854    0.00000000    0.00000000
   16.32389069  173.18699646    0.00000000    0.00000000
   16.32694626  175.47999573    0.00000000    0.00000000
   16.33027840  169.51800537    0.00000000    0.00000000
   16.33305550  170.23800659    0.00000000    0.00000000
   16.33388901  164.74899292    0.00000000    0.00000000
   16.33722305  169.04899597    0.00000000    0.00000000
   16.34055710  172.96600342    0.00000000    0.00000000
   16.34361267  167.45399475    0.00000000    0.00000000
   16.34694481  169.51499939    0.00000000    0.00000000
   16.35000038  169.19799805    0.00000000    0.00000000
   16.35333443  155.77600098    0.00000000    0.00000000
   16.35666656  162.18600464    0.00000000    0.00000000
   16.36250114  162.18600464    0.00000000    0.00000000
   16.36666679  174.54100037    0.00000000    0.00000000
   16.37000084  162.94900513    0.00000000    0.00000000
   16.37305641  175.44500732    0.00000000    0.00000000
   16.37638855  176.73100281    0.00000000    0.00000000
   16.37972260  154.34199524    0.00000000    0.00000000
   16.38277817  160.74099731    0.00000000    0.00000000
   16.38611031  169.27999878    0.00000000    0.00000000
   16.38944435  159.39199829    0.00000000    0.00000000
   16.39249992  164.91200256    0.00000000    0.00000000
   16.39583397  158.54200745    0.00000000    0.00000000
   16.39888954  156.77499390    0.00000000    0.00000000
   16.39972115  158.98100281    0.00000000    0.00000000
   16.40527725  158.98100281    0.00000000    0.00000000
   16.40944481  162.59500122    0.00000000    0.00000000
   16.41277695  163.18899536    0.00000000    0.00000000
   16.41583252  159.60800171    0.00000000    0.00000000
   16.41916656  162.58999634    0.00000000    0.00000000
   16.42249870  153.97500610    0.00000000    0.00000000
   16.42555428  162.85499573    0.00000000    0.00000000
   16.42888832  157.86099243    0.00000000    0.00000000
   16.43222237  167.05000305    0.00000000    0.00000000
   16.43305397  168.18299866    0.00000000    0.00000000
   16.43583298  174.97700500    0.00000000    0.00000000
   16.43888855  158.34899902    0.00000000    0.00000000
   16.44222069  160.09399414    0.00000000    0.00000000
   16.44833183  160.09399414    0.00000000    0.00000000
   16.45222282  158.67399597    0.00000000    0.00000000
   16.45555687  160.48300171    0.00000000    0.00000000
   16.45888901  158.56399536    0.00000000    0.00000000
   16.46194458  151.66799927    0.00000000    0.00000000
   16.46527863  156.16499329    0.00000000    0.00000000
   16.46638870  162.49200439    0.00000000    0.00000000
   16.46861076  162.80299377    0.00000000    0.00000000
   16.47194481  155.69200134    0.00000000    0.00000000
   16.47527885  163.89900208    0.00000000    0.00000000
   16.47833443  154.37300110    0.00000000    0.00000000
   16.48166656  164.50500488    0.00000000    0.00000000
   16.48472214  170.68899536    0.00000000    0.00000000
   16.49111176  170.68899536    0.00000000    0.00000000
   16.49527740  159.91200256    0.00000000    0.00000000
   16.49833298  157.00399780    0.00000000    0.00000000
   16.49972153  153.35200500    0.00000000    0.00000000
   16.50222206  155.20300293    0.00000000    0.00000000
   16.50527763  146.67199707    0.00000000    0.00000000
   16.50861168  149.15299988    0.00000000    0.00000000
   16.51166725  157.72099304    0.00000000    0.00000000
   16.51499939  160.49499512    0.00000000    0.00000000
   16.51833344  152.85000610    0.00000000    0.00000000
   16.52138901  155.43299866    0.00000000    0.00000000
   16.52472115  149.74400330    0.00000000    0.00000000
   16.52777672  158.83099365    0.00000000    0.00000000
   16.53388786  158.83099365    0.00000000    0.00000000
   16.53805542  158.81300354    0.00000000    0.00000000
   16.54138756  150.12800598    0.00000000    0.00000000
   16.54444313  164.01300049    0.00000000    0.00000000
   16.54777718  158.01400757    0.00000000    0.00000000
   16.55083275  158.03799438    0.00000000    0.00000000
   16.55416679  161.05000305    0.00000000    0.00000000
   16.55749893  163.64700317    0.00000000    0.00000000
   16.56055450  158.13499451    0.00000000    0.00000000
   16.56388855  155.96800232    0.00000000    0.00000000
   16.56638718  149.97200012    0.00000000    0.00000000
   16.56722260  174.57499695    0.00000000    0.00000000
   16.57055664  148.15899658    0.00000000    0.00000000
   16.57666779  148.15899658    0.00000000    0.00000000
   16.58083344  159.63600159    0.00000000    0.00000000
   16.58416748  161.41999817    0.00000000    0.00000000
   16.58722305  154.54800415    0.00000000    0.00000000
   16.59055710  169.98199463    0.00000000    0.00000000
   16.59388924  171.32000732    0.00000000    0.00000000
   16.59694481  164.85699463    0.00000000    0.00000000
   16.59972191  172.47700500    0.00000000    0.00000000
   16.60083389  157.70100403    0.00000000    0.00000000
   16.60388947  158.22000122    0.00000000    0.00000000
   16.60722351  166.86799622    0.00000000    0.00000000
   16.61027908  168.39399719    0.00000000    0.00000000
   16.61361122  178.78300476    0.00000000    0.00000000
   16.61972237  178.78300476    0.00000000    0.00000000
   16.62361145  169.74699402    0.00000000    0.00000000
   16.62694550  157.76400757    0.00000000    0.00000000
   16.63027763  166.25700378    0.00000000    0.00000000
   16.63305473  155.02200317    0.00000000    0.00000000
   16.63361168  164.46800232    0.00000000    0.00000000
   16.63694382  181.70700073    0.00000000    0.00000000
   16.64027786  152.28999329    0.00000000    0.00000000
   16.64333344  174.88000488    0.00000000    0.00000000
   16.64666748  172.60600281    0.00000000    0.00000000
   16.64972115  176.19900513    0.00000000    0.00000000
   16.65305519  180.87300110    0.00000000    0.00000000
   16.65638924  171.57000732    0.00000000    0.00000000
   16.66250038  171.57000732    0.00000000    0.00000000
   16.66666603  151.56599426    0.00000000    0.00000000
   16.66972160  168.71600342    0.00000000    0.00000000
   16.67305565  165.60000610    0.00000000    0.00000000
   16.67611122  149.00399780    0.00000000    0.00000000
   16.67944336  170.23500061    0.00000000    0.00000000
   16.68277740  170.68200684    0.00000000    0.00000000
   16.68583298  144.89799500    0.00000000    0.00000000
   16.68916512  144.15800476    0.00000000    0.00000000
   16.69249916  156.08599854    0.00000000    0.00000000
   16.69555473  166.56599426    0.00000000    0.00000000
   16.69888878  163.26600647    0.00000000    0.00000000
   16.69972038  160.97300720    0.00000000    0.00000000
   16.70527840  160.97300720    0.00000000    0.00000000
   16.70944595  170.20399475    0.00000000    0.00000000
   16.71250153  151.87300110    0.00000000    0.00000000
   16.71583366  153.97599792    0.00000000    0.00000000
   16.71916771  171.33000183    0.00000000    0.00000000
   16.72249985  161.06199646    0.00000000    0.00000000
   16.72555542  163.55400085    0.00000000    0.00000000
   16.72888947  161.44099426    0.00000000    0.00000000
   16.73222351  172.57600403    0.00000000    0.00000000
   16.73305511  171.70599365    0.00000000    0.00000000
   16.73555565  176.38699341    0.00000000    0.00000000
   16.73888969  155.04800415    0.00000000    0.00000000
   16.74222183  176.44200134    0.00000000    0.00000000
   16.74805641  176.44200134    0.00000000    0.00000000
   16.75222206  156.81300354    0.00000000    0.00000000
   16.75555611  172.28300476    0.00000000    0.00000000
   16.75861168  171.91299438    0.00000000    0.00000000
   16.76194382  170.52799988    0.00000000    0.00000000
   16.76527786  180.71600342    0.00000000    0.00000000
   16.76638794  170.15100098    0.00000000    0.00000000
   16.76861000  169.53500366    0.00000000    0.00000000
   16.77194405  161.00100708    0.00000000    0.00000000
   16.77527809  173.08399963    0.00000000    0.00000000
   16.77833366  146.01699829    0.00000000    0.00000000
   16.78166580  147.77999878    0.00000000    0.00000000
   16.78499985  157.92300415    0.00000000    0.00000000
   16.79111099  157.92300415    0.00000000    0.00000000
   16.79500008  175.35699463    0.00000000    0.00000000
   16.79833221  174.17300415    0.00000000    0.00000000
   16.79972076  162.99600220    0.00000000    0.00000000
   16.80166626  156.92100525    0.00000000    0.00000000
   16.80499840  158.50300598    0.00000000    0.00000000
   16.80833244  147.97300720    0.00000000    0.00000000
   16.81166649  143.02900696    0.00000000    0.00000000
   16.81472206  160.88000488    0.00000000    0.00000000
   16.81805611  145.06900024    0.00000000    0.00000000
   16.82111168  165.07400513    0.00000000    0.00000000
   16.82444572  172.67300415    0.00000000    0.00000000
   16.82777786  168.68400574    0.00000000    0.00000000
   16.83388901  168.68400574    0.00000000    0.00000000
   16.83805656  165.08200073    0.00000000    0.00000000
   16.84111214  165.63699341    0.00000000    0.00000000
   16.84444427  173.33200073    0.00000000    0.00000000
   16.84777832  173.72399902    0.00000000    0.00000000
   16.85083389  160.64500427    0.00000000    0.00000000
   16.85416794  176.83999634    0.00000000    0.00000000
   16.85722351  184.91900635    0.00000000    0.00000000
   16.86055565  184.79800415    0.00000000    0.00000000
   16.86388969  165.21400452    0.00000000    0.00000000
   16.86638832  171.77900696    0.00000000    0.00000000
   16.88694382  171.77900696    0.00000000    0.00000000
   16.89111137  180.06300354    0.00000000    0.00000000
   16.89416695  211.27699280    0.00000000    0.00000000
   16.89749908  174.30900574    0.00000000    0.00000000
   16.89972115  197.87199402    0.00000000    0.00000000
   16.90111160  174.54200745    0.00000000    0.00000000
   16.90416718  197.91499329    0.00000000    0.00000000
   16.90749931  188.23599243    0.00000000    0.00000000
   16.91083336  208.61000061    0.00000000    0.00000000
   16.91388893  174.72300720    0.00000000    0.00000000
   16.91722107  181.39300537    0.00000000    0.00000000
   16.92055511  190.33299255    0.00000000    0.00000000
   16.92361069  199.82000732    0.00000000    0.00000000
   16.92972183  199.82000732    0.00000000    0.00000000
   16.93388748  194.51499939    0.00000000    0.00000000
   16.93694305  188.85299683    0.00000000    0.00000000
   16.94027710  135.05799866    0.00000000    0.00000000
   16.94361115  164.49600220    0.00000000    0.00000000
   16.94666672  181.51600647    0.00000000    0.00000000
   16.95000076  175.83000183    0.00000000    0.00000000
   16.95333481  156.03199768    0.00000000    0.00000000
   16.95639038  206.35400391    0.00000000    0.00000000
   16.95972252  171.10699463    0.00000000    0.00000000
   16.96277809  163.26600647    0.00000000    0.00000000
   16.96611214  178.79200745    0.00000000    0.00000000
   16.96666718  190.98599243    0.00000000    0.00000000
   16.97249985  190.98599243    0.00000000    0.00000000
   16.97666740  184.09300232    0.00000000    0.00000000
   16.98000145  177.67199707    0.00000000    0.00000000
   16.98305511  185.75100708    0.00000000    0.00000000
   16.98638916  186.14799500    0.00000000    0.00000000
   16.98944473  185.33299255    0.00000000    0.00000000
   16.99277878  184.27000427    0.00000000    0.00000000
   16.99611092  191.53500366    0.00000000    0.00000000
   16.99916649  184.81100464    0.00000000    0.00000000
   17.00000000  195.46099854    0.00000000    0.00000000
   17.00277710  204.59100342    0.00000000    0.00000000
   17.00611115  172.22799683    0.00000000    0.00000000
   17.00944519  177.19799805    0.00000000    0.00000000
   17.01527786  177.19799805    0.00000000    0.00000000
   17.01944351  191.88299561    0.00000000    0.00000000
   17.02277756  158.86700439    0.00000000    0.00000000
   17.02583313  168.15299988    0.00000000    0.00000000
   17.02916718  180.17599487    0.00000000    0.00000000
   17.03249931  192.39300537    0.00000000    0.00000000
   17.03333282  187.38099670    0.00000000    0.00000000
   17.03583336  189.62800598    0.00000000    0.00000000
   17.03916550  195.96400452    0.00000000    0.00000000
   17.04249954  176.61799622    0.00000000    0.00000000
   17.04555511  175.51199341    0.00000000    0.00000000
   17.04888916  176.38800049    0.00000000    0.00000000
   17.05222130  160.00900269    0.00000000    0.00000000
   17.05833244  160.00900269    0.00000000    0.00000000
   17.06222153  226.34500122    0.00000000    0.00000000
   17.06555557  172.51300049    0.00000000    0.00000000
   17.06666756  179.85099792    0.00000000    0.00000000
   17.06888962  180.34199524    0.00000000    0.00000000
   17.07222366  182.61599731    0.00000000    0.00000000
   17.07555580  180.48199463    0.00000000    0.00000000
   17.07861137  182.10000610    0.00000000    0.00000000
   17.08194542  193.22900391    0.00000000    0.00000000
   17.08527756  178.95799255    0.00000000    0.00000000
   17.08833313  174.26499939    0.00000000    0.00000000
   17.09166718  164.45399475    0.00000000    0.00000000
   17.09472275  203.55299377    0.00000000    0.00000000
   17.10111237  203.55299377    0.00000000    0.00000000
   17.10527802  173.39500427    0.00000000    0.00000000
   17.10833359  194.80700684    0.00000000    0.00000000
   17.11166763  178.88900757    0.00000000    0.00000000
   17.11499977  171.43699646    0.00000000    0.00000000
   17.11805534  159.21899414    0.00000000    0.00000000
   17.12138939  174.66499329    0.00000000    0.00000000
   17.12444496  187.23899841    0.00000000    0.00000000
   17.12777710  151.67399597    0.00000000    0.00000000
   17.13111115  177.49499512    0.00000000    0.00000000
   17.13333321  164.00900269    0.00000000    0.00000000
   17.13472176  160.61000061    0.00000000    0.00000000
