    HOUR (UT)   FLARE FACTOR    SKY TESTER    SUN TESTER
   13.56138897   -1.00000000   -1.00000000   -1.00000000
   13.61277771   60.02230072    0.00000000    0.00000000
   13.61611176   61.42369843    0.00000000    0.00000000
   13.61916637   62.05759811    0.00000000    0.00000000
   13.62250042   60.76070023    0.00000000    0.00000000
   13.62583351   61.65420151    0.00000000    0.00000000
   13.62888908   60.94919968    0.00000000    0.00000000
   13.63305569   60.94919968    0.00000000    0.00000000
   13.63722229   61.74340057    0.00000000    0.00000000
   13.64055538   61.22639847    0.00000000    0.00000000
   13.64361095   62.24639893    0.00000000    0.00000000
   13.64638901   60.61059952    0.00000000    0.00000000
   13.64750004   61.24869919    0.00000000    0.00000000
   13.65083313   61.26020050    0.00000000    0.00000000
   13.65416622   60.63140106    0.00000000    0.00000000
   13.65722179   61.27700043    0.00000000    0.00000000
   13.66055489   60.81869888    0.00000000    0.00000000
   13.66388893   68.62609863    0.00000000    0.00000000
   13.66694450   61.74399948    0.00000000    0.00000000
   13.67027855   62.56829834    0.00000000    0.00000000
   13.67583370   62.56829834    0.00000000    0.00000000
   13.68000031   73.58640289    0.00000000    0.00000000
   13.68333340   62.36040115    0.00000000    0.00000000
   13.68638897   61.22880173    0.00000000    0.00000000
   13.68972206   68.86129761    0.00000000    0.00000000
   13.69305515   61.30789948    0.00000000    0.00000000
   13.69611073   62.77000046    0.00000000    0.00000000
   13.69944477   61.20769882    0.00000000    0.00000000
   13.70249939   60.69810104    0.00000000    0.00000000
   13.70583344   62.50030136    0.00000000    0.00000000
   13.70916653   61.43529892    0.00000000    0.00000000
   13.71222210   63.05120087    0.00000000    0.00000000
   13.71277714   61.11669922    0.00000000    0.00000000
   13.71861076   61.11669922    0.00000000    0.00000000
   13.72277737   62.44810104    0.00000000    0.00000000
   13.72611046   61.43880081    0.00000000    0.00000000
   13.72944355   62.04660034    0.00000000    0.00000000
   13.73249912   61.86980057    0.00000000    0.00000000
   13.73583317   61.22710037    0.00000000    0.00000000
   13.73888874   61.55189896    0.00000000    0.00000000
   13.74222279   60.40570068    0.00000000    0.00000000
   13.74555588   60.64680099    0.00000000    0.00000000
   13.74611092   61.28720093    0.00000000    0.00000000
   13.74916649   60.78409958    0.00000000    0.00000000
   13.75222206   60.39680099    0.00000000    0.00000000
   13.75555515   60.96080017    0.00000000    0.00000000
   13.76166630   60.96080017    0.00000000    0.00000000
   13.76583290   61.23329926    0.00000000    0.00000000
   13.76888847   60.08679962    0.00000000    0.00000000
   13.77222157   61.52439880    0.00000000    0.00000000
   13.77527714   60.30749893    0.00000000    0.00000000
   13.77861118   60.44309998    0.00000000    0.00000000
   13.77944374   62.31219864    0.00000000    0.00000000
   13.78222179   60.36529922    0.00000000    0.00000000
   13.78527832   59.36529922    0.00000000    0.00000000
   13.78861141   60.75669861    0.00000000    0.00000000
   13.79194450   60.38150024    0.00000000    0.00000000
   13.79500008   60.56520081    0.00000000    0.00000000
   13.79833412   60.68999863    0.00000000    0.00000000
   13.80444431   60.68999863    0.00000000    0.00000000
   13.80861092   60.01779938    0.00000000    0.00000000
   13.81166649   60.24050140    0.00000000    0.00000000
   13.81277752   60.59260178    0.00000000    0.00000000
   13.81555557   61.21139908    0.00000000    0.00000000
   13.81861115   60.33530045    0.00000000    0.00000000
   13.82194424   59.90530014    0.00000000    0.00000000
   13.82527733   66.73899841    0.00000000    0.00000000
   13.82833290   60.59500122    0.00000000    0.00000000
   13.83166695   61.89749908    0.00000000    0.00000000
   13.83472157   61.55479813    0.00000000    0.00000000
   13.83805561   60.60630035    0.00000000    0.00000000
   13.84138870   62.55559921    0.00000000    0.00000000
   13.84722233   62.55559921    0.00000000    0.00000000
   13.85138893   60.87720108    0.00000000    0.00000000
   13.85472298   60.30390167    0.00000000    0.00000000
   13.85777855   60.03279877    0.00000000    0.00000000
   13.86111164   61.15190125    0.00000000    0.00000000
   13.86444473   60.91930008    0.00000000    0.00000000
   13.86750031   61.32419968    0.00000000    0.00000000
   13.87083340   61.00230026    0.00000000    0.00000000
   13.87388897   60.47850037    0.00000000    0.00000000
   13.87722206   61.07860184    0.00000000    0.00000000
   13.87944412   60.72389984    0.00000000    0.00000000
   13.88083363   61.12319946    0.00000000    0.00000000
   13.88388920   61.25880051    0.00000000    0.00000000
   13.89000034   61.25880051    0.00000000    0.00000000
   13.89416695   61.09260178    0.00000000    0.00000000
   13.89750004   61.85110092    0.00000000    0.00000000
   13.90083313   60.34870148    0.00000000    0.00000000
   13.90388870   61.88219833    0.00000000    0.00000000
   13.90722179   62.88990021    0.00000000    0.00000000
   13.91027737   62.21469879    0.00000000    0.00000000
   13.91277695   61.96210098    0.00000000    0.00000000
   13.91416645   63.38759995    0.00000000    0.00000000
   13.91722298   61.62369919    0.00000000    0.00000000
   13.92055607   61.45700073    0.00000000    0.00000000
   13.92388916   61.44609833    0.00000000    0.00000000
   13.92694473   62.79449844    0.00000000    0.00000000
   13.93305588   62.79449844    0.00000000    0.00000000
   13.93722248   63.12369919    0.00000000    0.00000000
   13.94027805   62.21060181    0.00000000    0.00000000
   13.94361115   62.17229843    0.00000000    0.00000000
   13.94611073   63.46699905    0.00000000    0.00000000
   13.94722271   64.30310059    0.00000000    0.00000000
   13.95055580   66.90760040    0.00000000    0.00000000
   13.95361137   63.15890121    0.00000000    0.00000000
   13.95694447   62.79079819    0.00000000    0.00000000
   13.96000004   63.07289886    0.00000000    0.00000000
   13.96333313   62.39059830    0.00000000    0.00000000
   13.96666622   62.51699829    0.00000000    0.00000000
   13.96972179   64.33419800    0.00000000    0.00000000
   13.97583294   64.33419800    0.00000000    0.00000000
   13.97999954   63.93920135    0.00000000    0.00000000
   13.98305511   62.40209961    0.00000000    0.00000000
   13.98638916   64.71160126    0.00000000    0.00000000
   13.98972225   70.84539795    0.00000000    0.00000000
   13.99277782   69.85109711    0.00000000    0.00000000
   13.99611092   64.23079681    0.00000000    0.00000000
   13.99944496   62.79240036    0.00000000    0.00000000
   14.00249958   71.78730011    0.00000000    0.00000000
   14.00583363   65.23699951    0.00000000    0.00000000
   14.00888920   65.46320343    0.00000000    0.00000000
   14.01222229   66.45800018    0.00000000    0.00000000
   14.01277733   66.02339935    0.00000000    0.00000000
   14.01861095   66.02339935    0.00000000    0.00000000
   14.02277756   65.93769836    0.00000000    0.00000000
   14.02611065   69.21779633    0.00000000    0.00000000
   14.02916622   63.79710007    0.00000000    0.00000000
   14.03249931   65.32649994    0.00000000    0.00000000
   14.03583336   72.72769928    0.00000000    0.00000000
   14.03888893   65.02330017    0.00000000    0.00000000
   14.04222298   70.48500061    0.00000000    0.00000000
   14.04527855   66.50679779    0.00000000    0.00000000
   14.04611111   74.76650238    0.00000000    0.00000000
   14.04888916   75.28949738    0.00000000    0.00000000
   14.05194473   72.27100372    0.00000000    0.00000000
   14.05527782   64.96040344    0.00000000    0.00000000
   14.06138897   64.96040344    0.00000000    0.00000000
   14.06555557   66.66880035    0.00000000    0.00000000
   14.06888866   64.39299774    0.00000000    0.00000000
   14.07222176   66.04930115    0.00000000    0.00000000
   14.07527733   66.92919922    0.00000000    0.00000000
   14.07861137   65.45520020    0.00000000    0.00000000
   14.07944393   64.81369781    0.00000000    0.00000000
   14.08222198   63.79150009    0.00000000    0.00000000
   14.08527756   68.70179749    0.00000000    0.00000000
   14.08861065   66.21980286    0.00000000    0.00000000
   14.09194374   65.74230194    0.00000000    0.00000000
   14.09499931   71.92849731    0.00000000    0.00000000
   14.09833336   68.82360077    0.00000000    0.00000000
   14.10444450   68.82360077    0.00000000    0.00000000
   14.10833359   64.95989990    0.00000000    0.00000000
   14.11166668   66.33489990    0.00000000    0.00000000
   14.11277771   65.00019836    0.00000000    0.00000000
   14.11527824   66.02749634    0.00000000    0.00000000
   14.11833382   65.60980225    0.00000000    0.00000000
   14.12166691   66.97460175    0.00000000    0.00000000
   14.12500000   65.24739838    0.00000000    0.00000000
   14.12805557   66.38849640    0.00000000    0.00000000
   14.13138866   66.99250031    0.00000000    0.00000000
   14.13472176   64.04499817    0.00000000    0.00000000
   14.13777733   65.47540283    0.00000000    0.00000000
   14.14111137   65.77439880    0.00000000    0.00000000
   14.14722252   65.77439880    0.00000000    0.00000000
   14.15138817   66.64620209    0.00000000    0.00000000
   14.15444374   67.49900055    0.00000000    0.00000000
   14.15777779   64.67400360    0.00000000    0.00000000
   14.16111088   65.40480042    0.00000000    0.00000000
   14.16416645   66.72360229    0.00000000    0.00000000
   14.16750050   67.79450226    0.00000000    0.00000000
   14.17055607   66.35199738    0.00000000    0.00000000
   14.17388916   66.69270325    0.00000000    0.00000000
   14.17722225   65.50209808    0.00000000    0.00000000
   14.17944431   66.99279785    0.00000000    0.00000000
   14.18083382   70.82740021    0.00000000    0.00000000
   14.18416691   67.28559875    0.00000000    0.00000000
   14.19000053   67.28559875    0.00000000    0.00000000
   14.19416714   66.61009979    0.00000000    0.00000000
   14.19750023   67.41239929    0.00000000    0.00000000
   14.20055580   70.56539917    0.00000000    0.00000000
   14.20388889   69.70169830    0.00000000    0.00000000
   14.20722198   68.06819916    0.00000000    0.00000000
   14.21027756   67.94609833    0.00000000    0.00000000
   14.21277714   67.86150360    0.00000000    0.00000000
   14.21388912   67.27179718    0.00000000    0.00000000
   14.21694374   67.89739990    0.00000000    0.00000000
   14.22027779   66.49230194    0.00000000    0.00000000
   14.22361088   67.84410095    0.00000000    0.00000000
   14.22666645   66.60600281    0.00000000    0.00000000
   14.23277760   66.60600281    0.00000000    0.00000000
   14.23694515   65.80780029    0.00000000    0.00000000
   14.24027824   67.38059998    0.00000000    0.00000000
   14.24333382   68.15119934    0.00000000    0.00000000
   14.24611092   69.18309784    0.00000000    0.00000000
   14.24722290   67.25039673    0.00000000    0.00000000
   14.25027752   67.49410248    0.00000000    0.00000000
   14.25361156   68.97650146    0.00000000    0.00000000
   14.25694466   66.72470093    0.00000000    0.00000000
   14.26000023   66.26460266    0.00000000    0.00000000
   14.26333332   66.71579742    0.00000000    0.00000000
   14.26638889   69.50399780    0.00000000    0.00000000
   14.26972198   67.18000031    0.00000000    0.00000000
   14.27583313   67.18000031    0.00000000    0.00000000
   14.27972221   67.28559875    0.00000000    0.00000000
   14.28305531   67.47660065    0.00000000    0.00000000
   14.28638935   67.63999939    0.00000000    0.00000000
   14.28972244   70.21140289    0.00000000    0.00000000
   14.29277802   70.62020111    0.00000000    0.00000000
   14.29611111   68.94349670    0.00000000    0.00000000
   14.29916668   68.78089905    0.00000000    0.00000000
   14.30249977   68.81099701    0.00000000    0.00000000
   14.30583382   67.10880280    0.00000000    0.00000000
   14.30888939   66.32399750    0.00000000    0.00000000
   14.31222248   67.30690002    0.00000000    0.00000000
   14.31277752   67.27890015    0.00000000    0.00000000
   14.31861115   67.27890015    0.00000000    0.00000000
   14.32277775   67.43599701    0.00000000    0.00000000
   14.32583332   69.84100342    0.00000000    0.00000000
   14.32916641   68.63510132    0.00000000    0.00000000
   14.33249950   71.82749939    0.00000000    0.00000000
   14.33555508   84.22389984    0.00000000    0.00000000
   14.33888817   71.89489746    0.00000000    0.00000000
   14.34194374   74.41079712    0.00000000    0.00000000
   14.34527779   75.13719940    0.00000000    0.00000000
   14.34611034   71.97019958    0.00000000    0.00000000
   14.34888840   77.19319916    0.00000000    0.00000000
   14.35194492   75.22440338    0.00000000    0.00000000
   14.35527802   82.63919830    0.00000000    0.00000000
   14.36138916   82.63919830    0.00000000    0.00000000
   14.36555576   86.69190216    0.00000000    0.00000000
   14.36888885   85.96549988    0.00000000    0.00000000
   14.37194443   82.57759857    0.00000000    0.00000000
   14.37527752   78.29460144    0.00000000    0.00000000
   14.37833309   81.42669678    0.00000000    0.00000000
   14.37944412   93.23280334    0.00000000    0.00000000
   14.38194466   80.13909912    0.00000000    0.00000000
   14.38527775   72.08049774    0.00000000    0.00000000
   14.38833332   73.99759674    0.00000000    0.00000000
   14.39166641   76.73390198    0.00000000    0.00000000
   14.39472198   83.17539978    0.00000000    0.00000000
   14.39805508   77.47350311    0.00000000    0.00000000
   14.40416622   77.47350311    0.00000000    0.00000000
   14.40833282   78.12670135    0.00000000    0.00000000
   14.41166592   75.20290375    0.00000000    0.00000000
   14.41277695   71.70210266    0.00000000    0.00000000
   14.41527748   69.99410248    0.00000000    0.00000000
   14.41861153   72.55329895    0.00000000    0.00000000
   14.42166710   69.43669891    0.00000000    0.00000000
   14.42500019   80.67849731    0.00000000    0.00000000
   14.42805576   78.24659729    0.00000000    0.00000000
   14.43138885   72.37650299    0.00000000    0.00000000
   14.43472195   68.34310150    0.00000000    0.00000000
   14.43777752   73.91570282    0.00000000    0.00000000
   14.44111156   73.76830292    0.00000000    0.00000000
   14.44722271   73.76830292    0.00000000    0.00000000
   14.45111084   69.66359711    0.00000000    0.00000000
   14.45444393   68.87560272    0.00000000    0.00000000
   14.45777798   85.12660217    0.00000000    0.00000000
   14.46083355   76.23200226    0.00000000    0.00000000
   14.46416664   76.87979889    0.00000000    0.00000000
   14.46749973   69.42140198    0.00000000    0.00000000
   14.47055531   73.84480286    0.00000000    0.00000000
   14.47388840   79.62500000    0.00000000    0.00000000
   14.47694397   71.88040161    0.00000000    0.00000000
   14.47944355   70.14399719    0.00000000    0.00000000
   14.48055553   69.94460297    0.00000000    0.00000000
   14.48388958   78.02149963    0.00000000    0.00000000
   14.49000072   78.02149963    0.00000000    0.00000000
   14.49416733   70.87229919    0.00000000    0.00000000
   14.49722290   75.09590149    0.00000000    0.00000000
   14.50055599   80.09870148    0.00000000    0.00000000
   14.50388908   75.14179993    0.00000000    0.00000000
   14.50694466   80.63120270    0.00000000    0.00000000
   14.51027775   74.82790375    0.00000000    0.00000000
   14.51277733   74.39320374    0.00000000    0.00000000
   14.51388931   77.75779724    0.00000000    0.00000000
   14.51722240   87.75440216    0.00000000    0.00000000
   14.52027798   72.69110107    0.00000000    0.00000000
   14.52361107   76.24089813    0.00000000    0.00000000
   14.52666664   70.14119720    0.00000000    0.00000000
   14.53277779   70.14119720    0.00000000    0.00000000
   14.53694534   77.01879883    0.00000000    0.00000000
   14.54027843   79.15019989    0.00000000    0.00000000
   14.54333401   77.33560181    0.00000000    0.00000000
   14.54611111   79.99929810    0.00000000    0.00000000
   14.54694462   74.43360138    0.00000000    0.00000000
   14.55027771   76.07189941    0.00000000    0.00000000
   14.55333328   87.19680023    0.00000000    0.00000000
   14.55666733   76.53340149    0.00000000    0.00000000
   14.55972195   80.63140106    0.00000000    0.00000000
   14.56305599   81.35299683    0.00000000    0.00000000
   14.56638908   84.75309753    0.00000000    0.00000000
   14.56944466   80.57939911    0.00000000    0.00000000
   14.57555580   80.57939911    0.00000000    0.00000000
   14.57972240   84.74160004    0.00000000    0.00000000
   14.58305550   84.29969788    0.00000000    0.00000000
   14.58611107   86.17030334    0.00000000    0.00000000
   14.58944416   84.49690247    0.00000000    0.00000000
   14.59277725   72.07080078    0.00000000    0.00000000
   14.59583282   79.30670166    0.00000000    0.00000000
   14.59916592   81.47709656    0.00000000    0.00000000
   14.60249996   84.27079773    0.00000000    0.00000000
   14.60555553   81.09770203    0.00000000    0.00000000
   14.60888958   82.10839844    0.00000000    0.00000000
   14.61194515   77.88659668    0.00000000    0.00000000
   14.61277771   82.35260010    0.00000000    0.00000000
   14.63361073   82.35260010    0.00000000    0.00000000
   14.63777733   85.75599670    0.00000000    0.00000000
   14.64111137   83.45700073    0.00000000    0.00000000
   14.64416695   77.96779633    0.00000000    0.00000000
   14.64611053   74.69100189    0.00000000    0.00000000
   14.64777756   79.77469635    0.00000000    0.00000000
   14.65111065   73.58350372    0.00000000    0.00000000
   14.65416622   78.11009979    0.00000000    0.00000000
   14.65749931   78.32080078    0.00000000    0.00000000
   14.66083336   78.04850006    0.00000000    0.00000000
   14.66388893   76.46700287    0.00000000    0.00000000
   14.66722298   76.12760162    0.00000000    0.00000000
   14.67027855   80.67479706    0.00000000    0.00000000
   14.67638874   80.67479706    0.00000000    0.00000000
   14.68055630   77.37570190    0.00000000    0.00000000
   14.68361092   76.96659851    0.00000000    0.00000000
   14.68694496   74.34510040    0.00000000    0.00000000
   14.69027805   74.92600250    0.00000000    0.00000000
   14.69333363   81.98429871    0.00000000    0.00000000
   14.69666672   75.98290253    0.00000000    0.00000000
   14.70027733   78.07790375    0.00000000    0.00000000
   14.70333290   75.86219788    0.00000000    0.00000000
   14.70694447   81.66960144    0.00000000    0.00000000
   14.71027756   74.15560150    0.00000000    0.00000000
   14.71277714   75.01969910    0.00000000    0.00000000
   14.71388912   76.12429810    0.00000000    0.00000000
   14.71916580   76.12429810    0.00000000    0.00000000
   14.72333336   71.86650085    0.00000000    0.00000000
   14.72666645   73.10350037    0.00000000    0.00000000
   14.72972202   81.04969788    0.00000000    0.00000000
   14.73305511   73.67780304    0.00000000    0.00000000
   14.73638916   73.69640350    0.00000000    0.00000000
   14.73944473   72.63849640    0.00000000    0.00000000
   14.74277782   75.18409729    0.00000000    0.00000000
   14.74583340   78.53079987    0.00000000    0.00000000
   14.74638939   76.23699951    0.00000000    0.00000000
   14.74972248   77.60310364    0.00000000    0.00000000
   14.75277805   78.83910370    0.00000000    0.00000000
   14.75611115   73.35630035    0.00000000    0.00000000
   14.76194477   73.35630035    0.00000000    0.00000000
   14.76611137   79.71620178    0.00000000    0.00000000
   14.76944447   74.68969727    0.00000000    0.00000000
   14.77277756   79.04499817    0.00000000    0.00000000
   14.77583313   75.92939758    0.00000000    0.00000000
   14.77916622   80.33080292    0.00000000    0.00000000
   14.77972221   76.28089905    0.00000000    0.00000000
   14.78277779   77.98419952    0.00000000    0.00000000
   14.78583336   76.82029724    0.00000000    0.00000000
   14.78916740   79.86609650    0.00000000    0.00000000
   14.79250050   82.51560211    0.00000000    0.00000000
   14.79555607   87.90540314    0.00000000    0.00000000
   14.79888916   79.33399963    0.00000000    0.00000000
   14.80500031   79.33399963    0.00000000    0.00000000
   14.80916691   82.99330139    0.00000000    0.00000000
   14.81222248   83.46559906    0.00000000    0.00000000
   14.81305599   84.59950256    0.00000000    0.00000000
   14.81583309   81.27010345    0.00000000    0.00000000
   14.81888866   86.92610168    0.00000000    0.00000000
   14.82222176   81.95490265    0.00000000    0.00000000
   14.82555580   82.42259979    0.00000000    0.00000000
   14.82861137   72.02089691    0.00000000    0.00000000
   14.83194447   73.99900055    0.00000000    0.00000000
   14.83527756   74.71499634    0.00000000    0.00000000
   14.83833313   81.52909851    0.00000000    0.00000000
   14.84166622   88.47750092    0.00000000    0.00000000
   14.84777737   88.47750092    0.00000000    0.00000000
   14.85194492   85.43039703    0.00000000    0.00000000
   14.85500050   82.74340057    0.00000000    0.00000000
   14.85833359   77.28990173    0.00000000    0.00000000
   14.86166668   74.25330353    0.00000000    0.00000000
   14.86472225   81.25820160    0.00000000    0.00000000
   14.86805534   77.64160156    0.00000000    0.00000000
   14.87138939   73.80049896    0.00000000    0.00000000
   14.87444496   78.09410095    0.00000000    0.00000000
   14.87777805   81.47180176    0.00000000    0.00000000
   14.87972260   82.24379730    0.00000000    0.00000000
   14.88138866   70.01110077    0.00000000    0.00000000
   14.88444424   73.31739807    0.00000000    0.00000000
   14.89055538   73.31739807    0.00000000    0.00000000
   14.89472198   70.75430298    0.00000000    0.00000000
   14.89805508   71.01660156    0.00000000    0.00000000
   14.90111065   70.84670258    0.00000000    0.00000000
   14.90444374   68.92359924    0.00000000    0.00000000
   14.90777779   71.73490143    0.00000000    0.00000000
   14.91083336   68.88549805    0.00000000    0.00000000
   14.91305542   68.56829834    0.00000000    0.00000000
   14.91444397   71.97219849    0.00000000    0.00000000
   14.91777802   70.48750305    0.00000000    0.00000000
   14.92083359   69.90820313    0.00000000    0.00000000
   14.92416668   68.18309784    0.00000000    0.00000000
   14.92722225   69.86370087    0.00000000    0.00000000
   14.93333340   69.86370087    0.00000000    0.00000000
   14.93750000   70.11799622    0.00000000    0.00000000
   14.94083309   72.22080231    0.00000000    0.00000000
   14.94416714   77.60890198    0.00000000    0.00000000
   14.94638920   70.18540192    0.00000000    0.00000000
   14.94777775   68.75209808    0.00000000    0.00000000
   14.95111084   70.77989960    0.00000000    0.00000000
   14.95416641   67.91600037    0.00000000    0.00000000
   14.95749950   83.16809845    0.00000000    0.00000000
   14.96055508   71.22540283    0.00000000    0.00000000
   14.96388912   69.98760223    0.00000000    0.00000000
   14.96722221   69.72129822    0.00000000    0.00000000
   14.97055531   74.74210358    0.00000000    0.00000000
   14.97638798   74.74210358    0.00000000    0.00000000
   14.98055553   67.71209717    0.00000000    0.00000000
   14.98361111   69.11029816    0.00000000    0.00000000
   14.98694515   68.09040070    0.00000000    0.00000000
   14.99000072   69.30480194    0.00000000    0.00000000
   14.99333382   70.63169861    0.00000000    0.00000000
   14.99666691   68.97619629    0.00000000    0.00000000
   14.99972248   69.38870239    0.00000000    0.00000000
   15.00305557   68.84079742    0.00000000    0.00000000
   15.00638866   68.48280334    0.00000000    0.00000000
   15.00944424   74.27339935    0.00000000    0.00000000
   15.01277733   69.55439758    0.00000000    0.00000000
   15.01333332   69.38459778    0.00000000    0.00000000
   15.01916599   69.38459778    0.00000000    0.00000000
   15.02333355   74.42179871    0.00000000    0.00000000
   15.02638817   77.23349762    0.00000000    0.00000000
   15.02972221   68.12439728    0.00000000    0.00000000
   15.03305531   68.42220306    0.00000000    0.00000000
   15.03611183   77.22810364    0.00000000    0.00000000
   15.03944492   76.55120087    0.00000000    0.00000000
   15.04277802   74.44159698    0.00000000    0.00000000
   15.04583359   72.84149933    0.00000000    0.00000000
   15.04666710   78.61160278    0.00000000    0.00000000
   15.04944515   76.95220184    0.00000000    0.00000000
   15.05277824   90.69020081    0.00000000    0.00000000
   15.05611134   77.46649933    0.00000000    0.00000000
   15.06194496   77.46649933    0.00000000    0.00000000
   15.06611156   83.18710327    0.00000000    0.00000000
   15.06944466   84.83090210    0.00000000    0.00000000
   15.07250023   85.44390106    0.00000000    0.00000000
   15.07583332   80.99569702    0.00000000    0.00000000
   15.07916641   80.50270081    0.00000000    0.00000000
   15.07999992   78.23690033    0.00000000    0.00000000
   15.08249950   82.32949829    0.00000000    0.00000000
   15.08583260   80.60399628    0.00000000    0.00000000
   15.08888817   77.53500366    0.00000000    0.00000000
   15.09222221   78.53250122    0.00000000    0.00000000
   15.09555531   79.43769836    0.00000000    0.00000000
   15.09861088   74.43520355    0.00000000    0.00000000
   15.10472298   74.43520355    0.00000000    0.00000000
   15.10888958   73.58409882    0.00000000    0.00000000
   15.11222267   82.07039642    0.00000000    0.00000000
   15.11333370   75.38760376    0.00000000    0.00000000
   15.11583328   81.09410095    0.00000000    0.00000000
   15.11916637   77.59279633    0.00000000    0.00000000
   15.12222195   75.28569794    0.00000000    0.00000000
   15.12555599   76.68920135    0.00000000    0.00000000
   15.12888908   81.47669983    0.00000000    0.00000000
   15.13222218   75.18150330    0.00000000    0.00000000
   15.13527775   74.32119751    0.00000000    0.00000000
   15.13861084   78.16929626    0.00000000    0.00000000
   15.14194393   75.00530243    0.00000000    0.00000000
   15.14777756   75.00530243    0.00000000    0.00000000
   15.15194416   74.73539734    0.00000000    0.00000000
   15.15499973   82.93750000    0.00000000    0.00000000
   15.15833282   91.16249847    0.00000000    0.00000000
   15.16138840   76.04399872    0.00000000    0.00000000
   15.16472149   82.02850342    0.00000000    0.00000000
   15.16805553   85.66870117    0.00000000    0.00000000
   15.17111111   78.28589630    0.00000000    0.00000000
   15.29194450   -1.00000000   -1.00000000   -1.00000000
   15.39083290   -1.00000000   -1.00000000   -1.00000000
   15.69388866   -1.00000000   -1.00000000   -1.00000000
   15.91333294   87.91459656    0.00000000    0.00000000
   15.91638851  146.92700195    0.00000000    0.00000000
   15.91972256  128.86500549    0.00000000    0.00000000
   15.92305565  118.91899872    0.00000000    0.00000000
   15.92611122  135.89799500    0.00000000    0.00000000
   15.92944431  119.91100311    0.00000000    0.00000000
   15.93361092  119.91100311    0.00000000    0.00000000
   15.93777752  150.29400635    0.00000000    0.00000000
   15.94083309  133.50999451    0.00000000    0.00000000
   15.94416714  150.22500610    0.00000000    0.00000000
   15.94666672  153.17599487    0.00000000    0.00000000
   15.94750023  142.06399536    0.00000000    0.00000000
   15.95083332  156.52900696    0.00000000    0.00000000
   15.95416641  149.11300659    0.00000000    0.00000000
   15.95722198  130.93899536    0.00000000    0.00000000
   15.96055508  131.35099792    0.00000000    0.00000000
   15.96361065  117.54599762    0.00000000    0.00000000
   15.96694374  120.69200134    0.00000000    0.00000000
   15.97027779  138.86599731    0.00000000    0.00000000
   15.97638798  138.86599731    0.00000000    0.00000000
   15.98055553  136.44799805    0.00000000    0.00000000
   15.98361111  127.67400360    0.00000000    0.00000000
   15.98694515  144.57099915    0.00000000    0.00000000
   15.99027824  118.86299896    0.00000000    0.00000000
   15.99333382  133.63299561    0.00000000    0.00000000
   15.99666691  132.88600159    0.00000000    0.00000000
   16.00000000  138.83099365    0.00000000    0.00000000
   16.00305557  142.96899414    0.00000000    0.00000000
   16.00638962  142.00100708    0.00000000    0.00000000
   16.00944519  139.97900391    0.00000000    0.00000000
   16.01277733  143.43099976    0.00000000    0.00000000
   16.01333427  136.99699402    0.00000000    0.00000000
   16.01916695  136.99699402    0.00000000    0.00000000
   16.02333260  126.30200195    0.00000000    0.00000000
   16.02666664  137.82400513    0.00000000    0.00000000
   16.02972221  129.53599548    0.00000000    0.00000000
   16.03305435  133.33099365    0.00000000    0.00000000
   16.03638840  126.27500153    0.00000000    0.00000000
   16.03944397  137.81199646    0.00000000    0.00000000
   16.04277802  133.65600586    0.00000000    0.00000000
   16.04583359  126.70500183    0.00000000    0.00000000
   16.04666710  140.47500610    0.00000000    0.00000000
   16.04944420  134.97399902    0.00000000    0.00000000
   16.05277634  137.36900330    0.00000000    0.00000000
   16.05611038  156.71000671    0.00000000    0.00000000
   16.06194305  156.71000671    0.00000000    0.00000000
   16.06611061  128.89799500    0.00000000    0.00000000
   16.06944466  127.39499664    0.00000000    0.00000000
   16.07277870  123.87300110    0.00000000    0.00000000
   16.07583427  126.75299835    0.00000000    0.00000000
   16.07916832  135.02200317    0.00000000    0.00000000
   16.08000183  129.13600159    0.00000000    0.00000000
   16.08250046  137.63800049    0.00000000    0.00000000
   16.08583450  131.99699402    0.00000000    0.00000000
   16.08916664  129.00599670    0.00000000    0.00000000
   16.09222221  138.15400696    0.00000000    0.00000000
   16.09555626  128.65800476    0.00000000    0.00000000
   16.09889030  141.21899414    0.00000000    0.00000000
   16.10499954  141.21899414    0.00000000    0.00000000
   16.10916710  130.71499634    0.00000000    0.00000000
   16.11222267  117.47000122    0.00000000    0.00000000
   16.11333466  112.11900330    0.00000000    0.00000000
   16.11583328  116.56199646    0.00000000    0.00000000
   16.11916733  127.66999817    0.00000000    0.00000000
   16.12249947  123.83100128    0.00000000    0.00000000
   16.12555504  116.14199829    0.00000000    0.00000000
   16.12888908  113.41400146    0.00000000    0.00000000
   16.13222313  110.62999725    0.00000000    0.00000000
   16.13527679  127.72799683    0.00000000    0.00000000
   16.13861084  112.38400269    0.00000000    0.00000000
   16.14166641  121.36499786    0.00000000    0.00000000
   16.14777756  121.36499786    0.00000000    0.00000000
   16.15194321  117.50800323    0.00000000    0.00000000
   16.15499878  125.39700317    0.00000000    0.00000000
   16.15833282  129.79499817    0.00000000    0.00000000
   16.16166687  113.08399963    0.00000000    0.00000000
   16.16472244  116.30799866    0.00000000    0.00000000
   16.16805458  111.47899628    0.00000000    0.00000000
   16.17138863  118.86599731    0.00000000    0.00000000
   16.17444420  117.13700104    0.00000000    0.00000000
   16.17777634  113.84999847    0.00000000    0.00000000
   16.18000031  125.75299835    0.00000000    0.00000000
   16.18111038  113.38899994    0.00000000    0.00000000
   16.18444443  117.70200348    0.00000000    0.00000000
   16.19055557  117.70200348    0.00000000    0.00000000
   16.19472122  128.06500244    0.00000000    0.00000000
   16.19805527  129.12899780    0.00000000    0.00000000
   16.20111275  108.14499664    0.00000000    0.00000000
   16.20444489  119.60199738    0.00000000    0.00000000
   16.20777893  113.42800140    0.00000000    0.00000000
   16.21083450  123.17900085    0.00000000    0.00000000
   16.21333504  125.73799896    0.00000000    0.00000000
   16.21472359  125.75000000    0.00000000    0.00000000
   16.21777916  121.21800232    0.00000000    0.00000000
   16.22111130  117.41999817    0.00000000    0.00000000
   16.22416687  103.82199860    0.00000000    0.00000000
   16.22750092  107.07599640    0.00000000    0.00000000
   16.23333359  107.07599640    0.00000000    0.00000000
   16.23750114  107.41100311    0.00000000    0.00000000
   16.24083328  110.10800171    0.00000000    0.00000000
   16.24416733  115.58200073    0.00000000    0.00000000
   16.24666786  107.44300079    0.00000000    0.00000000
   16.24749947  110.14499664    0.00000000    0.00000000
   16.25083351  109.29399872    0.00000000    0.00000000
   16.25416756  117.24900055    0.00000000    0.00000000
   16.25722313  108.96399689    0.00000000    0.00000000
   16.26055527  118.49199677    0.00000000    0.00000000
   16.26388931  113.11199951    0.00000000    0.00000000
   16.26694489  119.85600281    0.00000000    0.00000000
   16.27027702  110.34200287    0.00000000    0.00000000
   16.27638817  110.34200287    0.00000000    0.00000000
   16.28055573  104.97399902    0.00000000    0.00000000
   16.28361130  112.02799988    0.00000000    0.00000000
   16.28694344  116.48899841    0.00000000    0.00000000
   16.28999901  110.17700195    0.00000000    0.00000000
   16.29333305  121.70999908    0.00000000    0.00000000
   16.29666710  111.36900330    0.00000000    0.00000000
   16.29972076  116.09400177    0.00000000    0.00000000
   16.30305481  124.17800140    0.00000000    0.00000000
   16.30638885  119.75599670    0.00000000    0.00000000
   16.30944443  105.08200073    0.00000000    0.00000000
   16.31277657  110.24900055    0.00000000    0.00000000
   16.31333351  107.74700165    0.00000000    0.00000000
   16.31916809  107.74700165    0.00000000    0.00000000
   16.32333374  101.51200104    0.00000000    0.00000000
   16.32638931  108.27799988    0.00000000    0.00000000
   16.32972336  112.78299713    0.00000000    0.00000000
   16.33305550  111.06099701    0.00000000    0.00000000
   16.33611107  105.28199768    0.00000000    0.00000000
   16.33944511  123.04900360    0.00000000    0.00000000
   16.34277916  110.54399872    0.00000000    0.00000000
   16.34583473  107.13099670    0.00000000    0.00000000
   16.34666824  102.32900238    0.00000000    0.00000000
   16.34972191  101.08000183    0.00000000    0.00000000
   16.35277748  106.94000244    0.00000000    0.00000000
   16.35611153  127.90399933    0.00000000    0.00000000
   16.36194420  127.90399933    0.00000000    0.00000000
   16.36611176  113.80000305    0.00000000    0.00000000
   16.36944389  128.35899353    0.00000000    0.00000000
   16.37249947  100.49800110    0.00000000    0.00000000
   16.37583351  104.04199982    0.00000000    0.00000000
   16.37916756  114.82399750    0.00000000    0.00000000
   16.38000107  126.58599854    0.00000000    0.00000000
   16.38277817  125.17199707    0.00000000    0.00000000
   16.38583374  133.06700134    0.00000000    0.00000000
   16.38916588   99.41449738    0.00000000    0.00000000
   16.39249992  113.02400208    0.00000000    0.00000000
   16.39555550  114.89600372    0.00000000    0.00000000
   16.39888954  111.97399902    0.00000000    0.00000000
   16.40472221  111.97399902    0.00000000    0.00000000
   16.40888786  106.68000031    0.00000000    0.00000000
   16.41222191  115.32599640    0.00000000    0.00000000
   16.41333389  118.45099640    0.00000000    0.00000000
   16.41583252  112.41699982    0.00000000    0.00000000
   16.41888809  106.54399872    0.00000000    0.00000000
   16.42222214  117.12200165    0.00000000    0.00000000
   16.42527771  106.76799774    0.00000000    0.00000000
   16.42860985  114.57599640    0.00000000    0.00000000
   16.43194389  125.48300171    0.00000000    0.00000000
   16.43499947  115.30799866    0.00000000    0.00000000
   16.43833160  106.89600372    0.00000000    0.00000000
   16.44166565  113.31500244    0.00000000    0.00000000
   16.44777679  113.31500244    0.00000000    0.00000000
   16.45194435  107.01599884    0.00000000    0.00000000
   16.45499992  123.10299683    0.00000000    0.00000000
   16.45833397  108.94300079    0.00000000    0.00000000
   16.46138954  144.65699768    0.00000000    0.00000000
   16.46472359  137.55900574    0.00000000    0.00000000
   16.46805573  144.45899963    0.00000000    0.00000000
   16.47111130  123.07299805    0.00000000    0.00000000
   16.47444534  121.86399841    0.00000000    0.00000000
   16.47777748  117.26499939    0.00000000    0.00000000
   16.48000145  108.47899628    0.00000000    0.00000000
   16.48139000  108.99099731    0.00000000    0.00000000
   16.48444557  120.71099854    0.00000000    0.00000000
   16.49055672  120.71099854    0.00000000    0.00000000
   16.49472237  127.69499969    0.00000000    0.00000000
   16.49777794  110.29599762    0.00000000    0.00000000
   16.50111198  111.97599792    0.00000000    0.00000000
   16.50444412  107.80100250    0.00000000    0.00000000
   16.50777817  114.71299744    0.00000000    0.00000000
   16.51083374  105.58899689    0.00000000    0.00000000
   16.51333427  113.70400238    0.00000000    0.00000000
   16.51444435  114.56300354    0.00000000    0.00000000
   16.51749992  109.69899750    0.00000000    0.00000000
   16.52083397  108.26799774    0.00000000    0.00000000
   16.52388954  100.27200317    0.00000000    0.00000000
   16.52722168  118.35800171    0.00000000    0.00000000
   16.53333282  118.35800171    0.00000000    0.00000000
   16.53750038  105.96700287    0.00000000    0.00000000
   16.54083252  111.10900116    0.00000000    0.00000000
   16.54388809  120.49299622    0.00000000    0.00000000
   16.54666710  123.48000336    0.00000000    0.00000000
   16.54777718  122.55799866    0.00000000    0.00000000
   16.55083275  123.80500031    0.00000000    0.00000000
   16.55416679  118.25099945    0.00000000    0.00000000
   16.55749893  106.14800262    0.00000000    0.00000000
   16.56055450   99.82489777    0.00000000    0.00000000
   16.56388855  128.21899414    0.00000000    0.00000000
   16.56694603  119.47000122    0.00000000    0.00000000
   16.57027817  117.27300262    0.00000000    0.00000000
   16.57611275  117.27300262    0.00000000    0.00000000
   16.58027840  112.05300140    0.00000000    0.00000000
   16.58361244  118.53299713    0.00000000    0.00000000
   16.58666801  112.56099701    0.00000000    0.00000000
   16.59000015  111.85700226    0.00000000    0.00000000
   16.59333420  109.55100250    0.00000000    0.00000000
   16.59638977  108.59899902    0.00000000    0.00000000
   16.59972191  137.70199585    0.00000000    0.00000000
   16.60305595  100.46800232    0.00000000    0.00000000
   16.60611153  109.62000275    0.00000000    0.00000000
   16.60944557  116.10900116    0.00000000    0.00000000
   16.61250114  101.98799896    0.00000000    0.00000000
   16.61333466  130.61999512    0.00000000    0.00000000
   16.61916733  130.61999512    0.00000000    0.00000000
   16.62333298  126.97100067    0.00000000    0.00000000
   16.62638855  133.50000000    0.00000000    0.00000000
   16.62972260  129.87399292    0.00000000    0.00000000
   16.63277817  131.00500488    0.00000000    0.00000000
   16.63611031  145.88099670    0.00000000    0.00000000
   16.63944435  135.40499878    0.00000000    0.00000000
   16.64249992  115.78500366    0.00000000    0.00000000
   16.64583397  167.98699951    0.00000000    0.00000000
   16.64666748  140.92399597    0.00000000    0.00000000
   16.64944458  125.38300323    0.00000000    0.00000000
   16.65250015  122.37300110    0.00000000    0.00000000
   16.65583229  130.48399353    0.00000000    0.00000000
   16.66194344  130.48399353    0.00000000    0.00000000
   16.66611099  160.32099915    0.00000000    0.00000000
   16.66916656  143.37500000    0.00000000    0.00000000
   16.67249870  135.65699768    0.00000000    0.00000000
   16.67583275  100.27799988    0.00000000    0.00000000
   16.67916679  119.14900208    0.00000000    0.00000000
   16.68000031  103.35099792    0.00000000    0.00000000
   16.68277740  111.74099731    0.00000000    0.00000000
   16.68583298  114.01499939    0.00000000    0.00000000
   16.68916512  130.90100098    0.00000000    0.00000000
   16.69249916  104.28600311    0.00000000    0.00000000
   16.69555473  112.60700226    0.00000000    0.00000000
   16.69888878  101.80799866    0.00000000    0.00000000
   16.70472336  101.80799866    0.00000000    0.00000000
   16.70888901  109.74900055    0.00000000    0.00000000
   16.71222305  115.53600311    0.00000000    0.00000000
   16.71333504  110.72000122    0.00000000    0.00000000
   16.71583366  113.35800171    0.00000000    0.00000000
   16.71888924  116.67800140    0.00000000    0.00000000
   16.72222328  117.25900269    0.00000000    0.00000000
   16.72555542  109.77500153    0.00000000    0.00000000
   16.72861099  112.70700073    0.00000000    0.00000000
   16.73194504  117.68099976    0.00000000    0.00000000
   16.73527718  114.53600311    0.00000000    0.00000000
   16.73833275  112.77100372    0.00000000    0.00000000
   16.74166679  102.06999969    0.00000000    0.00000000
   16.74749947  102.06999969    0.00000000    0.00000000
   16.75166702  114.88099670    0.00000000    0.00000000
   16.75499916  106.15899658    0.00000000    0.00000000
   16.75833321  109.84100342    0.00000000    0.00000000
   16.76138878  104.54499817    0.00000000    0.00000000
   16.76472282  108.44599915    0.00000000    0.00000000
   16.76777840  112.44300079    0.00000000    0.00000000
   16.77111053  109.86399841    0.00000000    0.00000000
   16.77444458  112.58599854    0.00000000    0.00000000
   16.77750015  108.46199799    0.00000000    0.00000000
   16.78000069  112.59300232    0.00000000    0.00000000
   16.78111076  116.28500366    0.00000000    0.00000000
   16.78416634  114.42099762    0.00000000    0.00000000
   16.79055595  114.42099762    0.00000000    0.00000000
   16.79472160  115.37500000    0.00000000    0.00000000
   16.79777718  105.16600037    0.00000000    0.00000000
   16.80111122  118.09600067    0.00000000    0.00000000
   16.80416679  114.41100311    0.00000000    0.00000000
   16.80749893  112.62599945    0.00000000    0.00000000
   16.81083298  107.62100220    0.00000000    0.00000000
   16.81333351  115.25399780    0.00000000    0.00000000
   16.81444359  111.62799835    0.00000000    0.00000000
   16.81750107  107.09400177    0.00000000    0.00000000
   16.82083511  118.57900238    0.00000000    0.00000000
   16.82416725  123.24600220    0.00000000    0.00000000
   16.82722282  108.02300262    0.00000000    0.00000000
   16.83333397  108.02300262    0.00000000    0.00000000
   16.83750153  122.02500153    0.00000000    0.00000000
   16.84083366  115.56300354    0.00000000    0.00000000
   16.84388924  112.23000336    0.00000000    0.00000000
   16.84666824  119.58499908    0.00000000    0.00000000
   16.84777832  117.51999664    0.00000000    0.00000000
   16.85083389  113.12500000    0.00000000    0.00000000
   16.85416794  118.12899780    0.00000000    0.00000000
   16.85750008  117.92299652    0.00000000    0.00000000
   16.86055565  116.04699707    0.00000000    0.00000000
   16.86388969  118.50299835    0.00000000    0.00000000
   16.86722183  110.27300262    0.00000000    0.00000000
   16.87027740  117.16300201    0.00000000    0.00000000
   16.87611198  117.16300201    0.00000000    0.00000000
   16.88027763  112.00800323    0.00000000    0.00000000
   16.88361168  116.30000305    0.00000000    0.00000000
   16.88666725  108.63600159    0.00000000    0.00000000
   16.88999939  124.21800232    0.00000000    0.00000000
   16.89333344  130.98399353    0.00000000    0.00000000
   16.89638901  127.97399902    0.00000000    0.00000000
   16.89972115  119.15100098    0.00000000    0.00000000
   16.90277672  122.68099976    0.00000000    0.00000000
   16.90611076  130.17799377    0.00000000    0.00000000
   16.90944481  120.75499725    0.00000000    0.00000000
   16.91250038  109.23000336    0.00000000    0.00000000
   16.91333389  106.38400269    0.00000000    0.00000000
   16.93416595  106.38400269    0.00000000    0.00000000
   16.93833160  106.32800293    0.00000000    0.00000000
   16.94138718  110.33200073    0.00000000    0.00000000
   16.94472122  112.39199829    0.00000000    0.00000000
   16.94666672  121.86199951    0.00000000    0.00000000
   16.94833183  118.61199951    0.00000000    0.00000000
   16.95166779  108.38300323    0.00000000    0.00000000
   16.95472336  109.88700104    0.00000000    0.00000000
   16.95805550  113.48600006    0.00000000    0.00000000
   16.96111107  112.95500183    0.00000000    0.00000000
   16.96444511  109.27400208    0.00000000    0.00000000
   16.96777916  115.22899628    0.00000000    0.00000000
   16.97083473  113.58999634    0.00000000    0.00000000
   16.97694588  113.58999634    0.00000000    0.00000000
   16.98111153  112.23999786    0.00000000    0.00000000
   16.98416710  117.74299622    0.00000000    0.00000000
   16.98750114  105.17400360    0.00000000    0.00000000
   16.99083328  115.88500214    0.00000000    0.00000000
   16.99388885  111.81800079    0.00000000    0.00000000
   16.99722290  117.07399750    0.00000000    0.00000000
   17.00027847  128.85099792    0.00000000    0.00000000
   17.00361061  110.11199951    0.00000000    0.00000000
   17.00694466  111.51999664    0.00000000    0.00000000
   17.01000023  120.61399841    0.00000000    0.00000000
   17.01333427  119.17500305    0.00000000    0.00000000
   17.01388931  134.76499939    0.00000000    0.00000000
   17.01972198  134.76499939    0.00000000    0.00000000
   17.02388954  122.44799805    0.00000000    0.00000000
   17.02722168  118.16100311    0.00000000    0.00000000
   17.03027725  123.90100098    0.00000000    0.00000000
   17.03361130  120.84200287    0.00000000    0.00000000
   17.03666687  115.19999695    0.00000000    0.00000000
   17.03999901  114.46099854    0.00000000    0.00000000
   17.04333305  124.43299866    0.00000000    0.00000000
   17.04638863  126.26499939    0.00000000    0.00000000
   17.04722214  126.32499695    0.00000000    0.00000000
   17.04999924  132.66000366    0.00000000    0.00000000
   17.05333328  124.94300079    0.00000000    0.00000000
   17.05638885  115.12899780    0.00000000    0.00000000
   17.06250000  115.12899780    0.00000000    0.00000000
   17.06666756  125.95500183    0.00000000    0.00000000
   17.07000160  116.75299835    0.00000000    0.00000000
   17.07305717  123.65100098    0.00000000    0.00000000
   17.07638931  137.80799866    0.00000000    0.00000000
   17.07972336  112.88600159    0.00000000    0.00000000
   17.08055687  106.75700378    0.00000000    0.00000000
   17.08305550  115.92600250    0.00000000    0.00000000
   17.08638954  116.83399963    0.00000000    0.00000000
   17.08972359  109.99199677    0.00000000    0.00000000
   17.09277916  132.28999329    0.00000000    0.00000000
   17.09611130  123.67400360    0.00000000    0.00000000
   17.09916687  129.40100098    0.00000000    0.00000000
   17.10555649  129.40100098    0.00000000    0.00000000
   17.10944557  111.22299957    0.00000000    0.00000000
   17.11277771  106.68000031    0.00000000    0.00000000
   17.11388969  109.86100006    0.00000000    0.00000000
   17.11638832  136.32800293    0.00000000    0.00000000
   17.11972237  112.14700317    0.00000000    0.00000000
   17.12305641  119.96900177    0.00000000    0.00000000
   17.12611198  105.84899902    0.00000000    0.00000000
   17.12944412   93.71890259    0.00000000    0.00000000
   17.13249969  101.78099823    0.00000000    0.00000000
   17.13583374  103.94300079    0.00000000    0.00000000
   17.13916588  116.48200226    0.00000000    0.00000000
   17.14222145  111.48500061    0.00000000    0.00000000
   17.14833260  111.48500061    0.00000000    0.00000000
   17.15250015  108.10199738    0.00000000    0.00000000
   17.15555573  109.69200134    0.00000000    0.00000000
   17.15888786  103.27999878    0.00000000    0.00000000
   17.16222191  106.66000366    0.00000000    0.00000000
   17.16527748  107.11900330    0.00000000    0.00000000
   17.16860962  136.52099609    0.00000000    0.00000000
   17.17166519  108.57700348    0.00000000    0.00000000
   17.17499924  107.60099792    0.00000000    0.00000000
   17.17833328   97.52290344    0.00000000    0.00000000
   17.18055534  104.45600128    0.00000000    0.00000000
   17.18166542   92.17729950    0.00000000    0.00000000
   17.18499947  100.44499969    0.00000000    0.00000000
   17.19111061  100.44499969    0.00000000    0.00000000
   17.19527626  105.86299896    0.00000000    0.00000000
   17.19861031  105.15000153    0.00000000    0.00000000
   17.20166779  103.46800232    0.00000000    0.00000000
   17.20499992  106.87000275    0.00000000    0.00000000
   17.20805550  107.23500061    0.00000000    0.00000000
   17.21138954  103.58000183    0.00000000    0.00000000
   17.21389008  108.82800293    0.00000000    0.00000000
   17.21500015  105.83300018    0.00000000    0.00000000
   17.21833420  105.78500366    0.00000000    0.00000000
   17.22166634  105.22000122    0.00000000    0.00000000
   17.22472191  100.59600067    0.00000000    0.00000000
   17.22805595  108.12300110    0.00000000    0.00000000
   17.23388863  108.12300110    0.00000000    0.00000000
   17.23805618  107.38999939    0.00000000    0.00000000
   17.24138832  100.23799896    0.00000000    0.00000000
   17.24444389   99.71820068    0.00000000    0.00000000
   17.24722290  110.37500000    0.00000000    0.00000000
   17.24805641  104.69899750    0.00000000    0.00000000
   17.25138855  102.94699860    0.00000000    0.00000000
   17.25472260  104.55799866    0.00000000    0.00000000
   17.25777817  102.85900116    0.00000000    0.00000000
   17.26111031  100.16100311    0.00000000    0.00000000
   17.26416588   99.27230072    0.00000000    0.00000000
   17.26749992   97.47989655    0.00000000    0.00000000
   17.27083397  100.57199860    0.00000000    0.00000000
   17.27666664  100.57199860    0.00000000    0.00000000
   17.28083229  104.42400360    0.00000000    0.00000000
   17.28416634  105.88700104    0.00000000    0.00000000
   17.28750038   97.28119659    0.00000000    0.00000000
   17.29055595  104.56300354    0.00000000    0.00000000
   17.29388809  115.27400208    0.00000000    0.00000000
   17.29694366  106.11799622    0.00000000    0.00000000
   17.30027771  105.80300140    0.00000000    0.00000000
   17.30360985  106.88400269    0.00000000    0.00000000
   17.30666542  110.20999908    0.00000000    0.00000000
   17.30999947  113.37500000    0.00000000    0.00000000
   17.31333351  111.35199738    0.00000000    0.00000000
   17.31388855  104.90799713    0.00000000    0.00000000
   17.31972313  104.90799713    0.00000000    0.00000000
   17.32389069   99.18019867    0.00000000    0.00000000
   17.32694626  102.87300110    0.00000000    0.00000000
   17.33027840  100.15000153    0.00000000    0.00000000
   17.33361244  111.36399841    0.00000000    0.00000000
   17.33666801  103.76200104    0.00000000    0.00000000
   17.34000015   98.13420105    0.00000000    0.00000000
   17.34305573  102.77600098    0.00000000    0.00000000
   17.34638977  104.66400146    0.00000000    0.00000000
   17.34722328  102.49500275    0.00000000    0.00000000
   17.35000038  103.73500061    0.00000000    0.00000000
   17.35305595  100.87500000    0.00000000    0.00000000
   17.35639000  102.48100281    0.00000000    0.00000000
   17.36250114  102.48100281    0.00000000    0.00000000
   17.36666679   93.60829926    0.00000000    0.00000000
   17.36972237  104.58200073    0.00000000    0.00000000
   17.37305641  102.71099854    0.00000000    0.00000000
   17.37638855  101.03700256    0.00000000    0.00000000
   17.37944412  106.07199860    0.00000000    0.00000000
   17.38055611  102.70200348    0.00000000    0.00000000
   17.38333321   98.77480316    0.00000000    0.00000000
   17.38638878   92.18070221    0.00000000    0.00000000
   17.38972282   95.35810089    0.00000000    0.00000000
   17.39277840   97.52050018    0.00000000    0.00000000
   17.39611053   97.40930176    0.00000000    0.00000000
   17.39944458   99.29640198    0.00000000    0.00000000
   17.40527725   99.29640198    0.00000000    0.00000000
   17.40944481  106.77500153    0.00000000    0.00000000
   17.41277695   92.27960205    0.00000000    0.00000000
   17.41388893   96.82039642    0.00000000    0.00000000
   17.41638756  105.46399689    0.00000000    0.00000000
   17.41944313  103.81999969    0.00000000    0.00000000
   17.42277718   93.45549774    0.00000000    0.00000000
   17.42583275  112.54599762    0.00000000    0.00000000
   17.42916679  104.44000244    0.00000000    0.00000000
   17.43249893  101.69799805    0.00000000    0.00000000
   17.43555450  117.16300201    0.00000000    0.00000000
   17.43888855  109.34600067    0.00000000    0.00000000
   17.44222069  102.38800049    0.00000000    0.00000000
   17.44833183  102.38800049    0.00000000    0.00000000
   17.45222282   96.83380127    0.00000000    0.00000000
   17.45555687  102.91500092    0.00000000    0.00000000
   17.45888901   91.39520264    0.00000000    0.00000000
   17.46194458   93.93789673    0.00000000    0.00000000
   17.46527863  106.52100372    0.00000000    0.00000000
   17.46833420   93.68509674    0.00000000    0.00000000
   17.47166634   96.74770355    0.00000000    0.00000000
   17.47500038   96.57849884    0.00000000    0.00000000
   17.47805595  102.69000244    0.00000000    0.00000000
   17.48055649  104.93000031    0.00000000    0.00000000
   17.48166656  105.54000092    0.00000000    0.00000000
   17.48500061  104.74900055    0.00000000    0.00000000
   17.49111176  104.74900055    0.00000000    0.00000000
   17.49527740  105.96399689    0.00000000    0.00000000
   17.49833298  102.39199829    0.00000000    0.00000000
   17.50166702  106.28700256    0.00000000    0.00000000
   17.50472260  107.02899933    0.00000000    0.00000000
   17.50805473  107.24099731    0.00000000    0.00000000
   17.51138878  109.38600159    0.00000000    0.00000000
   17.51388931  106.62200165    0.00000000    0.00000000
   17.51472282  103.40100098    0.00000000    0.00000000
   17.51805496  107.80500031    0.00000000    0.00000000
   17.52138901  104.54000092    0.00000000    0.00000000
   17.52444458  100.29599762    0.00000000    0.00000000
   17.52777672  103.78199768    0.00000000    0.00000000
   17.53388786  103.78199768    0.00000000    0.00000000
   17.53805542  110.29000092    0.00000000    0.00000000
   17.54111099  105.30100250    0.00000000    0.00000000
   17.54444313   96.13009644    0.00000000    0.00000000
   17.54722214   99.28630066    0.00000000    0.00000000
   17.54805565  102.72299957    0.00000000    0.00000000
   17.55138779  101.98200226    0.00000000    0.00000000
   17.55472183  108.94000244    0.00000000    0.00000000
   17.55777740  110.68699646    0.00000000    0.00000000
   17.56110954  106.04100037    0.00000000    0.00000000
   17.56444359  104.94899750    0.00000000    0.00000000
   17.56750107   93.36979675    0.00000000    0.00000000
   17.57083511  103.30200195    0.00000000    0.00000000
   17.57666779  103.30200195    0.00000000    0.00000000
   17.58083344   99.80629730    0.00000000    0.00000000
   17.58416748  101.36199951    0.00000000    0.00000000
   17.58722305  102.48300171    0.00000000    0.00000000
   17.59055710  102.03299713    0.00000000    0.00000000
   17.59388924   99.49980164    0.00000000    0.00000000
   17.59694481   93.82050323    0.00000000    0.00000000
   17.60027885   99.90059662    0.00000000    0.00000000
   17.60361099  103.46700287    0.00000000    0.00000000
   17.60666656  104.62200165    0.00000000    0.00000000
   17.61000061   98.06809998    0.00000000    0.00000000
   17.61305618  101.94100189    0.00000000    0.00000000
   17.61388969  104.07099915    0.00000000    0.00000000
   17.61944389  104.07099915    0.00000000    0.00000000
   17.62361145   97.51200104    0.00000000    0.00000000
   17.62694550  108.20999908    0.00000000    0.00000000
   17.63027763  108.81199646    0.00000000    0.00000000
   17.63333321  106.28199768    0.00000000    0.00000000
   17.63666725  104.08000183    0.00000000    0.00000000
   17.63972282  107.65200043    0.00000000    0.00000000
   17.64305496  101.27999878    0.00000000    0.00000000
   17.64638901  108.86599731    0.00000000    0.00000000
   17.64722252  100.19400024    0.00000000    0.00000000
   17.64999962   94.59230042    0.00000000    0.00000000
   17.65305519  100.16300201    0.00000000    0.00000000
   17.65638924  102.48699951    0.00000000    0.00000000
   17.66250038  102.48699951    0.00000000    0.00000000
   17.66666603   93.83719635    0.00000000    0.00000000
   17.66972160   95.38790131    0.00000000    0.00000000
   17.67305565  102.01799774    0.00000000    0.00000000
   17.67611122  103.69400024    0.00000000    0.00000000
   17.67944336   94.85099792    0.00000000    0.00000000
   17.68055534  102.67299652    0.00000000    0.00000000
   17.68305397  104.40499878    0.00000000    0.00000000
   17.68610954   96.93430328    0.00000000    0.00000000
   17.68944359  102.05500031    0.00000000    0.00000000
   17.69249916   97.25260162    0.00000000    0.00000000
   17.69583321   98.84200287    0.00000000    0.00000000
   17.69916534  104.77100372    0.00000000    0.00000000
   17.70527840  104.77100372    0.00000000    0.00000000
   17.70944595  107.84500122    0.00000000    0.00000000
   17.71250153  105.30100250    0.00000000    0.00000000
   17.71389008  102.59799957    0.00000000    0.00000000
   17.71638870  105.63300323    0.00000000    0.00000000
   17.71944427  104.31700134    0.00000000    0.00000000
   17.72277832  109.78500366    0.00000000    0.00000000
   17.72583389  107.27600098    0.00000000    0.00000000
   17.72916794  109.60900116    0.00000000    0.00000000
   17.73250008  107.72899628    0.00000000    0.00000000
   17.73555565   96.97000122    0.00000000    0.00000000
   17.73888969  103.18499756    0.00000000    0.00000000
   17.74222183  110.19499969    0.00000000    0.00000000
   17.74805641  110.19499969    0.00000000    0.00000000
   17.75222206  106.04499817    0.00000000    0.00000000
   17.75555611  102.87300110    0.00000000    0.00000000
   17.75861168  101.01999664    0.00000000    0.00000000
   17.76194382  104.72299957    0.00000000    0.00000000
   17.76527786   97.34179688    0.00000000    0.00000000
   17.76861000  107.58300018    0.00000000    0.00000000
   17.77166557  105.40599823    0.00000000    0.00000000
   17.77499962   97.27739716    0.00000000    0.00000000
   17.77805519  108.61799622    0.00000000    0.00000000
   17.78055573  106.83100128    0.00000000    0.00000000
   17.78194427  105.00800323    0.00000000    0.00000000
   17.78499985  103.01000214    0.00000000    0.00000000
   17.79083252  103.01000214    0.00000000    0.00000000
   17.79500008  103.60299683    0.00000000    0.00000000
   17.79833221   97.80750275    0.00000000    0.00000000
   17.80166626  100.89099884    0.00000000    0.00000000
   17.80472183  111.88099670    0.00000000    0.00000000
   17.80805397  105.73799896    0.00000000    0.00000000
   17.81110954  109.00399780    0.00000000    0.00000000
   17.81388855  109.01300049    0.00000000    0.00000000
   17.81499863  102.25099945    0.00000000    0.00000000
   17.81805611  110.95700073    0.00000000    0.00000000
   17.82139015   95.98639679    0.00000000    0.00000000
   17.82444572  109.25299835    0.00000000    0.00000000
   17.82777786  103.38500214    0.00000000    0.00000000
   17.83388901  103.38500214    0.00000000    0.00000000
   17.83805656  109.06700134    0.00000000    0.00000000
   17.84111214  110.34500122    0.00000000    0.00000000
   17.84444427  111.24700165    0.00000000    0.00000000
   17.84722328  104.95899963    0.00000000    0.00000000
   17.84805679  112.03199768    0.00000000    0.00000000
   17.85111237  112.09400177    0.00000000    0.00000000
   17.85444450  105.67700195    0.00000000    0.00000000
   17.85750008  113.74600220    0.00000000    0.00000000
   17.86083412  111.76699829    0.00000000    0.00000000
   17.86416626  112.49900055    0.00000000    0.00000000
   17.86722183  121.55100250    0.00000000    0.00000000
   17.87055588  104.04499817    0.00000000    0.00000000
   17.87666702  104.04499817    0.00000000    0.00000000
   17.88083267  111.70400238    0.00000000    0.00000000
   17.88388824   99.24800110    0.00000000    0.00000000
   17.88722229   96.09739685    0.00000000    0.00000000
   17.89055634  104.51399994    0.00000000    0.00000000
   17.89361191  102.59300232    0.00000000    0.00000000
   17.89694405  117.28500366    0.00000000    0.00000000
   17.90027809  117.73999786    0.00000000    0.00000000
   17.90333366  116.14800262    0.00000000    0.00000000
   17.90666580  120.33300018    0.00000000    0.00000000
   17.90972137  112.08999634    0.00000000    0.00000000
   17.91305542  111.06700134    0.00000000    0.00000000
   17.91388893  117.17400360    0.00000000    0.00000000
   17.91944313  117.17400360    0.00000000    0.00000000
   17.92361069  104.89299774    0.00000000    0.00000000
   17.92694473  110.67800140    0.00000000    0.00000000
   17.93000031  113.39199829    0.00000000    0.00000000
   17.94777679  117.20700073    0.00000000    0.00000000
   17.95000076  109.90799713    0.00000000    0.00000000
   17.95333481  121.04299927    0.00000000    0.00000000
   17.95666695  120.01499939    0.00000000    0.00000000
   17.96250153  120.01499939    0.00000000    0.00000000
   17.96666718  126.79399872    0.00000000    0.00000000
   17.96972275  116.62899780    0.00000000    0.00000000
   17.97305679  119.41000366    0.00000000    0.00000000
   17.97638893  119.41899872    0.00000000    0.00000000
   17.97944450  134.65299988    0.00000000    0.00000000
   17.98083305  126.81700134    0.00000000    0.00000000
   17.98305511  123.44400024    0.00000000    0.00000000
   17.98638916  129.86000061    0.00000000    0.00000000
   17.98944473  115.83100128    0.00000000    0.00000000
   17.99277878  127.84799957    0.00000000    0.00000000
   17.99583435  124.36699677    0.00000000    0.00000000
   17.99916649  125.95999908    0.00000000    0.00000000
   18.00527763  125.95999908    0.00000000    0.00000000
   18.00944519  126.53500366    0.00000000    0.00000000
   18.01277733  122.37999725    0.00000000    0.00000000
   18.01416588  136.41200256    0.00000000    0.00000000
   18.01638794  131.28700256    0.00000000    0.00000000
   18.01972198  128.16700745    0.00000000    0.00000000
   18.02277756  135.89100647    0.00000000    0.00000000
   18.02611160  122.01599884    0.00000000    0.00000000
   18.02916718  124.63099670    0.00000000    0.00000000
   18.03249931  130.35600281    0.00000000    0.00000000
   18.03583336  113.55200195    0.00000000    0.00000000
   18.03888893  122.88300323    0.00000000    0.00000000
   18.04222107  127.71900177    0.00000000    0.00000000
   18.04805565  127.71900177    0.00000000    0.00000000
   18.05222130  124.62699890    0.00000000    0.00000000
   18.05555534  124.96299744    0.00000000    0.00000000
   18.05888748  121.78299713    0.00000000    0.00000000
   18.06194305  124.81099701    0.00000000    0.00000000
   18.06527710  120.77500153    0.00000000    0.00000000
   18.06833458  122.39700317    0.00000000    0.00000000
   18.07166672  123.30899811    0.00000000    0.00000000
   18.07500076  124.61100006    0.00000000    0.00000000
   18.07805634  123.52500153    0.00000000    0.00000000
   18.08083344  118.74299622    0.00000000    0.00000000
   18.08166695  126.48200226    0.00000000    0.00000000
   18.08500099  127.88500214    0.00000000    0.00000000
   18.09111214  127.88500214    0.00000000    0.00000000
   18.09527779  124.48500061    0.00000000    0.00000000
   18.09833336  123.61499786    0.00000000    0.00000000
   18.10166740  123.93699646    0.00000000    0.00000000
   18.10472298  126.85099792    0.00000000    0.00000000
   18.10805511  128.78700256    0.00000000    0.00000000
   18.11138916  129.54400635    0.00000000    0.00000000
   18.11416626  128.91200256    0.00000000    0.00000000
   18.11499977  132.67199707    0.00000000    0.00000000
   18.11833382  124.16300201    0.00000000    0.00000000
   18.12138939  126.18099976    0.00000000    0.00000000
   18.12472153  137.22900391    0.00000000    0.00000000
   18.12805557  134.34399414    0.00000000    0.00000000
   18.13388824  134.34399414    0.00000000    0.00000000
   18.13805580  123.14700317    0.00000000    0.00000000
   18.14111137  129.55299377    0.00000000    0.00000000
   18.14444351  112.33000183    0.00000000    0.00000000
   18.14749908  121.26899719    0.00000000    0.00000000
   18.14805603  111.46800232    0.00000000    0.00000000
   18.15138817  115.28199768    0.00000000    0.00000000
   18.15444374  123.37300110    0.00000000    0.00000000
   18.15777779  112.33399963    0.00000000    0.00000000
   18.16083336  106.95899963    0.00000000    0.00000000
   18.16416550  113.60399628    0.00000000    0.00000000
   18.16749954  107.80400085    0.00000000    0.00000000
   18.17055511  116.30300140    0.00000000    0.00000000
   18.17666626  116.30300140    0.00000000    0.00000000
   18.18083191  104.80000305    0.00000000    0.00000000
   18.18138885  108.67500305    0.00000000    0.00000000
   18.18472099  120.05100250    0.00000000    0.00000000
   18.18777657  112.72899628    0.00000000    0.00000000
   18.19111061  113.14700317    0.00000000    0.00000000
   18.19416618  113.38400269    0.00000000    0.00000000
   18.19749832  112.98000336    0.00000000    0.00000000
   18.20083427  112.85199738    0.00000000    0.00000000
   18.20416832  107.19499969    0.00000000    0.00000000
   18.20722389  108.06900024    0.00000000    0.00000000
   18.21055603  109.47899628    0.00000000    0.00000000
   18.21361160  113.94300079    0.00000000    0.00000000
   18.21472359  108.36100006    0.00000000    0.00000000
   18.21944427  108.36100006    0.00000000    0.00000000
   18.22361183  111.17500305    0.00000000    0.00000000
   18.22694588  119.61599731    0.00000000    0.00000000
   18.23027802  112.89600372    0.00000000    0.00000000
   18.23333359  103.12599945    0.00000000    0.00000000
   18.23666763  107.64800262    0.00000000    0.00000000
   18.23972321  112.13400269    0.00000000    0.00000000
   18.24305534  111.32700348    0.00000000    0.00000000
   18.24638939   98.00440216    0.00000000    0.00000000
   18.24805641  110.76899719    0.00000000    0.00000000
   18.25000000  108.94100189    0.00000000    0.00000000
   18.25305557  101.24199677    0.00000000    0.00000000
   18.25638962  101.39399719    0.00000000    0.00000000
   18.26250076  101.39399719    0.00000000    0.00000000
   18.26666641  101.38099670    0.00000000    0.00000000
   18.26972198  108.05200195    0.00000000    0.00000000
   18.27305603  107.26499939    0.00000000    0.00000000
   18.27611160  111.29699707    0.00000000    0.00000000
   18.27944374   97.21410370    0.00000000    0.00000000
   18.28138924  104.17700195    0.00000000    0.00000000
   18.28305435  105.82399750    0.00000000    0.00000000
   18.28610992  105.21800232    0.00000000    0.00000000
   18.28944397   96.38829803    0.00000000    0.00000000
   18.29249954   96.08300018    0.00000000    0.00000000
   18.29583359   96.99849701    0.00000000    0.00000000
   18.29916573  106.13700104    0.00000000    0.00000000
   18.30527687  106.13700104    0.00000000    0.00000000
   18.30944443  104.69300079    0.00000000    0.00000000
   18.31250000  104.62400055    0.00000000    0.00000000
   18.31472206  106.38899994    0.00000000    0.00000000
   18.31638718  114.86499786    0.00000000    0.00000000
   18.31944466  110.22399902    0.00000000    0.00000000
   18.32277870  112.47599792    0.00000000    0.00000000
   18.32583427   95.92610168    0.00000000    0.00000000
   18.32916832  113.78500366    0.00000000    0.00000000
   18.33250046   98.90010071    0.00000000    0.00000000
   18.33555603   98.68470001    0.00000000    0.00000000
   18.33889008  100.12000275    0.00000000    0.00000000
   18.34222221  105.48699951    0.00000000    0.00000000
   18.34805679  105.48699951    0.00000000    0.00000000
   18.35222244  107.72599792    0.00000000    0.00000000
   18.35555649  100.16600037    0.00000000    0.00000000
   18.35861206  102.31900024    0.00000000    0.00000000
   18.36194420  107.93800354    0.00000000    0.00000000
   18.36527824   97.21630096    0.00000000    0.00000000
   18.36833382  115.24400330    0.00000000    0.00000000
   18.37166595  113.91100311    0.00000000    0.00000000
   18.37500000  106.88899994    0.00000000    0.00000000
   18.37805557  106.01899719    0.00000000    0.00000000
   18.38138962  109.23000336    0.00000000    0.00000000
   18.38194466  109.11299896    0.00000000    0.00000000
   18.38500023  109.06700134    0.00000000    0.00000000
   18.39083290  109.06700134    0.00000000    0.00000000
   18.39500046  106.06300354    0.00000000    0.00000000
   18.39833260   98.66989899    0.00000000    0.00000000
   18.40166664  108.09100342    0.00000000    0.00000000
   18.40472221  102.38500214    0.00000000    0.00000000
   18.40805435  115.92199707    0.00000000    0.00000000
   18.41110992  105.48999786    0.00000000    0.00000000
   18.41444397  114.61900330    0.00000000    0.00000000
   18.41499901  101.90000153    0.00000000    0.00000000
   18.41805458  108.96900177    0.00000000    0.00000000
   18.42138863  111.89299774    0.00000000    0.00000000
   18.42472076  107.38600159    0.00000000    0.00000000
   18.42777634  100.27200317    0.00000000    0.00000000
   18.43388748  100.27200317    0.00000000    0.00000000
   18.43805504  107.77500153    0.00000000    0.00000000
   18.44111061  109.00900269    0.00000000    0.00000000
   18.44444275   99.84179688    0.00000000    0.00000000
   18.44749832  103.30300140    0.00000000    0.00000000
   18.44833183  107.27500153    0.00000000    0.00000000
   18.45138931  105.04900360    0.00000000    0.00000000
   18.45444489  118.00199890    0.00000000    0.00000000
   18.45777893  108.43599701    0.00000000    0.00000000
   18.46111107  115.32099915    0.00000000    0.00000000
   18.46416664  104.91999817    0.00000000    0.00000000
   18.46750069  111.49900055    0.00000000    0.00000000
   18.47083473  101.37500000    0.00000000    0.00000000
   18.47666740  101.37500000    0.00000000    0.00000000
   18.48083305  110.28800201    0.00000000    0.00000000
   18.48166656  106.00900269    0.00000000    0.00000000
   18.48444557  101.66100311    0.00000000    0.00000000
   18.48750114  108.57900238    0.00000000    0.00000000
   18.49083328   99.90470123    0.00000000    0.00000000
   18.49388885  103.21299744    0.00000000    0.00000000
   18.49722290  104.32299805    0.00000000    0.00000000
   18.50055504  102.08100128    0.00000000    0.00000000
   18.50361061  111.52500153    0.00000000    0.00000000
   18.50694466  108.78600311    0.00000000    0.00000000
   18.51027870  101.12699890    0.00000000    0.00000000
   18.51333427   99.25409698    0.00000000    0.00000000
   18.51499939   96.26689911    0.00000000    0.00000000
   18.51944351   96.26689911    0.00000000    0.00000000
   18.52361107  109.91999817    0.00000000    0.00000000
   18.52694511  106.03600311    0.00000000    0.00000000
   18.53000069  101.14199829    0.00000000    0.00000000
   18.53333282  106.06800079    0.00000000    0.00000000
   18.53666687   96.57039642    0.00000000    0.00000000
   18.53972244  102.80500031    0.00000000    0.00000000
   18.54305458   89.83969879    0.00000000    0.00000000
   18.54638863   91.72200012    0.00000000    0.00000000
   18.54833221   92.13629913    0.00000000    0.00000000
   18.54999924   98.95929718    0.00000000    0.00000000
   18.55305481  105.76799774    0.00000000    0.00000000
   18.55638885   97.51519775    0.00000000    0.00000000
   18.56222153   97.51519775    0.00000000    0.00000000
   18.56638718   94.58300018    0.00000000    0.00000000
   18.56972313  106.82900238    0.00000000    0.00000000
   18.57305717  107.12799835    0.00000000    0.00000000
   18.57611275  100.48699951    0.00000000    0.00000000
   18.57944489  105.67900085    0.00000000    0.00000000
   18.58166695  103.83899689    0.00000000    0.00000000
   18.58305550   98.75949860    0.00000000    0.00000000
   18.58611107   90.90390015    0.00000000    0.00000000
   18.58944511  100.91400146    0.00000000    0.00000000
   18.59250069  105.04699707    0.00000000    0.00000000
   18.59583473   97.77899933    0.00000000    0.00000000
   18.59916687  111.91899872    0.00000000    0.00000000
   18.60527802  111.91899872    0.00000000    0.00000000
   18.60944557  110.35099792    0.00000000    0.00000000
   18.61250114  118.87200165    0.00000000    0.00000000
   18.61499977  112.47699738    0.00000000    0.00000000
   18.61638832  118.09400177    0.00000000    0.00000000
   18.61944389  118.13400269    0.00000000    0.00000000
   18.62277794  112.87000275    0.00000000    0.00000000
   18.62583351  118.50499725    0.00000000    0.00000000
   18.62916756  106.33999634    0.00000000    0.00000000
   18.63249969  117.09600067    0.00000000    0.00000000
   18.63555527   98.93759918    0.00000000    0.00000000
   18.63888931  119.08100128    0.00000000    0.00000000
   18.64222145  110.42199707    0.00000000    0.00000000
   18.64805603  110.42199707    0.00000000    0.00000000
   18.65222168  105.47000122    0.00000000    0.00000000
   18.65527725  103.48699951    0.00000000    0.00000000
   18.65861130  106.90599823    0.00000000    0.00000000
   18.66194344   96.69930267    0.00000000    0.00000000
   18.66499901  109.19200134    0.00000000    0.00000000
   18.66833305  105.69300079    0.00000000    0.00000000
   18.67166519  107.40200043    0.00000000    0.00000000
   18.67472076  121.25900269    0.00000000    0.00000000
   18.67805481  110.96499634    0.00000000    0.00000000
   18.68111038  107.05500031    0.00000000    0.00000000
   18.68305397   99.24890137    0.00000000    0.00000000
   18.68499947  125.30100250    0.00000000    0.00000000
   18.69083214  125.30100250    0.00000000    0.00000000
   18.69499969  107.65299988    0.00000000    0.00000000
   18.69833183  107.59600067    0.00000000    0.00000000
   18.70166779  108.97000122    0.00000000    0.00000000
   18.70472336  105.16799927    0.00000000    0.00000000
   18.70805550  112.99299622    0.00000000    0.00000000
   18.71111107  102.83399963    0.00000000    0.00000000
   18.71444511  103.42199707    0.00000000    0.00000000
   18.71638870  115.82800293    0.00000000    0.00000000
   18.71805573  106.48899841    0.00000000    0.00000000
   18.72111130  100.70700073    0.00000000    0.00000000
   18.72444534  100.90299988    0.00000000    0.00000000
   18.72750092  126.19999695    0.00000000    0.00000000
   18.73361206  126.19999695    0.00000000    0.00000000
   18.73777771  124.37799835    0.00000000    0.00000000
   18.74111176  114.74199677    0.00000000    0.00000000
   18.74444389  125.31700134    0.00000000    0.00000000
   18.74749947  113.70999908    0.00000000    0.00000000
   18.75000000  111.78600311    0.00000000    0.00000000
   18.75111198  103.33399963    0.00000000    0.00000000
   18.75444412  104.73799896    0.00000000    0.00000000
   18.75777817  103.70500183    0.00000000    0.00000000
   18.76083374  109.77999878    0.00000000    0.00000000
   18.76416588  103.72899628    0.00000000    0.00000000
   18.76722145  110.76799774    0.00000000    0.00000000
   18.77055550  107.56600189    0.00000000    0.00000000
   18.77666664  107.56600189    0.00000000    0.00000000
   18.78083229  107.55000305    0.00000000    0.00000000
   18.78333282  106.86199951    0.00000000    0.00000000
   18.78416634  105.73500061    0.00000000    0.00000000
   18.78750038  104.50399780    0.00000000    0.00000000
   18.79083252   97.32649994    0.00000000    0.00000000
   18.79388809  109.27899933    0.00000000    0.00000000
   18.79722214  108.47899628    0.00000000    0.00000000
   18.80027771  107.10900116    0.00000000    0.00000000
   18.80360985  109.17900085    0.00000000    0.00000000
   18.80694389  102.97899628    0.00000000    0.00000000
   18.80999947  109.39900208    0.00000000    0.00000000
   18.81333351  114.51000214    0.00000000    0.00000000
   18.81944466  114.51000214    0.00000000    0.00000000
   18.82361221  109.44799805    0.00000000    0.00000000
   18.82666779  106.83000183    0.00000000    0.00000000
   18.83000183  105.04399872    0.00000000    0.00000000
   18.83333397  110.86699677    0.00000000    0.00000000
   18.83638954   99.04989624    0.00000000    0.00000000
   18.83972359  102.58499908    0.00000000    0.00000000
   18.84305573   98.86740112    0.00000000    0.00000000
   18.84611130   98.62940216    0.00000000    0.00000000
   18.84944534  104.23400116    0.00000000    0.00000000
   18.85027885   99.98040009    0.00000000    0.00000000
   18.85305595   98.84040070    0.00000000    0.00000000
   18.85611153  100.12899780    0.00000000    0.00000000
   18.86222267  100.12899780    0.00000000    0.00000000
   18.86638832   91.50409698    0.00000000    0.00000000
   18.86972237  103.57700348    0.00000000    0.00000000
   18.87305641  104.15799713    0.00000000    0.00000000
   18.87611198  100.75399780    0.00000000    0.00000000
   18.87944412  104.87699890    0.00000000    0.00000000
   18.88277817  108.16300201    0.00000000    0.00000000
   18.88361168  102.79299927    0.00000000    0.00000000
   18.88638878   99.09249878    0.00000000    0.00000000
   18.88944435   98.70069885    0.00000000    0.00000000
   18.89277840   99.19110107    0.00000000    0.00000000
   18.89611053  103.12599945    0.00000000    0.00000000
   18.89916611   98.50980377    0.00000000    0.00000000
   18.90499878   98.50980377    0.00000000    0.00000000
   18.90916634  100.42299652    0.00000000    0.00000000
   18.91250038   99.69950104    0.00000000    0.00000000
   18.91583252  101.66999817    0.00000000    0.00000000
   18.91722107  104.98200226    0.00000000    0.00000000
   18.91944313  106.98899841    0.00000000    0.00000000
   18.92249870   96.33779907    0.00000000    0.00000000
   18.92583275   98.68620300    0.00000000    0.00000000
   18.92888832   95.88710022    0.00000000    0.00000000
   18.93222237   94.35250092    0.00000000    0.00000000
   18.93555450   95.74169922    0.00000000    0.00000000
   18.93861008   98.44989777    0.00000000    0.00000000
   18.94194412   95.54810333    0.00000000    0.00000000
   18.94805527   95.54810333    0.00000000    0.00000000
   18.96638870   96.49759674    0.00000000    0.00000000
   18.96944427  101.35099792    0.00000000    0.00000000
   18.97277832   95.35070038    0.00000000    0.00000000
   18.97611237  100.17900085    0.00000000    0.00000000
   18.97916794   96.28309631    0.00000000    0.00000000
   18.98250008   97.79699707    0.00000000    0.00000000
   18.98583412  104.15399933    0.00000000    0.00000000
   18.99111176  104.15399933    0.00000000    0.00000000
   18.99527740   94.84100342    0.00000000    0.00000000
   18.99833298  105.46900177    0.00000000    0.00000000
   18.99944496   96.87100220    0.00000000    0.00000000
   19.00194359   98.89040375    0.00000000    0.00000000
   19.00527763  100.63700104    0.00000000    0.00000000
   19.00861168   95.14279938    0.00000000    0.00000000
   19.01166725   93.01629639    0.00000000    0.00000000
   19.01499939   97.64360046    0.00000000    0.00000000
   19.01805496   99.07330322    0.00000000    0.00000000
   19.02138901   97.77819824    0.00000000    0.00000000
   19.02472115   95.23889923    0.00000000    0.00000000
   19.02777672  102.56400299    0.00000000    0.00000000
   19.03388786  102.56400299    0.00000000    0.00000000
   19.03805542   92.40450287    0.00000000    0.00000000
   19.04111099  108.96499634    0.00000000    0.00000000
   19.04444313   98.18650055    0.00000000    0.00000000
   19.04777718   95.86329651    0.00000000    0.00000000
   19.05111122   95.50469971    0.00000000    0.00000000
   19.05416679   94.55670166    0.00000000    0.00000000
   19.05749893   91.32630157    0.00000000    0.00000000
   19.06083298   94.60410309    0.00000000    0.00000000
   19.06388855   93.94869995    0.00000000    0.00000000
   19.06611061   93.51439667    0.00000000    0.00000000
   19.06750107   97.45099640    0.00000000    0.00000000
   19.07083511   95.85260010    0.00000000    0.00000000
   19.07666779   95.85260010    0.00000000    0.00000000
   19.08083344   94.86109924    0.00000000    0.00000000
   19.08416748   98.85949707    0.00000000    0.00000000
   19.08722305   94.92949677    0.00000000    0.00000000
   19.09055710   95.24780273    0.00000000    0.00000000
   19.09361267   95.12660217    0.00000000    0.00000000
   19.09694481   94.75779724    0.00000000    0.00000000
   19.09944534   94.65460205    0.00000000    0.00000000
   19.10055542  104.61399841    0.00000000    0.00000000
   19.10388947  102.62100220    0.00000000    0.00000000
   19.10722351  100.77999878    0.00000000    0.00000000
   19.11027908  101.97100067    0.00000000    0.00000000
   19.11361122  102.49299622    0.00000000    0.00000000
   19.11944389  102.49299622    0.00000000    0.00000000
   19.12361145  100.43900299    0.00000000    0.00000000
   19.12694550  101.01599884    0.00000000    0.00000000
   19.13000107   97.41729736    0.00000000    0.00000000
   19.13277817   95.80380249    0.00000000    0.00000000
   19.13361168  106.25900269    0.00000000    0.00000000
   19.13694382   99.45850372    0.00000000    0.00000000
   19.14027786   97.64399719    0.00000000    0.00000000
   19.14361191   96.48819733    0.00000000    0.00000000
   19.14666748  102.67900085    0.00000000    0.00000000
   19.14999962  102.26999664    0.00000000    0.00000000
   19.15305519   99.12799835    0.00000000    0.00000000
   19.15638924   96.97709656    0.00000000    0.00000000
   19.16250038   96.97709656    0.00000000    0.00000000
   19.16638756   94.34030151    0.00000000    0.00000000
   19.16972160  101.81800079    0.00000000    0.00000000
   19.17305565  100.37400055    0.00000000    0.00000000
   19.17611122  104.86299896    0.00000000    0.00000000
   19.17944336   98.87889862    0.00000000    0.00000000
   19.18277740  102.15499878    0.00000000    0.00000000
   19.18583298   97.23770142    0.00000000    0.00000000
   19.18916512   97.18669891    0.00000000    0.00000000
   19.19222069   99.82630157    0.00000000    0.00000000
   19.19555473  103.32599640    0.00000000    0.00000000
   19.19888878   98.23739624    0.00000000    0.00000000
   19.19944382   99.62480164    0.00000000    0.00000000
   19.20527840   99.62480164    0.00000000    0.00000000
   19.20944595  102.96600342    0.00000000    0.00000000
   19.21250153  105.84400177    0.00000000    0.00000000
   19.21583366  100.17500305    0.00000000    0.00000000
   19.21916771   99.96389771    0.00000000    0.00000000
   19.22222328   99.96330261    0.00000000    0.00000000
   19.22555542  100.65799713    0.00000000    0.00000000
   19.22888947  107.73500061    0.00000000    0.00000000
   19.23194504  102.08899689    0.00000000    0.00000000
   19.23277855  100.61799622    0.00000000    0.00000000
   19.23555565  106.12300110    0.00000000    0.00000000
   19.23888969   99.87729645    0.00000000    0.00000000
   19.24222183   96.81490326    0.00000000    0.00000000
   19.24805641   96.81490326    0.00000000    0.00000000
   19.25222206   94.59380341    0.00000000    0.00000000
   19.25555611  107.32099915    0.00000000    0.00000000
   19.25861168   92.15319824    0.00000000    0.00000000
   19.26194382   96.25969696    0.00000000    0.00000000
   19.26499939   98.22589874    0.00000000    0.00000000
   19.26611137   95.38459778    0.00000000    0.00000000
   19.26861000   99.43000031    0.00000000    0.00000000
   19.27194405   94.79979706    0.00000000    0.00000000
   19.27527809  101.20099640    0.00000000    0.00000000
   19.27833366   97.02310181    0.00000000    0.00000000
   19.28166580  105.22699738    0.00000000    0.00000000
   19.28499985  103.54699707    0.00000000    0.00000000
   19.29083252  103.54699707    0.00000000    0.00000000
   19.29500008  103.62100220    0.00000000    0.00000000
   19.29833221  110.50800323    0.00000000    0.00000000
   19.29944420  102.79599762    0.00000000    0.00000000
   19.30166626  126.89600372    0.00000000    0.00000000
   19.30499840  109.15299988    0.00000000    0.00000000
   19.30833244  103.12000275    0.00000000    0.00000000
   19.31138802  114.79100037    0.00000000    0.00000000
   19.31472206  108.24099731    0.00000000    0.00000000
   19.31805611   98.89330292    0.00000000    0.00000000
   19.32111168   98.01519775    0.00000000    0.00000000
   19.32444572  118.90200043    0.00000000    0.00000000
   19.32750130  111.24299622    0.00000000    0.00000000
   19.33388901  111.24299622    0.00000000    0.00000000
   19.33777809  102.59200287    0.00000000    0.00000000
   19.34111214  101.93299866    0.00000000    0.00000000
   19.34444427  106.85800171    0.00000000    0.00000000
   19.34749985  101.00499725    0.00000000    0.00000000
   19.35083389   97.14939880    0.00000000    0.00000000
   19.35416794  100.20200348    0.00000000    0.00000000
   19.35722351   98.60389709    0.00000000    0.00000000
   19.36055565   92.34490204    0.00000000    0.00000000
   19.36361122  132.04200745    0.00000000    0.00000000
   19.36611176   96.68000031    0.00000000    0.00000000
   19.36750031  115.33000183    0.00000000    0.00000000
   19.37055588  104.58999634    0.00000000    0.00000000
   19.37666702  104.58999634    0.00000000    0.00000000
   19.38083267  125.31400299    0.00000000    0.00000000
   19.38388824  118.16699982    0.00000000    0.00000000
   19.38722229  105.32099915    0.00000000    0.00000000
   19.39055634  122.69699860    0.00000000    0.00000000
   19.39361191  119.02700043    0.00000000    0.00000000
   19.39694405  116.90200043    0.00000000    0.00000000
   19.39944458  116.33699799    0.00000000    0.00000000
   19.40027809  100.73400116    0.00000000    0.00000000
   19.40361023  111.82499695    0.00000000    0.00000000
   19.40694427  127.69000244    0.00000000    0.00000000
   19.40999985  107.53299713    0.00000000    0.00000000
   19.41333389  125.67700195    0.00000000    0.00000000
   19.41944313  125.67700195    0.00000000    0.00000000
   19.42361069  124.66400146    0.00000000    0.00000000
   19.42694473  122.72499847    0.00000000    0.00000000
   19.43000031  115.80999756    0.00000000    0.00000000
   19.43277740  124.46900177    0.00000000    0.00000000
   19.43361092  133.19400024    0.00000000    0.00000000
   19.43694305  107.16300201    0.00000000    0.00000000
   19.44027710  122.49099731    0.00000000    0.00000000
   19.44333267  143.97900391    0.00000000    0.00000000
   19.44666672  121.14099884    0.00000000    0.00000000
   19.45000076  138.44599915    0.00000000    0.00000000
   19.45305634  108.72699738    0.00000000    0.00000000
   19.45639038  104.25299835    0.00000000    0.00000000
   19.46222305  104.25299835    0.00000000    0.00000000
   19.46638870  121.26599884    0.00000000    0.00000000
   19.46972275  111.43199921    0.00000000    0.00000000
   19.47305679  108.73699951    0.00000000    0.00000000
   19.47611237  105.20400238    0.00000000    0.00000000
   19.47944450   99.26580048    0.00000000    0.00000000
   19.48277855  107.90899658    0.00000000    0.00000000
   19.48583412  109.08899689    0.00000000    0.00000000
   19.48916626   98.09539795    0.00000000    0.00000000
   19.49222183  102.41400146    0.00000000    0.00000000
   19.49555588   98.68460083    0.00000000    0.00000000
   19.49888992  104.56700134    0.00000000    0.00000000
   19.49944496  106.22699738    0.00000000    0.00000000
   19.50527763  106.22699738    0.00000000    0.00000000
   19.50916672  110.67099762    0.00000000    0.00000000
   19.51250076  101.17800140    0.00000000    0.00000000
   19.51583290  114.86699677    0.00000000    0.00000000
   19.51888847  110.65599823    0.00000000    0.00000000
   19.52222252  114.94000244    0.00000000    0.00000000
   19.52555466  104.27799988    0.00000000    0.00000000
   19.52861023  102.30300140    0.00000000    0.00000000
   19.53194427   99.86530304    0.00000000    0.00000000
   19.53277779  113.49400330    0.00000000    0.00000000
   19.53555489  104.14499664    0.00000000    0.00000000
   19.53861046  106.95800018    0.00000000    0.00000000
   19.54194450  109.89199829    0.00000000    0.00000000
   19.54805565  109.89199829    0.00000000    0.00000000
   19.55222130   92.62239838    0.00000000    0.00000000
   19.55527687  104.01100159    0.00000000    0.00000000
   19.55861092  104.44100189    0.00000000    0.00000000
   19.56194305  105.78900146    0.00000000    0.00000000
   19.56499863  101.94300079    0.00000000    0.00000000
   19.56611061  103.54599762    0.00000000    0.00000000
   19.56888962  100.76200104    0.00000000    0.00000000
   19.57194519  106.70300293    0.00000000    0.00000000
   19.57527924  106.75099945    0.00000000    0.00000000
   19.57833481  106.88600159    0.00000000    0.00000000
   19.58166695  105.07700348    0.00000000    0.00000000
   19.58500099  104.58999634    0.00000000    0.00000000
   19.59083366  104.58999634    0.00000000    0.00000000
   19.59500122  102.73300171    0.00000000    0.00000000
   19.59833336  107.23500061    0.00000000    0.00000000
   19.59944534   99.86750031    0.00000000    0.00000000
   19.60194397  101.74299622    0.00000000    0.00000000
   19.60499954  102.48600006    0.00000000    0.00000000
   19.60833359  111.89600372    0.00000000    0.00000000
   19.61138916  108.76999664    0.00000000    0.00000000
   19.61472321  110.05799866    0.00000000    0.00000000
   19.61805534  110.08200073    0.00000000    0.00000000
   19.62111092  109.52799988    0.00000000    0.00000000
   19.62444496   96.44339752    0.00000000    0.00000000
   19.62777710  122.01200104    0.00000000    0.00000000
   19.63361168  122.01200104    0.00000000    0.00000000
   19.63777733  159.97099304    0.00000000    0.00000000
   19.64111137  162.54200745    0.00000000    0.00000000
   19.64416695  176.30200195    0.00000000    0.00000000
   19.64749908  192.86999512    0.00000000    0.00000000
   19.65083313  210.67300415    0.00000000    0.00000000
   19.65388870  222.33099365    0.00000000    0.00000000
   19.65722275  221.92399597    0.00000000    0.00000000
   19.66055489  109.30100250    0.00000000    0.00000000
   19.66361046   -1.00000000    0.00000000    0.00000000
   19.66694450   -1.00000000    0.00000000    0.00000000
   19.67027664   -1.00000000    0.00000000    0.00000000
   19.68055534   -1.00000000    0.00000000    0.00000000
   19.68388748   -1.00000000    0.00000000    0.00000000
   19.68722153   -1.00000000    0.00000000    0.00000000
   19.69027710   -1.00000000    0.00000000    0.00000000
   19.69361115   -1.00000000    0.00000000    0.00000000
   19.69666672   -1.00000000    0.00000000    0.00000000
   19.70055580   -1.00000000    0.00000000    0.00000000
   19.70361137   -1.00000000    0.00000000    0.00000000
   19.70694542   -1.00000000    0.00000000    0.00000000
   19.71000099   -1.00000000    0.00000000    0.00000000
   19.71333504   -1.00000000    0.00000000    0.00000000
   19.72361183   -1.00000000    0.00000000    0.00000000
   19.72666740   -1.00000000    0.00000000    0.00000000
   19.73000145   -1.00000000    0.00000000    0.00000000
   19.73361206   -1.00000000    0.00000000    0.00000000
   19.73666763   -1.00000000    0.00000000    0.00000000
   19.73999977   -1.00000000    0.00000000    0.00000000
   19.74305534   -1.00000000    0.00000000    0.00000000
   19.74638939   -1.00000000    0.00000000    0.00000000
   19.74972153   -1.00000000    0.00000000    0.00000000
   19.75277710   -1.00000000    0.00000000    0.00000000
   19.75611115   -1.00000000    0.00000000    0.00000000
   19.76638794   -1.00000000    0.00000000    0.00000000
   19.76944351   -1.00000000    0.00000000    0.00000000
   19.77277756   -1.00000000    0.00000000    0.00000000
   19.77611160   -1.00000000    0.00000000    0.00000000
   19.77916718   -1.00000000    0.00000000    0.00000000
   19.78249931   -1.00000000    0.00000000    0.00000000
   19.78583336   -1.00000000    0.00000000    0.00000000
   19.78888893   -1.00000000    0.00000000    0.00000000
   19.79222107   -1.00000000    0.00000000    0.00000000
   19.79527664   -1.00000000    0.00000000    0.00000000
   19.79861069   -1.00000000    0.00000000    0.00000000
   19.80916595   -1.00000000    0.00000000    0.00000000
   19.81250000   -1.00000000    0.00000000    0.00000000
   19.81555557   -1.00000000    0.00000000    0.00000000
   19.81888962   -1.00000000    0.00000000    0.00000000
   19.82222366   -1.00000000    0.00000000    0.00000000
   19.82527924   -1.00000000    0.00000000    0.00000000
   19.82861137   -1.00000000    0.00000000    0.00000000
   19.83166695   -1.00000000    0.00000000    0.00000000
   19.83527756   -1.00000000    0.00000000    0.00000000
   19.83833313   -1.00000000    0.00000000    0.00000000
   19.84166718   -1.00000000    0.00000000    0.00000000
   19.85194397   -1.00000000    0.00000000    0.00000000
   19.85527802   -1.00000000    0.00000000    0.00000000
   19.85833359   -1.00000000    0.00000000    0.00000000
   19.86166763   -1.00000000    0.00000000    0.00000000
   19.86499977   -1.00000000    0.00000000    0.00000000
   19.86861038   -1.00000000    0.00000000    0.00000000
   19.87166595   -1.00000000    0.00000000    0.00000000
   19.87500000   -1.00000000    0.00000000    0.00000000
   19.87833405   -1.00000000    0.00000000    0.00000000
   19.88138962   -1.00000000    0.00000000    0.00000000
