    HOUR (UT)   FLARE FACTOR    SKY TESTER    SUN TESTER
   12.57111073   -1.00000000   -1.00000000   -1.00000000
   12.59222221  232.97999573    0.00000000    0.00000000
   12.59805489  113.48699951    0.00000000    0.00000000
   12.60111141  110.52200317    0.00000000    0.00000000
   12.60444450  105.88099670    0.00000000    0.00000000
   12.60777855  103.06500244    0.00000000    0.00000000
   12.61083412  113.96499634    0.00000000    0.00000000
   12.61416721  106.64499664    0.00000000    0.00000000
   12.61750031  109.08300018    0.00000000    0.00000000
   12.62055588  112.00599670    0.00000000    0.00000000
   12.62388897  108.63300323    0.00000000    0.00000000
   12.62555599  122.77700043    0.00000000    0.00000000
   12.62750053  119.51699829    0.00000000    0.00000000
   12.63055611  127.91200256    0.00000000    0.00000000
   12.63388920  116.64399719    0.00000000    0.00000000
   12.63722229  167.09500122    0.00000000    0.00000000
   12.64027786  141.49000549    0.00000000    0.00000000
   12.64361095   -1.00000000    0.00000000    0.00000000
   12.64666653   -1.00000000    0.00000000    0.00000000
   12.64999962   -1.00000000    0.00000000    0.00000000
   12.65333271   -1.00000000    0.00000000    0.00000000
   12.65638828   -1.00000000    0.00000000    0.00000000
   12.66027737   -1.00000000    0.00000000    0.00000000
   12.66333294   -1.00000000    0.00000000    0.00000000
   12.66666698   -1.00000000    0.00000000    0.00000000
   12.66972256   -1.00000000    0.00000000    0.00000000
   12.67305565   -1.00000000    0.00000000    0.00000000
   12.67638874   -1.00000000    0.00000000    0.00000000
   12.67944431   -1.00000000    0.00000000    0.00000000
   12.68277836   -1.00000000    0.00000000    0.00000000
   12.68611145   -1.00000000    0.00000000    0.00000000
   12.68916702   -1.00000000    0.00000000    0.00000000
   12.69277763  139.80299377    0.00000000    0.00000000
   12.69583321  131.05200195    0.00000000    0.00000000
   12.69916630  105.82599640    0.00000000    0.00000000
   12.70222187  105.90200043    0.00000000    0.00000000
   12.70555496  114.99500275    0.00000000    0.00000000
   12.70888901  110.84100342    0.00000000    0.00000000
   12.71194458  120.48300171    0.00000000    0.00000000
   12.71527767  126.21800232    0.00000000    0.00000000
   12.71833324  118.01399994    0.00000000    0.00000000
   12.72166634  118.25199890    0.00000000    0.00000000
   12.72499943  126.24199677    0.00000000    0.00000000
   12.72555542  118.39399719    0.00000000    0.00000000
   12.72861099  109.73999786    0.00000000    0.00000000
   12.73166656  127.17099762    0.00000000    0.00000000
   12.73500061  112.99299622    0.00000000    0.00000000
   12.73833370  131.26600647    0.00000000    0.00000000
   12.74138927  162.84800720    0.00000000    0.00000000
   12.74472237  228.78599548    0.00000000    0.00000000
   12.74777794  183.75799561    0.00000000    0.00000000
   12.75111103  257.17001343    0.00000000    0.00000000
   12.75444412  177.16400146    0.00000000    0.00000000
   12.75749969  233.00700378    0.00000000    0.00000000
   12.75888920  283.61300659    0.00000000    0.00000000
   12.76111126  148.22700500    0.00000000    0.00000000
   12.76416683  123.84999847    0.00000000    0.00000000
   12.76749992  110.78399658    0.00000000    0.00000000
   12.77083302  145.15100098    0.00000000    0.00000000
   12.77388859  207.47000122    0.00000000    0.00000000
   12.77722168  294.99700928    0.00000000    0.00000000
   12.78055573  168.31300354    0.00000000    0.00000000
   12.78361130  139.80799866    0.00000000    0.00000000
   12.78694534  141.89100647    0.00000000    0.00000000
   12.79000092  114.94999695    0.00000000    0.00000000
   12.79222298  148.34800720    0.00000000    0.00000000
   12.79388905  133.66200256    0.00000000    0.00000000
   12.79694462  113.41100311    0.00000000    0.00000000
   12.80027771  114.19699860    0.00000000    0.00000000
   12.80361176  114.35600281    0.00000000    0.00000000
   12.80694485  117.16300201    0.00000000    0.00000000
   12.81000042  109.83499908    0.00000000    0.00000000
   12.81333351  124.41400146    0.00000000    0.00000000
   12.81638908  107.00900269    0.00000000    0.00000000
   12.81972218  113.12899780    0.00000000    0.00000000
   12.82305527  104.32900238    0.00000000    0.00000000
   12.82555580  107.62000275    0.00000000    0.00000000
   12.82666683  105.40499878    0.00000000    0.00000000
   12.82972240  109.22799683    0.00000000    0.00000000
   12.83305550   99.78189850    0.00000000    0.00000000
   12.83638859  115.09600067    0.00000000    0.00000000
   12.83944416  114.58499908    0.00000000    0.00000000
   12.84277725  109.92500305    0.00000000    0.00000000
   12.84611034  112.08799744    0.00000000    0.00000000
   12.84916592  117.81400299    0.00000000    0.00000000
   12.85249996  114.20500183    0.00000000    0.00000000
   12.85555553  111.68399811    0.00000000    0.00000000
   12.85888958  114.30400085    0.00000000    0.00000000
   12.85944462  117.22299957    0.00000000    0.00000000
   12.86250019  119.75199890    0.00000000    0.00000000
   12.86583328  124.71399689    0.00000000    0.00000000
   12.86916637  115.00499725    0.00000000    0.00000000
   12.87222195  108.71900177    0.00000000    0.00000000
   12.87555599  110.80799866    0.00000000    0.00000000
   12.87888908  115.81099701    0.00000000    0.00000000
   12.88194466  121.17500305    0.00000000    0.00000000
   12.88527775  121.95200348    0.00000000    0.00000000
   12.88833332  113.51100159    0.00000000    0.00000000
   12.89166641  117.93199921    0.00000000    0.00000000
   12.89222240  120.62100220    0.00000000    0.00000000
   12.89527798  122.62000275    0.00000000    0.00000000
   12.89833355  121.64199829    0.00000000    0.00000000
   12.90166664  136.01100159    0.00000000    0.00000000
   12.90499973  125.02300262    0.00000000    0.00000000
   12.90805531  131.06900024    0.00000000    0.00000000
   12.91138840  142.18099976    0.00000000    0.00000000
   12.91472149  301.50500488    0.00000000    0.00000000
   12.91666698  117.93199921    0.00000000    0.00000000
   12.91666698  122.62000275    0.00000000    0.00000000
   12.91666698  121.64199829    0.00000000    0.00000000
   12.91666698  136.01100159    0.00000000    0.00000000
   12.91694450  125.02300262    0.00000000    0.00000000
   12.91694450  131.06900024    0.00000000    0.00000000
   12.91694450  142.18099976    0.00000000    0.00000000
   12.91694450  301.50500488    0.00000000    0.00000000
   12.91722298  113.51100159    0.00000000    0.00000000
   12.91916656  142.88699341    0.00000000    0.00000000
   12.92222214  117.98799896    0.00000000    0.00000000
   12.92555618  113.94599915    0.00000000    0.00000000
   12.92888927  140.92799377    0.00000000    0.00000000
   12.93194485  137.61799622    0.00000000    0.00000000
   12.93722248  137.61799622    0.00000000    0.00000000
   12.94138908  111.81300354    0.00000000    0.00000000
   12.94472218  115.98799896    0.00000000    0.00000000
   12.94777775  109.40399933    0.00000000    0.00000000
   12.95027733  124.22799683    0.00000000    0.00000000
   12.95138836  121.54199982    0.00000000    0.00000000
   12.95472240  113.91400146    0.00000000    0.00000000
   12.95777798  117.54100037    0.00000000    0.00000000
   12.96111107  117.89900208    0.00000000    0.00000000
   12.96416664  115.43199921    0.00000000    0.00000000
   12.96749973  119.93199921    0.00000000    0.00000000
   12.97083282  131.66999817    0.00000000    0.00000000
   12.97388840  126.27400208    0.00000000    0.00000000
   12.98027706  126.27400208    0.00000000    0.00000000
   12.98416710  118.17299652    0.00000000    0.00000000
   12.98750019  119.01999664    0.00000000    0.00000000
   12.99083328  105.98500061    0.00000000    0.00000000
   12.99388885  105.00700378    0.00000000    0.00000000
   12.99722290  114.12599945    0.00000000    0.00000000
   13.00055599  110.64800262    0.00000000    0.00000000
   13.00361156  121.24400330    0.00000000    0.00000000
   13.00694466  111.71499634    0.00000000    0.00000000
   13.01000023  106.87799835    0.00000000    0.00000000
   13.01333332  111.62400055    0.00000000    0.00000000
   13.01666641  118.43199921    0.00000000    0.00000000
   13.01694393  108.65799713    0.00000000    0.00000000
   13.02305508  108.65799713    0.00000000    0.00000000
   13.02722168  112.27500153    0.00000000    0.00000000
   13.03027725  119.52600098    0.00000000    0.00000000
   13.03361130  114.41400146    0.00000000    0.00000000
   13.03694534  110.45099640    0.00000000    0.00000000
   13.04000092  117.05599976    0.00000000    0.00000000
   13.04333401  116.51200104    0.00000000    0.00000000
   13.04638958  114.10600281    0.00000000    0.00000000
   13.04972267  116.83799744    0.00000000    0.00000000
   13.05027771  116.45600128    0.00000000    0.00000000
   13.05333328  113.24199677    0.00000000    0.00000000
   13.05666733  116.74700165    0.00000000    0.00000000
   13.05972195  112.18499756    0.00000000    0.00000000
   13.06583309  112.18499756    0.00000000    0.00000000
   13.06999969  125.84700012    0.00000000    0.00000000
   13.07333374  118.91500092    0.00000000    0.00000000
   13.07638836  125.46800232    0.00000000    0.00000000
   13.07972240  119.60299683    0.00000000    0.00000000
   13.08277798  121.79499817    0.00000000    0.00000000
   13.08361053  129.79200745    0.00000000    0.00000000
   13.08638859  108.72000122    0.00000000    0.00000000
   13.08972168  108.76699829    0.00000000    0.00000000
   13.09277725  108.68099976    0.00000000    0.00000000
   13.09611034  111.86699677    0.00000000    0.00000000
   13.09944439  105.29799652    0.00000000    0.00000000
   13.10249996  108.41699982    0.00000000    0.00000000
   13.10861111  108.41699982    0.00000000    0.00000000
   13.11277771  115.05599976    0.00000000    0.00000000
   13.11611176  113.35500336    0.00000000    0.00000000
   13.11722279  114.31600189    0.00000000    0.00000000
   13.11972237  113.69599915    0.00000000    0.00000000
   13.12305546  109.29399872    0.00000000    0.00000000
   13.12611103  115.35600281    0.00000000    0.00000000
   13.12944412  113.94799805    0.00000000    0.00000000
   13.13277817  111.49600220    0.00000000    0.00000000
   13.13583279  115.54799652    0.00000000    0.00000000
   13.13916683  113.67700195    0.00000000    0.00000000
   13.14222240  118.86699677    0.00000000    0.00000000
   13.14555550  112.31999969    0.00000000    0.00000000
   13.15166664  112.31999969    0.00000000    0.00000000
   13.15555477  116.22000122    0.00000000    0.00000000
   13.15888882  112.58799744    0.00000000    0.00000000
   13.16222191  119.73100281    0.00000000    0.00000000
   13.16527748  117.27300262    0.00000000    0.00000000
   13.16861153  115.51200104    0.00000000    0.00000000
   13.17194462  108.84300232    0.00000000    0.00000000
   13.17500019  112.59600067    0.00000000    0.00000000
   13.17833328  112.87100220    0.00000000    0.00000000
   13.18138885  114.79000092    0.00000000    0.00000000
   13.18388939  122.07499695    0.00000000    0.00000000
   13.18500042  113.00599670    0.00000000    0.00000000
   13.18833351  115.96299744    0.00000000    0.00000000
   13.19444466  115.96299744    0.00000000    0.00000000
   13.19861126  118.34700012    0.00000000    0.00000000
   13.20166683  112.72000122    0.00000000    0.00000000
   13.20499992  107.32599640    0.00000000    0.00000000
   13.20833302  110.33699799    0.00000000    0.00000000
   13.21138859  117.48100281    0.00000000    0.00000000
   13.21472168  111.95700073    0.00000000    0.00000000
   13.21722221  110.42099762    0.00000000    0.00000000
   13.21833324  114.79499817    0.00000000    0.00000000
   13.22166634  113.03900146    0.00000000    0.00000000
   13.22472191  114.84899902    0.00000000    0.00000000
   13.22805500  116.36299896    0.00000000    0.00000000
   13.23138809  116.02500153    0.00000000    0.00000000
   13.23722267  116.02500153    0.00000000    0.00000000
   13.24138927  115.81999969    0.00000000    0.00000000
   13.24472237  113.86900330    0.00000000    0.00000000
   13.24777794  121.57399750    0.00000000    0.00000000
   13.25055599  115.87799835    0.00000000    0.00000000
   13.25138855  119.03700256    0.00000000    0.00000000
   13.25472260  114.31600189    0.00000000    0.00000000
   13.25777817  118.39499664    0.00000000    0.00000000
   13.26111126  112.55500031    0.00000000    0.00000000
   13.26444435  114.24400330    0.00000000    0.00000000
   13.26749992  112.52899933    0.00000000    0.00000000
   13.27083302  115.10299683    0.00000000    0.00000000
   13.27416611  112.57199860    0.00000000    0.00000000
   13.27999973  112.57199860    0.00000000    0.00000000
   13.28416729  107.33599854    0.00000000    0.00000000
   13.28750038  103.68900299    0.00000000    0.00000000
   13.29055595  113.10500336    0.00000000    0.00000000
   13.29388905  113.84400177    0.00000000    0.00000000
   13.29722309  114.24299622    0.00000000    0.00000000
   13.30027771  111.09899902    0.00000000    0.00000000
   13.30361176  116.75499725    0.00000000    0.00000000
   13.30694485  114.38999939    0.00000000    0.00000000
   13.31000042  113.81300354    0.00000000    0.00000000
   13.31333351  118.43199921    0.00000000    0.00000000
   13.31638908  111.65799713    0.00000000    0.00000000
   13.31722260  114.73200226    0.00000000    0.00000000
   13.32305527  114.73200226    0.00000000    0.00000000
   13.32694435  118.48600006    0.00000000    0.00000000
   13.33027744  122.26799774    0.00000000    0.00000000
   13.33361053  118.38899994    0.00000000    0.00000000
   13.33666611  116.48600006    0.00000000    0.00000000
   13.34000015  128.33000183    0.00000000    0.00000000
   13.34361076  114.13700104    0.00000000    0.00000000
   13.34666634  122.31600189    0.00000000    0.00000000
   13.35000038  119.40100098    0.00000000    0.00000000
   13.35055637  123.91100311    0.00000000    0.00000000
   13.35333347  112.23899841    0.00000000    0.00000000
   13.35666752  131.43400574    0.00000000    0.00000000
   13.36000061  124.53399658    0.00000000    0.00000000
   13.36583328  124.53399658    0.00000000    0.00000000
   13.36999989  109.22899628    0.00000000    0.00000000
   13.37305546  114.01999664    0.00000000    0.00000000
   13.37638855  110.94899750    0.00000000    0.00000000
   13.37972260  115.27300262    0.00000000    0.00000000
   13.38277817  118.76100159    0.00000000    0.00000000
   13.38388920  113.02400208    0.00000000    0.00000000
   13.38638878  111.54299927    0.00000000    0.00000000
   13.38972187  107.03600311    0.00000000    0.00000000
   13.39305496  120.69100189    0.00000000    0.00000000
   13.39611053  111.17400360    0.00000000    0.00000000
   13.39944458  109.18900299    0.00000000    0.00000000
   13.40277767  110.10099792    0.00000000    0.00000000
   13.40861034  110.10099792    0.00000000    0.00000000
   13.41277695  118.79000092    0.00000000    0.00000000
   13.41611099  109.69499969    0.00000000    0.00000000
   13.41722298  114.89199829    0.00000000    0.00000000
   13.41944504  109.51200104    0.00000000    0.00000000
   13.42277813  110.45300293    0.00000000    0.00000000
   13.42611122  104.41000366    0.00000000    0.00000000
   13.42916679  109.36000061    0.00000000    0.00000000
   13.43249989  109.73100281    0.00000000    0.00000000
   13.43583298  110.40599823    0.00000000    0.00000000
   13.43888855  106.06800079    0.00000000    0.00000000
   13.44222260  101.78700256    0.00000000    0.00000000
   13.44555569  119.29399872    0.00000000    0.00000000
   13.45138836  119.29399872    0.00000000    0.00000000
   13.45555496  116.93800354    0.00000000    0.00000000
   13.45888901  107.22699738    0.00000000    0.00000000
   13.46194458  115.01499939    0.00000000    0.00000000
   13.46527767  111.40000153    0.00000000    0.00000000
   13.46861076  111.44000244    0.00000000    0.00000000
   13.47166634  108.98100281    0.00000000    0.00000000
   13.47499943  112.61199951    0.00000000    0.00000000
   13.47833252  114.37799835    0.00000000    0.00000000
   13.48138809  108.55400085    0.00000000    0.00000000
   13.48388958  110.64099884    0.00000000    0.00000000
   13.48527813  114.61399841    0.00000000    0.00000000
   13.48833370  113.44799805    0.00000000    0.00000000
   13.49444485  113.44799805    0.00000000    0.00000000
   13.49833393  113.05100250    0.00000000    0.00000000
   13.50166702  117.24299622    0.00000000    0.00000000
   13.50500011  114.61499786    0.00000000    0.00000000
   13.50805569  117.64700317    0.00000000    0.00000000
   13.51138878  104.47299957    0.00000000    0.00000000
   13.51472187  122.69599915    0.00000000    0.00000000
   13.51722240  112.52500153    0.00000000    0.00000000
   13.51833344  110.31700134    0.00000000    0.00000000
   13.52138901  112.99600220    0.00000000    0.00000000
   13.52472210  108.44799805    0.00000000    0.00000000
   13.52805519  112.20500183    0.00000000    0.00000000
   13.53111076  105.69499969    0.00000000    0.00000000
   13.53722286  105.69499969    0.00000000    0.00000000
   13.54138947  108.14199829    0.00000000    0.00000000
   13.54444504  113.99500275    0.00000000    0.00000000
   13.54777813  109.09799957    0.00000000    0.00000000
   13.55055618  113.14099884    0.00000000    0.00000000
   13.55138874  106.71199799    0.00000000    0.00000000
   13.55444431  110.88099670    0.00000000    0.00000000
   13.55777836  105.53900146    0.00000000    0.00000000
   13.56083393  106.12100220    0.00000000    0.00000000
   13.56416702  102.15599823    0.00000000    0.00000000
   13.56750011  101.68800354    0.00000000    0.00000000
   13.57055569  104.67299652    0.00000000    0.00000000
   13.57388878  104.10299683    0.00000000    0.00000000
   13.57999992  104.10299683    0.00000000    0.00000000
   13.58416653  105.87699890    0.00000000    0.00000000
   13.58722210  105.87999725    0.00000000    0.00000000
   13.59055519   99.71070099    0.00000000    0.00000000
   13.61000061  108.67199707    0.00000000    0.00000000
   13.61333370  120.79699707    0.00000000    0.00000000
   13.61666679  107.39600372    0.00000000    0.00000000
   13.61722279  112.65699768    0.00000000    0.00000000
   13.62305546  112.65699768    0.00000000    0.00000000
   13.62722206  120.72399902    0.00000000    0.00000000
   13.63055611  113.64399719    0.00000000    0.00000000
   13.63361073  125.56600189    0.00000000    0.00000000
   13.63694477  102.60600281    0.00000000    0.00000000
   13.64027786  112.20099640    0.00000000    0.00000000
   13.64333344  106.12999725    0.00000000    0.00000000
   13.64666653  115.54599762    0.00000000    0.00000000
   13.64999962  106.93900299    0.00000000    0.00000000
   13.65055561  120.55599976    0.00000000    0.00000000
   13.65361118  114.04100037    0.00000000    0.00000000
   13.65694427  115.85199738    0.00000000    0.00000000
   13.65999985  119.13899994    0.00000000    0.00000000
   13.66583252  119.13899994    0.00000000    0.00000000
   13.67000008  315.08700562    0.00000000    0.00000000
   13.67194462  124.90499878    0.00000000    0.00000000
   13.67222214  112.20099640    0.00000000    0.00000000
   13.67222214  106.12999725    0.00000000    0.00000000
   13.67222214  115.54599762    0.00000000    0.00000000
   13.67222214  106.93900299    0.00000000    0.00000000
   13.67222214  114.04100037    0.00000000    0.00000000
   13.67250061  115.85199738    0.00000000    0.00000000
   13.67250061  119.13899994    0.00000000    0.00000000
   13.67250061  315.08700562    0.00000000    0.00000000
   13.67250061  102.60600281    0.00000000    0.00000000
   13.67444515  126.03500366    0.00000000    0.00000000
   13.67777824  118.38099670    0.00000000    0.00000000
   13.68111134  122.38899994    0.00000000    0.00000000
   13.68416691  119.29199982    0.00000000    0.00000000
   13.68750000  120.88700104    0.00000000    0.00000000
   13.69277763  120.88700104    0.00000000    0.00000000
   13.69694424  112.31600189    0.00000000    0.00000000
   13.70027733  108.59799957    0.00000000    0.00000000
   13.70333290  113.34799957    0.00000000    0.00000000
   13.70583344  107.46700287    0.00000000    0.00000000
   13.70694447  114.58699799    0.00000000    0.00000000
   13.71027756  117.03700256    0.00000000    0.00000000
   13.71333313  120.03299713    0.00000000    0.00000000
   13.71666622  112.19699860    0.00000000    0.00000000
   13.71972179  116.31400299    0.00000000    0.00000000
   13.72305489  110.30599976    0.00000000    0.00000000
   13.72638798  112.40699768    0.00000000    0.00000000
   13.72944355  110.58499908    0.00000000    0.00000000
   13.73555565  110.58499908    0.00000000    0.00000000
   13.73972225  107.77400208    0.00000000    0.00000000
   13.74305534  104.31500244    0.00000000    0.00000000
   13.74638939  105.69000244    0.00000000    0.00000000
   13.74944496  110.15699768    0.00000000    0.00000000
   13.75277805  108.33899689    0.00000000    0.00000000
   13.75583363  116.89800262    0.00000000    0.00000000
   13.75916672  117.25399780    0.00000000    0.00000000
   13.76249981  126.04599762    0.00000000    0.00000000
   13.76555538  126.94799805    0.00000000    0.00000000
   13.76888847  123.76100159    0.00000000    0.00000000
   13.77222157  127.04900360    0.00000000    0.00000000
   13.77250004  123.87599945    0.00000000    0.00000000
   13.77861118  123.87599945    0.00000000    0.00000000
   13.78277779  134.39999390    0.00000000    0.00000000
   13.78583336  129.58900452    0.00000000    0.00000000
   13.78916740  141.38000488    0.00000000    0.00000000
   13.79222298  148.54200745    0.00000000    0.00000000
   13.79555607  141.05999756    0.00000000    0.00000000
   13.79888916  152.84500122    0.00000000    0.00000000
   13.80194473  165.84100342    0.00000000    0.00000000
   13.80527782  182.28700256    0.00000000    0.00000000
   13.80583382  169.91900635    0.00000000    0.00000000
   13.80888939  189.83200073    0.00000000    0.00000000
   13.81222248  199.57499695    0.00000000    0.00000000
   13.81527805  186.52600098    0.00000000    0.00000000
   13.82138920  186.52600098    0.00000000    0.00000000
   13.82555580  320.98098755    0.00000000    0.00000000
   13.82750034  306.29199219    0.00000000    0.00000000
   13.82888889  321.70300293    0.00000000    0.00000000
   13.83027744  304.40600586    0.00000000    0.00000000
   13.83166695  295.27999878    0.00000000    0.00000000
   13.83305550  317.62399292    0.00000000    0.00000000
   13.83444405  263.44000244    0.00000000    0.00000000
   13.83583260  268.23800659    0.00000000    0.00000000
   13.83722210  242.67199707    0.00000000    0.00000000
   13.83861065  187.20399475    0.00000000    0.00000000
   13.83861065  199.57499695    0.00000000    0.00000000
   13.83861065  186.52600098    0.00000000    0.00000000
   13.83861065  320.98098755    0.00000000    0.00000000
   13.83861065  148.54200745    0.00000000    0.00000000
   13.83888817  141.05999756    0.00000000    0.00000000
   13.83888817  152.84500122    0.00000000    0.00000000
   13.83888817  165.84100342    0.00000000    0.00000000
   13.83888817  182.28700256    0.00000000    0.00000000
   13.83888817  189.83200073    0.00000000    0.00000000
   13.83944416  205.70300293    0.00000000    0.00000000
   13.84277725  145.98399353    0.00000000    0.00000000
   13.84611034   90.86270142    0.00000000    0.00000000
   13.84916592   75.09919739    0.00000000    0.00000000
   13.85249996   78.27539825    0.00000000    0.00000000
   13.85916710   78.27539825    0.00000000    0.00000000
   13.86333370   -1.00000000    0.00000000    0.00000000
   13.86666679   -1.00000000    0.00000000    0.00000000
   13.86999989   -1.00000000    0.00000000    0.00000000
   13.87333393   -1.00000000    0.00000000    0.00000000
   13.87638855   -1.00000000    0.00000000    0.00000000
   13.87972260   -1.00000000    0.00000000    0.00000000
   13.88305569   -1.00000000    0.00000000    0.00000000
   13.88611126   -1.00000000    0.00000000    0.00000000
   13.88944435   -1.00000000    0.00000000    0.00000000
   13.89277744   -1.00000000    0.00000000    0.00000000
   13.89583302   -1.00000000    0.00000000    0.00000000
   13.90611076   -1.00000000    0.00000000    0.00000000
   13.90944386   -1.00000000    0.00000000    0.00000000
   13.91277695   -1.00000000    0.00000000    0.00000000
   13.91583252   -1.00000000    0.00000000    0.00000000
   13.91916656   -1.00000000    0.00000000    0.00000000
   13.92222214   -1.00000000    0.00000000    0.00000000
   13.92555618   -1.00000000    0.00000000    0.00000000
   13.92888927   -1.00000000    0.00000000    0.00000000
   13.93194485   -1.00000000    0.00000000    0.00000000
   13.93527794   -1.00000000    0.00000000    0.00000000
   13.93861103   -1.00000000    0.00000000    0.00000000
   13.94916630   -1.00000000    0.00000000    0.00000000
   13.95222187   -1.00000000    0.00000000    0.00000000
   13.95555496   -1.00000000    0.00000000    0.00000000
   13.95861053   -1.00000000    0.00000000    0.00000000
   13.96194458   -1.00000000    0.00000000    0.00000000
   13.96527767   -1.00000000    0.00000000    0.00000000
   13.96833324   -1.00000000    0.00000000    0.00000000
   13.97166634   -1.00000000    0.00000000    0.00000000
   13.97527695   -1.00000000    0.00000000    0.00000000
   13.97861099   -1.00000000    0.00000000    0.00000000
   13.98166656   -1.00000000    0.00000000    0.00000000
   13.99194431   -1.00000000    0.00000000    0.00000000
   13.99527836   -1.00000000    0.00000000    0.00000000
   13.99833393   -1.00000000    0.00000000    0.00000000
   14.00166702   -1.00000000    0.00000000    0.00000000
   14.00527763   -1.00000000    0.00000000    0.00000000
   14.00861073   -1.00000000    0.00000000    0.00000000
   14.01361084   -1.00000000    0.00000000    0.00000000
   14.02638817  131.08000183    0.00000000    0.00000000
   14.02972221  156.75000000    0.00000000    0.00000000
   14.03305531  129.29200745    0.00000000    0.00000000
   14.03611183  145.00199890    0.00000000    0.00000000
   14.03888893  127.80799866    0.00000000    0.00000000
   14.03972244  129.90499878    0.00000000    0.00000000
   14.04388905  129.90499878    0.00000000    0.00000000
   14.04805565  157.23199463    0.00000000    0.00000000
   14.05111122  346.54299927    0.00000000    0.00000000
   14.05305576  334.24600220    0.00000000    0.00000000
   14.05444431  270.09201050    0.00000000    0.00000000
   14.05583382  313.70700073    0.00000000    0.00000000
   14.05722237  166.96400452    0.00000000    0.00000000
   14.05722237  131.08000183    0.00000000    0.00000000
   14.05749989  156.75000000    0.00000000    0.00000000
   14.05749989  129.29200745    0.00000000    0.00000000
   14.05749989  145.00199890    0.00000000    0.00000000
   14.05749989  129.90499878    0.00000000    0.00000000
   14.05749989  157.23199463    0.00000000    0.00000000
   14.05749989  346.54299927    0.00000000    0.00000000
   14.05833340  167.35699463    0.00000000    0.00000000
   14.06138897  248.92199707    0.00000000    0.00000000
   14.06472206  145.83500671    0.00000000    0.00000000
   14.06777763  141.20399475    0.00000000    0.00000000
   14.07111073  148.22799683    0.00000000    0.00000000
   14.07444477  128.89700317    0.00000000    0.00000000
   14.07833290  128.89700317    0.00000000    0.00000000
   14.08249950  125.00800323    0.00000000    0.00000000
   14.08583260  117.58499908    0.00000000    0.00000000
   14.08916664  117.24199677    0.00000000    0.00000000
   14.09111118  119.93199921    0.00000000    0.00000000
   14.09277725  118.67700195    0.00000000    0.00000000
   14.09583282  117.10700226    0.00000000    0.00000000
   14.09916592  121.55699921    0.00000000    0.00000000
   14.10249996  117.53199768    0.00000000    0.00000000
   14.10555553  119.93000031    0.00000000    0.00000000
   14.10888958  124.27500153    0.00000000    0.00000000
   14.11222267  122.92600250    0.00000000    0.00000000
   14.11527824  128.98899841    0.00000000    0.00000000
   14.12138939  128.98899841    0.00000000    0.00000000
   14.12555599  152.38299561    0.00000000    0.00000000
   14.12861156  179.22300720    0.00000000    0.00000000
   14.13194466  268.54501343    0.00000000    0.00000000
   14.13500023  224.81199646    0.00000000    0.00000000
   14.13833332  277.56600952    0.00000000    0.00000000
   14.14166641  208.80000305    0.00000000    0.00000000
   14.14472198  222.08500671    0.00000000    0.00000000
   14.14805508  217.53399658    0.00000000    0.00000000
   14.15138817  188.63900757    0.00000000    0.00000000
   14.15444374  222.90699768    0.00000000    0.00000000
   14.15777779  187.19200134    0.00000000    0.00000000
   14.15833282  167.30599976    0.00000000    0.00000000
   14.16416645  167.30599976    0.00000000    0.00000000
   14.16833401  189.22500610    0.00000000    0.00000000
   14.17138958  341.07400513    0.00000000    0.00000000
   14.17361164  218.72500610    0.00000000    0.00000000
   14.17361164  187.19200134    0.00000000    0.00000000
   14.17361164  189.22500610    0.00000000    0.00000000
   14.17361164  341.07400513    0.00000000    0.00000000
   14.17361164  277.56600952    0.00000000    0.00000000
   14.17388916  208.80000305    0.00000000    0.00000000
   14.17388916  222.08500671    0.00000000    0.00000000
   14.17388916  217.53399658    0.00000000    0.00000000
   14.17388916  188.63900757    0.00000000    0.00000000
   14.17388916  222.90699768    0.00000000    0.00000000
   14.17611122  194.07499695    0.00000000    0.00000000
   14.17916679  269.80099487    0.00000000    0.00000000
   14.18249989  244.95199585    0.00000000    0.00000000
   14.18555546  202.44400024    0.00000000    0.00000000
   14.18888855  216.79400635    0.00000000    0.00000000
   14.19416714  216.79400635    0.00000000    0.00000000
   14.19833374  153.07400513    0.00000000    0.00000000
   14.20166683  139.25000000    0.00000000    0.00000000
   14.20472240  141.55700684    0.00000000    0.00000000
   14.20722198  148.68400574    0.00000000    0.00000000
   14.20833302  139.42799377    0.00000000    0.00000000
   14.21166611  124.14600372    0.00000000    0.00000000
   14.21472168  135.38000488    0.00000000    0.00000000
   14.21805477  229.92100525    0.00000000    0.00000000
   14.22111034  172.78300476    0.00000000    0.00000000
   14.22444439  180.52299500    0.00000000    0.00000000
   14.22777748  235.54100037    0.00000000    0.00000000
   14.23083305  185.23800659    0.00000000    0.00000000
   14.23722267  185.23800659    0.00000000    0.00000000
   14.24111176  132.72700500    0.00000000    0.00000000
   14.24444485  131.60000610    0.00000000    0.00000000
   14.24777794  129.26499939    0.00000000    0.00000000
   14.25111103  116.93800354    0.00000000    0.00000000
   14.25416660  125.05000305    0.00000000    0.00000000
   14.25749969  118.23600006    0.00000000    0.00000000
   14.26083374  117.44100189    0.00000000    0.00000000
   14.26388931  113.76200104    0.00000000    0.00000000
   14.26722240  118.38099670    0.00000000    0.00000000
   14.27027798  119.03099823    0.00000000    0.00000000
   14.27361107  118.37200165    0.00000000    0.00000000
   14.27416611  120.30000305    0.00000000    0.00000000
   14.27999973  120.30000305    0.00000000    0.00000000
   14.28416729  113.20200348    0.00000000    0.00000000
   14.28722286  113.58000183    0.00000000    0.00000000
   14.29055595  121.90299988    0.00000000    0.00000000
   14.29388905  117.39900208    0.00000000    0.00000000
   14.29694462  129.72799683    0.00000000    0.00000000
   14.30027771  124.38700104    0.00000000    0.00000000
   14.30333328  126.82399750    0.00000000    0.00000000
   14.30666733  134.52000427    0.00000000    0.00000000
   14.30749989  136.97500610    0.00000000    0.00000000
   14.31027794  128.99499512    0.00000000    0.00000000
   14.31333351  136.66799927    0.00000000    0.00000000
   14.31666660  129.73899841    0.00000000    0.00000000
   14.32277775  129.73899841    0.00000000    0.00000000
   14.32694435  131.68800354    0.00000000    0.00000000
   14.33027744  125.11299896    0.00000000    0.00000000
   14.33333302  127.52400208    0.00000000    0.00000000
   14.33666611  114.12200165    0.00000000    0.00000000
   14.33972168  118.21700287    0.00000000    0.00000000
   14.34083271  121.02899933    0.00000000    0.00000000
   14.34361076  114.78199768    0.00000000    0.00000000
   14.34666634  112.51100159    0.00000000    0.00000000
   14.35000038  113.02100372    0.00000000    0.00000000
   14.35305595  111.77999878    0.00000000    0.00000000
   14.35638905  114.38700104    0.00000000    0.00000000
   14.35972214  125.26000214    0.00000000    0.00000000
   14.36555576  125.26000214    0.00000000    0.00000000
   14.36972237  113.43699646    0.00000000    0.00000000
   14.37305546  124.80599976    0.00000000    0.00000000
   14.37416649  111.62400055    0.00000000    0.00000000
   14.37666702  112.75399780    0.00000000    0.00000000
   14.37972260  119.78800201    0.00000000    0.00000000
   14.38305569  117.90499878    0.00000000    0.00000000
   14.38611126  116.21399689    0.00000000    0.00000000
   14.38944435  111.67400360    0.00000000    0.00000000
   14.39277744  113.11399841    0.00000000    0.00000000
   14.39583302  118.43900299    0.00000000    0.00000000
   14.39916611  114.24600220    0.00000000    0.00000000
   14.40249920  110.83000183    0.00000000    0.00000000
   14.40861034  110.83000183    0.00000000    0.00000000
   14.41249943  110.05400085    0.00000000    0.00000000
   14.41583252  112.08899689    0.00000000    0.00000000
   14.41916656  109.52100372    0.00000000    0.00000000
   14.42250061  111.45899963    0.00000000    0.00000000
   14.42555618  116.35600281    0.00000000    0.00000000
   14.42888927  111.90699768    0.00000000    0.00000000
   14.43222237  112.73600006    0.00000000    0.00000000
   14.43527794  108.52100372    0.00000000    0.00000000
   14.43861103  105.78399658    0.00000000    0.00000000
   14.44083309  107.53800201    0.00000000    0.00000000
   14.44222260  106.51200104    0.00000000    0.00000000
   14.44527817  105.75800323    0.00000000    0.00000000
   14.45138836  105.75800323    0.00000000    0.00000000
   14.45555496  111.53700256    0.00000000    0.00000000
   14.45861053  109.96800232    0.00000000    0.00000000
   14.46194458  107.87599945    0.00000000    0.00000000
   14.46527767  105.56300354    0.00000000    0.00000000
   14.46833324  104.35700226    0.00000000    0.00000000
   14.47166634  107.46399689    0.00000000    0.00000000
   14.47416592  110.03800201    0.00000000    0.00000000
   14.47527695  110.04799652    0.00000000    0.00000000
   14.47833252  105.61799622    0.00000000    0.00000000
   14.48166656  110.24099731    0.00000000    0.00000000
   14.48472214  109.28900146    0.00000000    0.00000000
   14.48805618  114.66600037    0.00000000    0.00000000
   14.49416733  114.66600037    0.00000000    0.00000000
   14.49833393  108.88800049    0.00000000    0.00000000
   14.50166702  113.41400146    0.00000000    0.00000000
   14.50472260  110.77300262    0.00000000    0.00000000
   14.50749969  113.55799866    0.00000000    0.00000000
   14.50833321  111.67299652    0.00000000    0.00000000
   14.51166630  117.08200073    0.00000000    0.00000000
   14.51500034  116.09600067    0.00000000    0.00000000
   14.51805496  117.70500183    0.00000000    0.00000000
   14.52138901  108.16999817    0.00000000    0.00000000
   14.52472210  112.59200287    0.00000000    0.00000000
   14.52777767  114.34600067    0.00000000    0.00000000
   14.53111076  112.80000305    0.00000000    0.00000000
   14.53694534  112.80000305    0.00000000    0.00000000
   14.54111195  111.60600281    0.00000000    0.00000000
   14.54444504  109.61699677    0.00000000    0.00000000
   14.54750061  106.31999969    0.00000000    0.00000000
   14.55083370  117.29599762    0.00000000    0.00000000
   14.55416679  113.99299622    0.00000000    0.00000000
   14.55722237  108.73500061    0.00000000    0.00000000
   14.56055546  107.99900055    0.00000000    0.00000000
   14.56388950  111.22299957    0.00000000    0.00000000
   14.56694412  113.42700195    0.00000000    0.00000000
   14.57027817  125.69699860    0.00000000    0.00000000
   14.57333374  119.98500061    0.00000000    0.00000000
   14.57416630  112.07900238    0.00000000    0.00000000
   14.57999992  112.07900238    0.00000000    0.00000000
   14.58388901  116.53900146    0.00000000    0.00000000
   14.58722210  107.76100159    0.00000000    0.00000000
   14.59055519  121.60700226    0.00000000    0.00000000
   14.59361076  109.08499908    0.00000000    0.00000000
   14.59694386  111.76599884    0.00000000    0.00000000
   14.60027790  107.58999634    0.00000000    0.00000000
   14.60333347  110.48699951    0.00000000    0.00000000
   14.60666752  116.40399933    0.00000000    0.00000000
   14.60750008  109.22200012    0.00000000    0.00000000
   14.61027813  122.43599701    0.00000000    0.00000000
   14.61333370  120.15200043    0.00000000    0.00000000
   14.61666679  114.34400177    0.00000000    0.00000000
   14.62277794  114.34400177    0.00000000    0.00000000
   14.62694454  109.49700165    0.00000000    0.00000000
   14.63000011  117.79399872    0.00000000    0.00000000
   14.63333321  111.71700287    0.00000000    0.00000000
   14.63666630  109.84500122    0.00000000    0.00000000
   14.63972187  108.92600250    0.00000000    0.00000000
   14.64083290  114.90699768    0.00000000    0.00000000
   14.64333344  114.38800049    0.00000000    0.00000000
   14.64638901  130.51699829    0.00000000    0.00000000
   14.64972210  115.96700287    0.00000000    0.00000000
   14.65305519  121.80000305    0.00000000    0.00000000
   14.65611076  112.55000305    0.00000000    0.00000000
   14.65944386  117.76200104    0.00000000    0.00000000
   14.66555500  117.76200104    0.00000000    0.00000000
   14.66972256  116.96299744    0.00000000    0.00000000
   14.67305565  104.84600067    0.00000000    0.00000000
   14.67416668  112.44000244    0.00000000    0.00000000
   14.67666721  112.36199951    0.00000000    0.00000000
   14.67972279  111.30500031    0.00000000    0.00000000
   14.68305588  113.89900208    0.00000000    0.00000000
   14.68638897  111.38999939    0.00000000    0.00000000
   14.68944454  109.06999969    0.00000000    0.00000000
   14.69277763  112.30899811    0.00000000    0.00000000
   14.69583321  110.80599976    0.00000000    0.00000000
   14.69916630  110.49299622    0.00000000    0.00000000
   14.70249939  106.59500122    0.00000000    0.00000000
   14.70833302  106.59500122    0.00000000    0.00000000
   14.71249962  113.48999786    0.00000000    0.00000000
   14.71583271  113.69000244    0.00000000    0.00000000
   14.71888828  111.74700165    0.00000000    0.00000000
   14.72222137  108.25599670    0.00000000    0.00000000
   14.72555542  111.21900177    0.00000000    0.00000000
   14.72861099  117.31999969    0.00000000    0.00000000
   14.73194408  110.00599670    0.00000000    0.00000000
   14.73527813  113.68699646    0.00000000    0.00000000
   14.73833370  113.40799713    0.00000000    0.00000000
   14.74083328  121.61000061    0.00000000    0.00000000
   14.74194431  112.44799805    0.00000000    0.00000000
   14.74499989  114.53900146    0.00000000    0.00000000
   14.75138855  114.53900146    0.00000000    0.00000000
   14.75527763  117.23100281    0.00000000    0.00000000
   14.75861073  113.92199707    0.00000000    0.00000000
   14.76194477  122.21199799    0.00000000    0.00000000
   14.76500034  110.78500366    0.00000000    0.00000000
   14.76833344  116.84200287    0.00000000    0.00000000
   14.77166653  112.50099945    0.00000000    0.00000000
   14.77416611  110.14700317    0.00000000    0.00000000
   14.77527714  118.29699707    0.00000000    0.00000000
   14.77833271  111.96900177    0.00000000    0.00000000
   14.78166676  109.92199707    0.00000000    0.00000000
   14.78500080  111.30699921    0.00000000    0.00000000
   14.78805637  105.20700073    0.00000000    0.00000000
   14.79416752  105.20700073    0.00000000    0.00000000
   14.79833412  116.27700043    0.00000000    0.00000000
   14.80138874  114.88999939    0.00000000    0.00000000
   14.80472279  110.54399872    0.00000000    0.00000000
   14.80749989  108.94200134    0.00000000    0.00000000
   14.80833340  119.91200256    0.00000000    0.00000000
   14.81138897  117.91000366    0.00000000    0.00000000
   14.81472206  112.78099823    0.00000000    0.00000000
   14.81805515  107.42500305    0.00000000    0.00000000
   14.82111073  111.80500031    0.00000000    0.00000000
   14.82444477  113.30000305    0.00000000    0.00000000
   14.82750034  109.19400024    0.00000000    0.00000000
   14.83083344  107.96600342    0.00000000    0.00000000
   14.83694458  107.96600342    0.00000000    0.00000000
   14.84111118  110.10900116    0.00000000    0.00000000
   14.84444427  117.09700012    0.00000000    0.00000000
   14.84749985  111.50900269    0.00000000    0.00000000
   14.85083389  111.21499634    0.00000000    0.00000000
   14.85416698  117.04399872    0.00000000    0.00000000
   14.85722256  116.08999634    0.00000000    0.00000000
   14.86055565  113.61100006    0.00000000    0.00000000
   14.86388969  109.62799835    0.00000000    0.00000000
   14.86694431  115.25099945    0.00000000    0.00000000
   14.87027836  113.46199799    0.00000000    0.00000000
   14.87361145  116.65200043    0.00000000    0.00000000
   14.87416649  113.67099762    0.00000000    0.00000000
   14.87972260  113.67099762    0.00000000    0.00000000
   14.88388920  112.61299896    0.00000000    0.00000000
   14.88722229  112.11599731    0.00000000    0.00000000
   14.89027786  109.55300140    0.00000000    0.00000000
   14.89361095  109.36299896    0.00000000    0.00000000
   14.89694405  118.20899963    0.00000000    0.00000000
   14.89999962  114.14399719    0.00000000    0.00000000
   14.90333271  117.08999634    0.00000000    0.00000000
   14.90666676  111.30300140    0.00000000    0.00000000
   14.90749931  114.76499939    0.00000000    0.00000000
   14.91027737  111.34799957    0.00000000    0.00000000
   14.91333294  105.85900116    0.00000000    0.00000000
   14.91666698  107.20700073    0.00000000    0.00000000
   14.92277813  107.20700073    0.00000000    0.00000000
   14.92666721  111.80100250    0.00000000    0.00000000
   14.93000031  103.41500092    0.00000000    0.00000000
   14.93333340  106.34899902    0.00000000    0.00000000
   14.93638897  104.20500183    0.00000000    0.00000000
   14.93972206  103.70099640    0.00000000    0.00000000
   14.94083309  106.80400085    0.00000000    0.00000000
   14.94333363  105.17600250    0.00000000    0.00000000
   14.94638920  104.07299805    0.00000000    0.00000000
   14.94972229  105.16200256    0.00000000    0.00000000
   14.95305538  108.43699646    0.00000000    0.00000000
   14.95611095  104.91600037    0.00000000    0.00000000
   14.95944405  109.71499634    0.00000000    0.00000000
   14.96555519  109.71499634    0.00000000    0.00000000
   14.96972179  107.71600342    0.00000000    0.00000000
   14.97277737  112.19899750    0.00000000    0.00000000
   14.97416592  115.21299744    0.00000000    0.00000000
   14.97666645  112.99700165    0.00000000    0.00000000
   14.97972202  116.98999786    0.00000000    0.00000000
   14.98305511  111.87599945    0.00000000    0.00000000
   14.98638916  112.19899750    0.00000000    0.00000000
   14.98944473  110.76999664    0.00000000    0.00000000
   14.99277782  112.45800018    0.00000000    0.00000000
   14.99611092  112.64499664    0.00000000    0.00000000
   14.99916649  111.10800171    0.00000000    0.00000000
   15.00249958  111.15200043    0.00000000    0.00000000
   15.00833321  111.15200043    0.00000000    0.00000000
   15.01249981  114.31700134    0.00000000    0.00000000
   15.01583290  113.61000061    0.00000000    0.00000000
   15.01888847  108.73000336    0.00000000    0.00000000
   15.02222157  106.80699921    0.00000000    0.00000000
   15.04111195  101.70099640    0.00000000    0.00000000
   15.04222298  106.28500366    0.00000000    0.00000000
   15.04555607  110.59899902    0.00000000    0.00000000
   15.05111122  110.59899902    0.00000000    0.00000000
   15.05527782  112.21800232    0.00000000    0.00000000
   15.05861092  111.28800201    0.00000000    0.00000000
   15.06166649  114.09700012    0.00000000    0.00000000
   15.06500053  100.42199707    0.00000000    0.00000000
   15.06833363  107.57599640    0.00000000    0.00000000
   15.07138920  109.39800262    0.00000000    0.00000000
   15.07444477  111.96399689    0.00000000    0.00000000
   15.07499981  113.25499725    0.00000000    0.00000000
   15.07805538  110.67600250    0.00000000    0.00000000
   15.08138847  102.66600037    0.00000000    0.00000000
   15.08472157  115.66899872    0.00000000    0.00000000
   15.08777714  112.77899933    0.00000000    0.00000000
   15.09388828  112.77899933    0.00000000    0.00000000
   15.09805489  114.97100067    0.00000000    0.00000000
   15.10138893  109.15899658    0.00000000    0.00000000
   15.10472298  109.44999695    0.00000000    0.00000000
   15.10777855  109.81700134    0.00000000    0.00000000
   15.10833359  111.53600311    0.00000000    0.00000000
   15.11166668  109.26899719    0.00000000    0.00000000
   15.11472225  103.97699738    0.00000000    0.00000000
   15.11805534  105.40100098    0.00000000    0.00000000
   15.12111092  112.12500000    0.00000000    0.00000000
   15.12444496  112.27200317    0.00000000    0.00000000
   15.12777805  111.17299652    0.00000000    0.00000000
   15.13083363  103.96900177    0.00000000    0.00000000
   15.13694477  103.96900177    0.00000000    0.00000000
   15.14111137   99.39640045    0.00000000    0.00000000
   15.14138889  101.52700043    0.00000000    0.00000000
   15.14472198  106.23799896    0.00000000    0.00000000
   15.14805508  110.72200012    0.00000000    0.00000000
   15.15111065  106.24299622    0.00000000    0.00000000
   15.15444374  107.39800262    0.00000000    0.00000000
   15.15777779  121.85600281    0.00000000    0.00000000
   15.16083336  139.04699707    0.00000000    0.00000000
   15.16416645  125.19499969    0.00000000    0.00000000
   15.16722298  213.52600098    0.00000000    0.00000000
   15.17055607   37.65230179    0.00000000    0.00000000
   15.17388916   -1.00000000    0.00000000    0.00000000
   15.17972279   -1.00000000    0.00000000    0.00000000
   15.18388939  159.61900330    0.00000000    0.00000000
   15.18722248  253.22900391    0.00000000    0.00000000
   15.19027805  127.27400208    0.00000000    0.00000000
   15.19361115  221.88099670    0.00000000    0.00000000
   15.19666672   -1.00000000    0.00000000    0.00000000
   15.19999981   -1.00000000    0.00000000    0.00000000
   15.20333290   -1.00000000    0.00000000    0.00000000
   15.20638847   -1.00000000    0.00000000    0.00000000
   15.21000004   -1.00000000    0.00000000    0.00000000
   15.21305561   -1.00000000    0.00000000    0.00000000
   15.21638870   -1.00000000    0.00000000    0.00000000
   15.22249985   -1.00000000    0.00000000    0.00000000
   15.22666645  236.16400146    0.00000000    0.00000000
   15.22999954   -1.00000000    0.00000000    0.00000000
   15.23305511   -1.00000000    0.00000000    0.00000000
   15.23638916   -1.00000000    0.00000000    0.00000000
   15.23972225   -1.00000000    0.00000000    0.00000000
   15.24305534   -1.00000000    0.00000000    0.00000000
   15.24611092   50.18960190    0.00000000    0.00000000
   15.24944496   -1.00000000    0.00000000    0.00000000
   15.25277805   -1.00000000    0.00000000    0.00000000
   15.25583363   -1.00000000    0.00000000    0.00000000
   15.25916672   -1.00000000    0.00000000    0.00000000
   15.26527786   -1.00000000    0.00000000    0.00000000
   15.26944447   64.93900299    0.00000000    0.00000000
   15.27277756  119.33899689    0.00000000    0.00000000
   15.27499962  127.21499634    0.00000000    0.00000000
   15.27638817  117.89199829    0.00000000    0.00000000
   15.27972221  117.33200073    0.00000000    0.00000000
   15.28277779  119.52200317    0.00000000    0.00000000
   15.28611183  155.11399841    0.00000000    0.00000000
   15.28944492  125.99800110    0.00000000    0.00000000
   15.29250050  114.57099915    0.00000000    0.00000000
   15.29583359  136.33900452    0.00000000    0.00000000
   15.29888916  111.81099701    0.00000000    0.00000000
   15.30222225  117.26599884    0.00000000    0.00000000
   15.30833340  117.26599884    0.00000000    0.00000000
   15.31250000  118.04399872    0.00000000    0.00000000
   15.31555557  108.04000092    0.00000000    0.00000000
   15.31888866  116.81300354    0.00000000    0.00000000
   15.32194424  109.92600250    0.00000000    0.00000000
   15.32527733  108.29299927    0.00000000    0.00000000
   15.32861137  112.37599945    0.00000000    0.00000000
   15.33166695  107.86699677    0.00000000    0.00000000
   15.33500004  113.36699677    0.00000000    0.00000000
   15.33833313  113.35399628    0.00000000    0.00000000
   15.34138870  114.45899963    0.00000000    0.00000000
   15.34194374  118.38600159    0.00000000    0.00000000
   15.34527779  126.47599792    0.00000000    0.00000000
   15.35111141  126.47599792    0.00000000    0.00000000
   15.35527802  110.23699951    0.00000000    0.00000000
   15.35833359  107.51599884    0.00000000    0.00000000
   15.36166668  108.25299835    0.00000000    0.00000000
   15.36500072  111.55000305    0.00000000    0.00000000
   15.36805534  105.35600281    0.00000000    0.00000000
   15.37138939  108.40499878    0.00000000    0.00000000
   15.37472248  111.45200348    0.00000000    0.00000000
   15.37527752  111.54900360    0.00000000    0.00000000
   15.37833309  111.19200134    0.00000000    0.00000000
   15.38166714  115.96399689    0.00000000    0.00000000
   15.38472176  109.21099854    0.00000000    0.00000000
   15.38805580  109.47200012    0.00000000    0.00000000
   15.39388847  109.47200012    0.00000000    0.00000000
   15.39805508  107.73100281    0.00000000    0.00000000
   15.40138817  103.54599762    0.00000000    0.00000000
   15.40444374  105.80200195    0.00000000    0.00000000
   15.40777779  103.36000061    0.00000000    0.00000000
   15.40861034  110.69699860    0.00000000    0.00000000
   15.41138840  113.69999695    0.00000000    0.00000000
   15.41444397  111.03600311    0.00000000    0.00000000
   15.41777802  114.47799683    0.00000000    0.00000000
   15.42083359  109.76100159    0.00000000    0.00000000
   15.42416668  110.50499725    0.00000000    0.00000000
   15.42750072  114.65799713    0.00000000    0.00000000
   15.43055630  119.35700226    0.00000000    0.00000000
   15.43666649  119.35700226    0.00000000    0.00000000
   15.44083309   -1.00000000    0.00000000    0.00000000
   15.44444466  201.83299255    0.00000000    0.00000000
   15.44777775  200.79800415    0.00000000    0.00000000
   15.45111084  114.98899841    0.00000000    0.00000000
   15.45416641  121.51699829    0.00000000    0.00000000
   15.45749950  111.93499756    0.00000000    0.00000000
   15.46083355  114.97499847    0.00000000    0.00000000
   15.46388912  137.83399963    0.00000000    0.00000000
   15.46722221  130.38299561    0.00000000    0.00000000
   15.47027779  303.71200562    0.00000000    0.00000000
   15.47249985  111.93499756    0.00000000    0.00000000
   15.47249985  114.97499847    0.00000000    0.00000000
   15.47249985  137.83399963    0.00000000    0.00000000
   15.47249985  130.38299561    0.00000000    0.00000000
   15.47277737  303.71200562    0.00000000    0.00000000
   15.47277737  201.83299255    0.00000000    0.00000000
   15.47277737  200.79800415    0.00000000    0.00000000
   15.47277737  114.98899841    0.00000000    0.00000000
   15.47277737  121.51699829    0.00000000    0.00000000
   15.47472191   -1.00000000    0.00000000    0.00000000
   15.47805500   -1.00000000    0.00000000    0.00000000
   15.48138809   -1.00000000    0.00000000    0.00000000
   15.48444462  236.50900269    0.00000000    0.00000000
   15.48777771   -1.00000000    0.00000000    0.00000000
   15.49722290   -1.00000000    0.00000000    0.00000000
   15.50027752   -1.00000000    0.00000000    0.00000000
   15.50361156   -1.00000000    0.00000000    0.00000000
   15.50722218   -1.00000000    0.00000000    0.00000000
   15.51027775   -1.00000000    0.00000000    0.00000000
   15.52222157   -1.00000000    0.00000000    0.00000000
   15.52555561   -1.00000000    0.00000000    0.00000000
   15.52861118   -1.00000000    0.00000000    0.00000000
   15.53194427   -1.00000000    0.00000000    0.00000000
   15.53500080   -1.00000000    0.00000000    0.00000000
   15.54361153   -1.00000000    0.00000000    0.00000000
   15.54666710   -1.00000000    0.00000000    0.00000000
   15.55000019   -1.00000000    0.00000000    0.00000000
   15.55333328   -1.00000000    0.00000000    0.00000000
   15.55638885   -1.00000000    0.00000000    0.00000000
   15.55972195   -1.00000000    0.00000000    0.00000000
   15.56277752   -1.00000000    0.00000000    0.00000000
   15.56611156   -1.00000000    0.00000000    0.00000000
   15.56944466   -1.00000000    0.00000000    0.00000000
   15.57250023   -1.00000000    0.00000000    0.00000000
   15.57638836   -1.00000000    0.00000000    0.00000000
   15.58638859   -1.00000000    0.00000000    0.00000000
   15.58972168   -1.00000000    0.00000000    0.00000000
   15.59277725   -1.00000000    0.00000000    0.00000000
   15.59611034   -1.00000000    0.00000000    0.00000000
   15.59916592   -1.00000000    0.00000000    0.00000000
   15.60249996   -1.00000000    0.00000000    0.00000000
   15.60583401   -1.00000000    0.00000000    0.00000000
   15.60944462   -1.00000000    0.00000000    0.00000000
   15.61250019   -1.00000000    0.00000000    0.00000000
   15.61583328   -1.00000000    0.00000000    0.00000000
   15.61888885   -1.00000000    0.00000000    0.00000000
   15.62916660   -1.00000000    0.00000000    0.00000000
   15.63249969   -1.00000000    0.00000000    0.00000000
   15.63555527   -1.00000000    0.00000000    0.00000000
   15.63888836   -1.00000000    0.00000000    0.00000000
   15.64249992   -1.00000000    0.00000000    0.00000000
   15.64555550   -1.00000000    0.00000000    0.00000000
   15.64888859   -1.00000000    0.00000000    0.00000000
   15.65194416   -1.00000000    0.00000000    0.00000000
   15.65527725   -1.00000000    0.00000000    0.00000000
   15.65861034   -1.00000000    0.00000000    0.00000000
   15.66166592   -1.00000000    0.00000000    0.00000000
   15.67194462   -1.00000000    0.00000000    0.00000000
   15.67583370   -1.00000000    0.00000000    0.00000000
   15.67888927   -1.00000000    0.00000000    0.00000000
   15.68222237   -1.00000000    0.00000000    0.00000000
   15.68527794   -1.00000000    0.00000000    0.00000000
   15.68861103   -1.00000000    0.00000000    0.00000000
   15.69194412   -1.00000000    0.00000000    0.00000000
   15.69499969   -1.00000000    0.00000000    0.00000000
   15.69833374   -1.00000000    0.00000000    0.00000000
   15.70166683   -1.00000000    0.00000000    0.00000000
   15.70472240   -1.00000000    0.00000000    0.00000000
   15.71500015   -1.00000000    0.00000000    0.00000000
   15.71805477   -1.00000000    0.00000000    0.00000000
   15.72138882   -1.00000000    0.00000000    0.00000000
   15.72472191   -1.00000000    0.00000000    0.00000000
   15.72777748   -1.00000000    0.00000000    0.00000000
   15.73111057   -1.00000000    0.00000000    0.00000000
   15.73416710   -1.00000000    0.00000000    0.00000000
   15.73750019   -1.00000000    0.00000000    0.00000000
   15.74111176   -1.00000000    0.00000000    0.00000000
   15.74416733   -1.00000000    0.00000000    0.00000000
   15.74750042   -1.00000000    0.00000000    0.00000000
   15.75777817   -1.00000000    0.00000000    0.00000000
   15.76083374   -1.00000000    0.00000000    0.00000000
   15.76416683   -1.00000000    0.00000000    0.00000000
   15.76749992   -1.00000000    0.00000000    0.00000000
   15.77055550   -1.00000000    0.00000000    0.00000000
   15.77416611   -1.00000000    0.00000000    0.00000000
   15.77750015   -1.00000000    0.00000000    0.00000000
   15.78083324   -1.00000000    0.00000000    0.00000000
   15.78388977   -1.00000000    0.00000000    0.00000000
   15.78722286   -1.00000000    0.00000000    0.00000000
   15.79055595   -1.00000000    0.00000000    0.00000000
   15.80055618   -1.00000000    0.00000000    0.00000000
   15.80388927   -1.00000000    0.00000000    0.00000000
   15.80722237   -1.00000000    0.00000000    0.00000000
   15.81055546   -1.00000000    0.00000000    0.00000000
   15.81388950   -1.00000000    0.00000000    0.00000000
   15.81694412   -1.00000000    0.00000000    0.00000000
   15.82027817   -1.00000000    0.00000000    0.00000000
   15.82361126   -1.00000000    0.00000000    0.00000000
   15.82666683   -1.00000000    0.00000000    0.00000000
   15.82999992   -1.00000000    0.00000000    0.00000000
   15.83305550   -1.00000000    0.00000000    0.00000000
   15.84333324   -1.00000000    0.00000000    0.00000000
   15.84666634   -1.00000000    0.00000000    0.00000000
   15.85000038   -1.00000000    0.00000000    0.00000000
   15.85305595   -1.00000000    0.00000000    0.00000000
   15.85638905   -1.00000000    0.00000000    0.00000000
   15.85944462   -1.00000000    0.00000000    0.00000000
   15.86277771   -1.00000000    0.00000000    0.00000000
   15.86611176   -1.00000000    0.00000000    0.00000000
   15.86916637   -1.00000000    0.00000000    0.00000000
   15.87250042   -1.00000000    0.00000000    0.00000000
   15.87611103   -1.00000000    0.00000000    0.00000000
   15.88638878   -1.00000000    0.00000000    0.00000000
   15.88944435   -1.00000000    0.00000000    0.00000000
   15.89277744   -1.00000000    0.00000000    0.00000000
   15.89583302   -1.00000000    0.00000000    0.00000000
   15.89916611   -1.00000000    0.00000000    0.00000000
   15.90249920   -1.00000000    0.00000000    0.00000000
   15.90555477   -1.00000000    0.00000000    0.00000000
   15.90916634   -1.00000000    0.00000000    0.00000000
   15.91249943   -1.00000000    0.00000000    0.00000000
   15.91555500   -1.00000000    0.00000000    0.00000000
   15.91888905   -1.00000000    0.00000000    0.00000000
   15.92916679   -1.00000000    0.00000000    0.00000000
   15.93222237   -1.00000000    0.00000000    0.00000000
   15.93555546   -1.00000000    0.00000000    0.00000000
   15.93888855   -1.00000000    0.00000000    0.00000000
   15.94250011   -1.00000000    0.00000000    0.00000000
   15.94555569   -1.00000000    0.00000000    0.00000000
   15.94888878   -1.00000000    0.00000000    0.00000000
   15.95194435   -1.00000000    0.00000000    0.00000000
   15.95527744   -1.00000000    0.00000000    0.00000000
   15.95861053   -1.00000000    0.00000000    0.00000000
   15.96166611   -1.00000000    0.00000000    0.00000000
   15.97194386   -1.00000000    0.00000000    0.00000000
   15.97555542   -1.00000000    0.00000000    0.00000000
   15.97861099   -1.00000000    0.00000000    0.00000000
   15.98194408   -1.00000000    0.00000000    0.00000000
   15.98500061   -1.00000000    0.00000000    0.00000000
   15.98833370   -1.00000000    0.00000000    0.00000000
   15.99166679   -1.00000000    0.00000000    0.00000000
   15.99472237   -1.00000000    0.00000000    0.00000000
   15.99805546   -1.00000000    0.00000000    0.00000000
   16.00138855   -1.00000000    0.00000000    0.00000000
   16.00444412   -1.00000000    0.00000000    0.00000000
   16.01472282   -1.00000000    0.00000000    0.00000000
   16.01805496   -1.00000000    0.00000000    0.00000000
   16.02138901   -1.00000000    0.00000000    0.00000000
   16.02444458   -1.00000000    0.00000000    0.00000000
   16.02777672   -1.00000000    0.00000000    0.00000000
   16.03083229   -1.00000000    0.00000000    0.00000000
   16.03416634   -1.00000000    0.00000000    0.00000000
   16.03750038   -1.00000000    0.00000000    0.00000000
   16.04055595   -1.00000000    0.00000000    0.00000000
   16.04416656   -1.00000000    0.00000000    0.00000000
   16.04749870   -1.00000000    0.00000000    0.00000000
   16.05777740   -1.00000000    0.00000000    0.00000000
   16.06083298   -1.00000000    0.00000000    0.00000000
   16.06416512   -1.00000000    0.00000000    0.00000000
   16.06722260   -1.00000000    0.00000000    0.00000000
   16.07055664   -1.00000000    0.00000000    0.00000000
   16.07389069   -1.00000000    0.00000000    0.00000000
   16.07722282   -1.00000000    0.00000000    0.00000000
   16.08055687   -1.00000000    0.00000000    0.00000000
   16.08388901   -1.00000000    0.00000000    0.00000000
   16.08694458   -1.00000000    0.00000000    0.00000000
   16.09027863   -1.00000000    0.00000000    0.00000000
   16.10055542   -1.00000000    0.00000000    0.00000000
   16.10361099   -1.00000000    0.00000000    0.00000000
   16.10694504   -1.00000000    0.00000000    0.00000000
   16.11055565   -1.00000000    0.00000000    0.00000000
   16.11388969   -1.00000000    0.00000000    0.00000000
   16.11694527   -1.00000000    0.00000000    0.00000000
   16.12027740   -1.00000000    0.00000000    0.00000000
   16.12361145   -1.00000000    0.00000000    0.00000000
   16.12666702   -1.00000000    0.00000000    0.00000000
   16.13000107   -1.00000000    0.00000000    0.00000000
   16.13333321   -1.00000000    0.00000000    0.00000000
   16.14333344   -1.00000000    0.00000000    0.00000000
   16.14666748   -1.00000000    0.00000000    0.00000000
   16.14972115   -1.00000000    0.00000000    0.00000000
   16.15305519   -1.00000000    0.00000000    0.00000000
   16.15638924   -1.00000000    0.00000000    0.00000000
   16.15944481   -1.00000000    0.00000000    0.00000000
   16.16277695   -1.00000000    0.00000000    0.00000000
   16.16583252   -1.00000000    0.00000000    0.00000000
   16.16916656   -1.00000000    0.00000000    0.00000000
   16.17249870   -1.00000000    0.00000000    0.00000000
   16.17583275   -1.00000000    0.00000000    0.00000000
   16.18610954   -1.00000000    0.00000000    0.00000000
   16.18944359   -1.00000000    0.00000000    0.00000000
   16.19277763   -1.00000000    0.00000000    0.00000000
   16.19583321   -1.00000000    0.00000000    0.00000000
   16.19916534   -1.00000000    0.00000000    0.00000000
   16.20222282   -1.00000000    0.00000000    0.00000000
   16.20555687   -1.00000000    0.00000000    0.00000000
   16.20916748   -1.00000000    0.00000000    0.00000000
   16.21250153   -1.00000000    0.00000000    0.00000000
   16.21555710   -1.00000000    0.00000000    0.00000000
   16.21888924   -1.00000000    0.00000000    0.00000000
   16.22916794   -1.00000000    0.00000000    0.00000000
   16.23222351   -1.00000000    0.00000000    0.00000000
   16.23555565   -1.00000000    0.00000000    0.00000000
   16.23861122   -1.00000000    0.00000000    0.00000000
   16.24222183   -1.00000000    0.00000000    0.00000000
   16.24555588   -1.00000000    0.00000000    0.00000000
   16.24861145   -1.00000000    0.00000000    0.00000000
   16.25194359   -1.00000000    0.00000000    0.00000000
   16.25527763   -1.00000000    0.00000000    0.00000000
   16.25833321   -1.00000000    0.00000000    0.00000000
   16.26166725   -1.00000000    0.00000000    0.00000000
   16.27194405   -1.00000000    0.00000000    0.00000000
   16.27499962   -1.00000000    0.00000000    0.00000000
   16.27888870   -1.00000000    0.00000000    0.00000000
   16.28194427   -1.00000000    0.00000000    0.00000000
   16.28527641   -1.00000000    0.00000000    0.00000000
   16.28861046   -1.00000000    0.00000000    0.00000000
   16.29166603   -1.00000000    0.00000000    0.00000000
   16.29500008   -1.00000000    0.00000000    0.00000000
   16.29805565   -1.00000000    0.00000000    0.00000000
   16.30138779   -1.00000000    0.00000000    0.00000000
   16.30472183   -1.00000000    0.00000000    0.00000000
   16.31472206   -1.00000000    0.00000000    0.00000000
   16.31805611   -1.00000000    0.00000000    0.00000000
   16.32111168   -1.00000000    0.00000000    0.00000000
   16.32444572   -1.00000000    0.00000000    0.00000000
   16.32777786   -1.00000000    0.00000000    0.00000000
   16.33083344   -1.00000000    0.00000000    0.00000000
   16.33416748   -1.00000000    0.00000000    0.00000000
   16.33722305   -1.00000000    0.00000000    0.00000000
   16.34055710   -1.00000000    0.00000000    0.00000000
   16.34416771   -1.00000000    0.00000000    0.00000000
   16.34722328   -1.00000000    0.00000000    0.00000000
   16.35750008   -1.00000000    0.00000000    0.00000000
   16.36083412   -1.00000000    0.00000000    0.00000000
   16.36416626   -1.00000000    0.00000000    0.00000000
   16.36722183   -1.00000000    0.00000000    0.00000000
   16.37055588   -1.00000000    0.00000000    0.00000000
   16.37361145   -1.00000000    0.00000000    0.00000000
   16.37722206   -1.00000000    0.00000000    0.00000000
   16.38027763   -1.00000000    0.00000000    0.00000000
   16.38361168   -1.00000000    0.00000000    0.00000000
   16.38694382   -1.00000000    0.00000000    0.00000000
   16.38999939   -1.00000000    0.00000000    0.00000000
   16.40055466   -1.00000000    0.00000000    0.00000000
   16.40361023   -1.00000000    0.00000000    0.00000000
   16.40694427   -1.00000000    0.00000000    0.00000000
   16.41055489   -1.00000000    0.00000000    0.00000000
   16.41388893   -1.00000000    0.00000000    0.00000000
   16.41694450   -1.00000000    0.00000000    0.00000000
   16.42027664   -1.00000000    0.00000000    0.00000000
   16.42333221   -1.00000000    0.00000000    0.00000000
   16.42666626   -1.00000000    0.00000000    0.00000000
   16.43000031   -1.00000000    0.00000000    0.00000000
   16.43305397   -1.00000000    0.00000000    0.00000000
   16.44333267   -1.00000000    0.00000000    0.00000000
   16.44638824   -1.00000000    0.00000000    0.00000000
   16.44972038   -1.00000000    0.00000000    0.00000000
   16.45305634   -1.00000000    0.00000000    0.00000000
   16.45611191   -1.00000000    0.00000000    0.00000000
   16.45944595   -1.00000000    0.00000000    0.00000000
   16.46250153   -1.00000000    0.00000000    0.00000000
   16.46583366   -1.00000000    0.00000000    0.00000000
   16.46916771   -1.00000000    0.00000000    0.00000000
   16.47222328   -1.00000000    0.00000000    0.00000000
   16.47555542   -1.00000000    0.00000000    0.00000000
   16.48611069   -1.00000000    0.00000000    0.00000000
   16.48944473   -1.00000000    0.00000000    0.00000000
   16.49250031   -1.00000000    0.00000000    0.00000000
   16.49583435   -1.00000000    0.00000000    0.00000000
   16.49888992   -1.00000000    0.00000000    0.00000000
   16.50222206   -1.00000000    0.00000000    0.00000000
   16.50555611   -1.00000000    0.00000000    0.00000000
   16.50861168   -1.00000000    0.00000000    0.00000000
   16.51222229   -1.00000000    0.00000000    0.00000000
   16.51555634   -1.00000000    0.00000000    0.00000000
   16.51861000   -1.00000000    0.00000000    0.00000000
   16.54388809   -1.00000000    0.00000000    0.00000000
   16.54722214   -1.00000000    0.00000000    0.00000000
   16.55055428   -1.00000000    0.00000000    0.00000000
   16.55360985   -1.00000000    0.00000000    0.00000000
   16.55694389   -1.00000000    0.00000000    0.00000000
   16.56027794   -1.00000000    0.00000000    0.00000000
   16.56333351   -1.00000000    0.00000000    0.00000000
   16.56666756   -1.00000000    0.00000000    0.00000000
   16.56972313   -1.00000000    0.00000000    0.00000000
   16.57305717   -1.00000000    0.00000000    0.00000000
   16.57666779   -1.00000000    0.00000000    0.00000000
   16.58666801   -1.00000000    0.00000000    0.00000000
   16.59000015   -1.00000000    0.00000000    0.00000000
   16.59333420   -1.00000000    0.00000000    0.00000000
   16.59638977   -1.00000000    0.00000000    0.00000000
   16.59972191   -1.00000000    0.00000000    0.00000000
   16.60277748   -1.00000000    0.00000000    0.00000000
   16.60611153   -1.00000000    0.00000000    0.00000000
   16.60944557   -1.00000000    0.00000000    0.00000000
   16.61305618   -1.00000000    0.00000000    0.00000000
   16.61638832   -1.00000000    0.00000000    0.00000000
   16.61944389   -1.00000000    0.00000000    0.00000000
   16.62972260   -1.00000000    0.00000000    0.00000000
   16.63277817   -1.00000000    0.00000000    0.00000000
   16.63611031   -1.00000000    0.00000000    0.00000000
   16.63916588   -1.00000000    0.00000000    0.00000000
   16.64249992   -1.00000000    0.00000000    0.00000000
   16.64611053   -1.00000000    0.00000000    0.00000000
   16.64944458   -1.00000000    0.00000000    0.00000000
   16.65250015   -1.00000000    0.00000000    0.00000000
   16.65583229   -1.00000000    0.00000000    0.00000000
   16.65888786   -1.00000000    0.00000000    0.00000000
   16.66222191   -1.00000000    0.00000000    0.00000000
   16.67249870   -1.00000000    0.00000000    0.00000000
   16.67583275   -1.00000000    0.00000000    0.00000000
   16.67916679   -1.00000000    0.00000000    0.00000000
   16.68249893   -1.00000000    0.00000000    0.00000000
   16.68555450   -1.00000000    0.00000000    0.00000000
   16.68888855   -1.00000000    0.00000000    0.00000000
   16.69222069   -1.00000000    0.00000000    0.00000000
   16.69527626   -1.00000000    0.00000000    0.00000000
   16.69861031   -1.00000000    0.00000000    0.00000000
   16.70166779   -1.00000000    0.00000000    0.00000000
   16.70499992   -1.00000000    0.00000000    0.00000000
   16.71527863   -1.00000000    0.00000000    0.00000000
   16.71861076   -1.00000000    0.00000000    0.00000000
   16.72166634   -1.00000000    0.00000000    0.00000000
   16.72500038   -1.00000000    0.00000000    0.00000000
   16.72833443   -1.00000000    0.00000000    0.00000000
   16.73139000   -1.00000000    0.00000000    0.00000000
   16.73472214   -1.00000000    0.00000000    0.00000000
   16.73805618   -1.00000000    0.00000000    0.00000000
   16.74111176   -1.00000000    0.00000000    0.00000000
   16.74472237   -1.00000000    0.00000000    0.00000000
   16.74805641   -1.00000000    0.00000000    0.00000000
   16.75805473   -1.00000000    0.00000000    0.00000000
   16.76138878   -1.00000000    0.00000000    0.00000000
   16.76472282   -1.00000000    0.00000000    0.00000000
   16.76777840   -1.00000000    0.00000000    0.00000000
   16.77111053   -1.00000000    0.00000000    0.00000000
   16.77416611   -1.00000000    0.00000000    0.00000000
   16.77777672   -1.00000000    0.00000000    0.00000000
   16.78111076   -1.00000000    0.00000000    0.00000000
   16.78416634   -1.00000000    0.00000000    0.00000000
   16.78750038   -1.00000000    0.00000000    0.00000000
   16.79055595   -1.00000000    0.00000000    0.00000000
   16.80111122   -1.00000000    0.00000000    0.00000000
   16.80416679   -1.00000000    0.00000000    0.00000000
   16.80749893   -1.00000000    0.00000000    0.00000000
   16.81110954   -1.00000000    0.00000000    0.00000000
   16.81444359   -1.00000000    0.00000000    0.00000000
   16.81750107   -1.00000000    0.00000000    0.00000000
   16.82083511   -1.00000000    0.00000000    0.00000000
   16.82389069   -1.00000000    0.00000000    0.00000000
   16.82722282   -1.00000000    0.00000000    0.00000000
   16.83055687   -1.00000000    0.00000000    0.00000000
   16.83361244   -1.00000000    0.00000000    0.00000000
   16.84388924   -1.00000000    0.00000000    0.00000000
   16.84694481   -1.00000000    0.00000000    0.00000000
   16.85027885   -1.00000000    0.00000000    0.00000000
   16.85361099   -1.00000000    0.00000000    0.00000000
   16.85666656   -1.00000000    0.00000000    0.00000000
   16.86000061   -1.00000000    0.00000000    0.00000000
   16.86333466   -1.00000000    0.00000000    0.00000000
   16.86638832   -1.00000000    0.00000000    0.00000000
   16.86972237   -1.00000000    0.00000000    0.00000000
   16.87277794   -1.00000000    0.00000000    0.00000000
   16.87611198   -1.00000000    0.00000000    0.00000000
   16.88666725   -1.00000000    0.00000000    0.00000000
   16.88999939   -1.00000000    0.00000000    0.00000000
   16.89305496   -1.00000000    0.00000000    0.00000000
   16.89638901   -1.00000000    0.00000000    0.00000000
   16.89972115   -1.00000000    0.00000000    0.00000000
   16.90277672   -1.00000000    0.00000000    0.00000000
   16.90611076   -1.00000000    0.00000000    0.00000000
   16.90916634   -1.00000000    0.00000000    0.00000000
   16.91277695   -1.00000000    0.00000000    0.00000000
   16.91611099   -1.00000000    0.00000000    0.00000000
   16.91944313   -1.00000000    0.00000000    0.00000000
   16.92944336   -1.00000000    0.00000000    0.00000000
   16.93277740   -1.00000000    0.00000000    0.00000000
   16.93610954   -1.00000000    0.00000000    0.00000000
   16.93916512   -1.00000000    0.00000000    0.00000000
   16.94249916   -1.00000000    0.00000000    0.00000000
   16.94583321   -1.00000000    0.00000000    0.00000000
   16.94916534   -1.00000000    0.00000000    0.00000000
   16.95250130   -1.00000000    0.00000000    0.00000000
   16.95555687   -1.00000000    0.00000000    0.00000000
   16.95888901   -1.00000000    0.00000000    0.00000000
   16.96194458   -1.00000000    0.00000000    0.00000000
   16.97249985   -1.00000000    0.00000000    0.00000000
   16.97555542   -1.00000000    0.00000000    0.00000000
   16.97916794   -1.00000000    0.00000000    0.00000000
   16.98250008   -1.00000000    0.00000000    0.00000000
   16.98583412   -1.00000000    0.00000000    0.00000000
   16.98888969   -1.00000000    0.00000000    0.00000000
   16.99222183   -1.00000000    0.00000000    0.00000000
   16.99527740   -1.00000000    0.00000000    0.00000000
   16.99861145   -1.00000000    0.00000000    0.00000000
   17.00194359   -1.00000000    0.00000000    0.00000000
   17.00499916   -1.00000000    0.00000000    0.00000000
   17.01527786   -1.00000000    0.00000000    0.00000000
   17.01833344   -1.00000000    0.00000000    0.00000000
   17.02166557   -1.00000000    0.00000000    0.00000000
   17.02499962   -1.00000000    0.00000000    0.00000000
   17.02805519   -1.00000000    0.00000000    0.00000000
   17.03138924   -1.00000000    0.00000000    0.00000000
   17.03472137   -1.00000000    0.00000000    0.00000000
   17.03777695   -1.00000000    0.00000000    0.00000000
   17.04111099   -1.00000000    0.00000000    0.00000000
   17.04444313   -1.00000000    0.00000000    0.00000000
   17.04777718   -1.00000000    0.00000000    0.00000000
   17.05805397   -1.00000000    0.00000000    0.00000000
   17.06138802   -1.00000000    0.00000000    0.00000000
   17.06444359   -1.00000000    0.00000000    0.00000000
   17.06777954   -1.00000000    0.00000000    0.00000000
   17.07111168   -1.00000000    0.00000000    0.00000000
   17.07416725   -1.00000000    0.00000000    0.00000000
   17.07777786   -1.00000000    0.00000000    0.00000000
   17.08111191   -1.00000000    0.00000000    0.00000000
   17.08444595   -1.00000000    0.00000000    0.00000000
   17.08750153   -1.00000000    0.00000000    0.00000000
   17.09083366   -1.00000000    0.00000000    0.00000000
   17.15194321  109.68199921    0.00000000    0.00000000
   17.15638924  104.89600372    0.00000000    0.00000000
   17.15972137  108.65399933    0.00000000    0.00000000
   17.16277695  103.77999878    0.00000000    0.00000000
   17.16611099  104.83699799    0.00000000    0.00000000
   17.17222214  104.83699799    0.00000000    0.00000000
   17.17638779  103.33799744    0.00000000    0.00000000
   17.17972183  106.15000153    0.00000000    0.00000000
   17.18305397  102.71499634    0.00000000    0.00000000
   17.18527603  107.94799805    0.00000000    0.00000000
   17.18638802  103.52300262    0.00000000    0.00000000
   17.18972206  106.20300293    0.00000000    0.00000000
   17.19277763   98.47509766    0.00000000    0.00000000
   17.19610977  104.28500366    0.00000000    0.00000000
   17.19944382  100.18199921    0.00000000    0.00000000
   17.20250130  101.28600311    0.00000000    0.00000000
   17.20583344   97.67220306    0.00000000    0.00000000
   17.20888901  100.49800110    0.00000000    0.00000000
   17.21527863  100.49800110    0.00000000    0.00000000
   17.21944427  101.82700348    0.00000000    0.00000000
   17.22249985  101.32199860    0.00000000    0.00000000
   17.22583389  103.25599670    0.00000000    0.00000000
   17.22916794  105.73500061    0.00000000    0.00000000
   17.23222351  104.92600250    0.00000000    0.00000000
   17.23555565  112.41999817    0.00000000    0.00000000
   17.23888969  102.23999786    0.00000000    0.00000000
   17.24194527  114.59700012    0.00000000    0.00000000
   17.24527740  105.66000366    0.00000000    0.00000000
   17.24833298  105.17900085    0.00000000    0.00000000
   17.25166702  103.88400269    0.00000000    0.00000000
   17.25222206  105.81400299    0.00000000    0.00000000
   17.25805473  105.81400299    0.00000000    0.00000000
   17.26222229  107.63400269    0.00000000    0.00000000
   17.26527786  101.14499664    0.00000000    0.00000000
   17.26861000  100.63999939    0.00000000    0.00000000
   17.27194405  103.94799805    0.00000000    0.00000000
   17.27499962   98.93939972    0.00000000    0.00000000
   17.27833366   99.32599640    0.00000000    0.00000000
   17.28138924  108.92700195    0.00000000    0.00000000
   17.28472137  103.56099701    0.00000000    0.00000000
   17.28555489   98.64170074    0.00000000    0.00000000
   17.28833199  101.41500092    0.00000000    0.00000000
   17.29166603  100.52999878    0.00000000    0.00000000
   17.29500008  103.63600159    0.00000000    0.00000000
   17.30083275  103.63600159    0.00000000    0.00000000
   17.30499840  103.19400024    0.00000000    0.00000000
   17.30833244  103.60600281    0.00000000    0.00000000
   17.31138802  106.07900238    0.00000000    0.00000000
   17.31472206  100.83100128    0.00000000    0.00000000
   17.31777954  103.49299622    0.00000000    0.00000000
   17.31888962  104.03500366    0.00000000    0.00000000
   17.32139015  101.33799744    0.00000000    0.00000000
   17.32472229  114.82199860    0.00000000    0.00000000
   17.32805634  121.92400360    0.00000000    0.00000000
   17.33111191  143.33000183    0.00000000    0.00000000
   17.33444595  106.77999878    0.00000000    0.00000000
   17.33777809   98.87830353    0.00000000    0.00000000
   17.34361267   98.87830353    0.00000000    0.00000000
   17.34777832  105.95600128    0.00000000    0.00000000
   17.35111237  104.81500244    0.00000000    0.00000000
   17.35222244  110.04599762    0.00000000    0.00000000
   17.35472298  103.83200073    0.00000000    0.00000000
   17.35777855  108.08999634    0.00000000    0.00000000
   17.36111069  104.53700256    0.00000000    0.00000000
   17.36416626  105.03700256    0.00000000    0.00000000
   17.36750031  101.15100098    0.00000000    0.00000000
   17.37083435  103.83899689    0.00000000    0.00000000
   17.37388992  107.38899994    0.00000000    0.00000000
   17.37722206  102.97899628    0.00000000    0.00000000
   17.38027763  104.67299652    0.00000000    0.00000000
   17.38666725  104.67299652    0.00000000    0.00000000
   17.39055634   90.88919830    0.00000000    0.00000000
   17.39388847  107.88099670    0.00000000    0.00000000
   17.39722252  100.94400024    0.00000000    0.00000000
   17.40027809  159.85099792    0.00000000    0.00000000
   17.40361023   -1.00000000    0.00000000    0.00000000
   17.40666580   -1.00000000    0.00000000    0.00000000
   17.40999985   -1.00000000    0.00000000    0.00000000
   17.41333389   -1.00000000    0.00000000    0.00000000
   17.41638756   -1.00000000    0.00000000    0.00000000
   17.41888809  110.24299622    0.00000000    0.00000000
   17.42000008  109.78500366    0.00000000    0.00000000
   17.42333221  127.36299896    0.00000000    0.00000000
   17.42944336  127.36299896    0.00000000    0.00000000
   17.43361092  106.35099792    0.00000000    0.00000000
   17.43666649  110.31999969    0.00000000    0.00000000
   17.43999863  103.69200134    0.00000000    0.00000000
   17.44305420  108.02999878    0.00000000    0.00000000
   17.44638824  105.35199738    0.00000000    0.00000000
   17.44972038  100.35099792    0.00000000    0.00000000
   17.45222282  103.50099945    0.00000000    0.00000000
   17.45305634  110.50900269    0.00000000    0.00000000
   17.45639038  104.87400055    0.00000000    0.00000000
   17.45972252  104.30300140    0.00000000    0.00000000
   17.46277809  104.94300079    0.00000000    0.00000000
   17.46611214  109.88500214    0.00000000    0.00000000
   17.47222328  109.88500214    0.00000000    0.00000000
   17.47638893  106.57199860    0.00000000    0.00000000
   17.47944450  108.00099945    0.00000000    0.00000000
   17.48277855  109.78800201    0.00000000    0.00000000
   17.48555565  104.84700012    0.00000000    0.00000000
   17.48638916  100.11199951    0.00000000    0.00000000
   17.48972321  106.25000000    0.00000000    0.00000000
   17.49305534  104.28600311    0.00000000    0.00000000
   17.49611092  106.14700317    0.00000000    0.00000000
   17.49944496   98.53189850    0.00000000    0.00000000
   17.50277710  104.69499969    0.00000000    0.00000000
   17.50583267  108.33300018    0.00000000    0.00000000
   17.50916672  104.00599670    0.00000000    0.00000000
   17.51499939  104.00599670    0.00000000    0.00000000
   17.51916695  104.49600220    0.00000000    0.00000000
   17.52249908  105.56400299    0.00000000    0.00000000
   17.52555466  113.79900360    0.00000000    0.00000000
   17.52888870  108.83999634    0.00000000    0.00000000
   17.53222275  110.60800171    0.00000000    0.00000000
   17.53527641  107.08300018    0.00000000    0.00000000
   17.53861046  106.10500336    0.00000000    0.00000000
   17.54166603  106.99199677    0.00000000    0.00000000
   17.54500008  110.66500092    0.00000000    0.00000000
   17.54833221  105.20300293    0.00000000    0.00000000
   17.55138779  103.93699646    0.00000000    0.00000000
   17.55222130  107.44999695    0.00000000    0.00000000
   17.55805397  107.44999695    0.00000000    0.00000000
   17.56194305  108.11299896    0.00000000    0.00000000
   17.56527710  105.83599854    0.00000000    0.00000000
   17.56861115  105.97200012    0.00000000    0.00000000
   17.57166672  232.83799744    0.00000000    0.00000000
   17.57500076   -1.00000000    0.00000000    0.00000000
   17.57833481   86.15059662    0.00000000    0.00000000
   17.58139038   -1.00000000    0.00000000    0.00000000
   17.58472252   -1.00000000    0.00000000    0.00000000
   17.58805656   -1.00000000    0.00000000    0.00000000
   17.59138870   -1.00000000    0.00000000    0.00000000
   17.59472275  105.93800354    0.00000000    0.00000000
   17.60083389  105.93800354    0.00000000    0.00000000
   17.60499954  108.89199829    0.00000000    0.00000000
   17.60805511  111.02600098    0.00000000    0.00000000
   17.61138916  113.52400208    0.00000000    0.00000000
   17.61444473  105.45800018    0.00000000    0.00000000
   17.61777878  105.42500305    0.00000000    0.00000000
   17.61888885  110.00599670    0.00000000    0.00000000
   17.62138939  110.06500244    0.00000000    0.00000000
   17.62444496  101.46499634    0.00000000    0.00000000
   17.62777710  109.90000153    0.00000000    0.00000000
   17.63083267  110.39299774    0.00000000    0.00000000
   17.63416672  109.86900330    0.00000000    0.00000000
   17.63750076  114.40899658    0.00000000    0.00000000
   17.64361191  114.40899658    0.00000000    0.00000000
   17.64777756  106.04299927    0.00000000    0.00000000
   17.65083313  102.00399780    0.00000000    0.00000000
   17.65222168  114.34500122    0.00000000    0.00000000
   17.65472221  111.98899841    0.00000000    0.00000000
   17.65777779  109.09899902    0.00000000    0.00000000
   17.66110992  106.41899872    0.00000000    0.00000000
   17.66444397  113.88600159    0.00000000    0.00000000
   17.66749954  106.61900330    0.00000000    0.00000000
   17.67083359  105.95099640    0.00000000    0.00000000
   17.67388916  133.59800720    0.00000000    0.00000000
   17.67722130  105.48999786    0.00000000    0.00000000
   17.68055534  110.71600342    0.00000000    0.00000000
   17.68638802  110.71600342    0.00000000    0.00000000
   17.69055557  105.99199677    0.00000000    0.00000000
   17.69388771  100.60900116    0.00000000    0.00000000
   17.69694328  110.82499695    0.00000000    0.00000000
   17.70027924  106.86299896    0.00000000    0.00000000
   17.70361137  110.58799744    0.00000000    0.00000000
   17.70666695  105.26799774    0.00000000    0.00000000
   17.71000099  105.64399719    0.00000000    0.00000000
   17.71305656  117.50399780    0.00000000    0.00000000
   17.71638870  108.54399872    0.00000000    0.00000000
   17.71888924  111.65899658    0.00000000    0.00000000
   17.72000122  105.87200165    0.00000000    0.00000000
   17.72305679  109.96099854    0.00000000    0.00000000
   17.72916794  109.96099854    0.00000000    0.00000000
   17.73333359  114.49500275    0.00000000    0.00000000
   17.73666763  107.01399994    0.00000000    0.00000000
   17.73999977  107.25000000    0.00000000    0.00000000
   17.74305534  106.75700378    0.00000000    0.00000000
   17.74638939  106.25299835    0.00000000    0.00000000
   17.74944496  103.18499756    0.00000000    0.00000000
   17.75222206  102.26499939    0.00000000    0.00000000
   17.75333405   97.47699738    0.00000000    0.00000000
   17.75638962  105.40499878    0.00000000    0.00000000
   17.75972176  104.86299896    0.00000000    0.00000000
   17.76277733  103.79900360    0.00000000    0.00000000
   17.76611137  106.76599884    0.00000000    0.00000000
   17.77222252  106.76599884    0.00000000    0.00000000
   17.77638817  107.68099976    0.00000000    0.00000000
   17.77944374  102.64600372    0.00000000    0.00000000
   17.78277779  102.89600372    0.00000000    0.00000000
   17.78555489  107.25199890    0.00000000    0.00000000
   17.78638840  105.56199646    0.00000000    0.00000000
   17.78944397  104.72299957    0.00000000    0.00000000
   17.79277802  104.74199677    0.00000000    0.00000000
   17.79583359  111.21399689    0.00000000    0.00000000
   17.79916573  111.25099945    0.00000000    0.00000000
   17.80249977  111.78800201    0.00000000    0.00000000
   17.80555534  109.44699860    0.00000000    0.00000000
   17.80888748  100.83499908    0.00000000    0.00000000
   17.81499863  100.83499908    0.00000000    0.00000000
   17.81916809  112.31099701    0.00000000    0.00000000
   17.82222366  117.62100220    0.00000000    0.00000000
   17.82555580  106.89399719    0.00000000    0.00000000
   17.82888985  110.12000275    0.00000000    0.00000000
   17.83194542  101.58200073    0.00000000    0.00000000
   17.83527756  108.56999969    0.00000000    0.00000000
   17.83861160  106.21600342    0.00000000    0.00000000
   17.84166718  112.50399780    0.00000000    0.00000000
   17.84500122  107.40899658    0.00000000    0.00000000
   17.84805679  108.53700256    0.00000000    0.00000000
   17.85138893  109.33699799    0.00000000    0.00000000
   17.85222244  111.67400360    0.00000000    0.00000000
   17.85777855  111.67400360    0.00000000    0.00000000
   17.86194420  122.90000153    0.00000000    0.00000000
   17.86527824  130.44500732    0.00000000    0.00000000
   17.86833382  222.12300110    0.00000000    0.00000000
   17.87166595  110.46099854    0.00000000    0.00000000
   17.87500000  107.97299957    0.00000000    0.00000000
   17.87805557  108.27999878    0.00000000    0.00000000
   17.88138962  109.30200195    0.00000000    0.00000000
   17.88444519  109.16600037    0.00000000    0.00000000
   17.88555527  108.24299622    0.00000000    0.00000000
   17.88833237  111.53299713    0.00000000    0.00000000
   17.89138794  109.19300079    0.00000000    0.00000000
   17.89472198  108.62899780    0.00000000    0.00000000
   17.90055466  108.62899780    0.00000000    0.00000000
   17.90472221  106.70700073    0.00000000    0.00000000
   17.90805435  104.76200104    0.00000000    0.00000000
   17.91138840  104.81099701    0.00000000    0.00000000
   17.91444397  104.80599976    0.00000000    0.00000000
   17.91777802  104.55500031    0.00000000    0.00000000
   17.91888809  102.72200012    0.00000000    0.00000000
   17.92138863  112.18499756    0.00000000    0.00000000
   17.92444420  115.82399750    0.00000000    0.00000000
   17.92777634  110.94400024    0.00000000    0.00000000
   17.93111038  112.60399628    0.00000000    0.00000000
   17.93416595  114.15499878    0.00000000    0.00000000
   17.93750000  110.50700378    0.00000000    0.00000000
   17.94361115  110.50700378    0.00000000    0.00000000
   17.94777679  106.76599884    0.00000000    0.00000000
   17.95083427  103.93800354    0.00000000    0.00000000
   17.95222282  105.25499725    0.00000000    0.00000000
   17.95444489  107.44599915    0.00000000    0.00000000
   17.95750046  109.18000031    0.00000000    0.00000000
   17.96083450  108.76699829    0.00000000    0.00000000
   17.96416664  110.27200317    0.00000000    0.00000000
   17.96722221  105.33399963    0.00000000    0.00000000
   17.97055626  103.05699921    0.00000000    0.00000000
   17.97361183  107.70200348    0.00000000    0.00000000
   17.97694588  108.00800323    0.00000000    0.00000000
   17.98027802  107.75499725    0.00000000    0.00000000
   17.98638916  107.75499725    0.00000000    0.00000000
   17.99055672  100.06099701    0.00000000    0.00000000
   17.99388885  108.60399628    0.00000000    0.00000000
   17.99694443  102.65699768    0.00000000    0.00000000
   18.00027847  108.01399994    0.00000000    0.00000000
   18.00361061  104.18900299    0.00000000    0.00000000
   18.00666618  107.40499878    0.00000000    0.00000000
   18.01000023  104.77200317    0.00000000    0.00000000
   18.01333427  105.61399841    0.00000000    0.00000000
   18.01638794  115.42099762    0.00000000    0.00000000
   18.01888847  111.14800262    0.00000000    0.00000000
   18.02000046  107.12699890    0.00000000    0.00000000
   18.02305603  110.54699707    0.00000000    0.00000000
   18.02916718  110.54699707    0.00000000    0.00000000
   18.03333282  108.38300323    0.00000000    0.00000000
   18.03666687  111.20400238    0.00000000    0.00000000
   18.03972244  109.75599670    0.00000000    0.00000000
   18.04305458  106.89600372    0.00000000    0.00000000
   18.04638863  107.17099762    0.00000000    0.00000000
   18.04944420  112.15699768    0.00000000    0.00000000
   18.05222130  113.67400360    0.00000000    0.00000000
   18.05333328  108.90599823    0.00000000    0.00000000
   18.05638885  110.93099976    0.00000000    0.00000000
   18.05972099  115.85600281    0.00000000    0.00000000
   18.06305504  118.22599792    0.00000000    0.00000000
   18.06611061  109.19699860    0.00000000    0.00000000
   18.07222366  109.19699860    0.00000000    0.00000000
   18.07611275   -1.00000000    0.00000000    0.00000000
   18.07944489  199.11199951    0.00000000    0.00000000
