    HOUR (UT)   FLARE FACTOR    SKY TESTER    SUN TESTER
   11.89805508   -1.00000000   -1.00000000   -1.00000000
   14.21305561  121.59899902    0.00000000    0.00000000
   14.21611118  125.95200348    0.00000000    0.00000000
   14.21944427  112.74700165    0.00000000    0.00000000
   14.22277737  111.41300201    0.00000000    0.00000000
   14.22583294  126.52100372    0.00000000    0.00000000
   14.22916603  110.12799835    0.00000000    0.00000000
   14.23305511  110.12799835    0.00000000    0.00000000
   14.23722267  121.15599823    0.00000000    0.00000000
   14.24055576  111.94200134    0.00000000    0.00000000
   14.24388885  117.61799622    0.00000000    0.00000000
   14.24611092  120.58799744    0.00000000    0.00000000
   14.24750042  122.45999908    0.00000000    0.00000000
   14.25083351  117.04900360    0.00000000    0.00000000
   14.25388908  119.06300354    0.00000000    0.00000000
   14.25722218  122.56300354    0.00000000    0.00000000
   14.26055527  123.12400055    0.00000000    0.00000000
   14.26361084  121.59100342    0.00000000    0.00000000
   14.26694393  118.36199951    0.00000000    0.00000000
   14.26999950  118.18299866    0.00000000    0.00000000
   14.27611065  118.18299866    0.00000000    0.00000000
   14.28027725  117.34999847    0.00000000    0.00000000
   14.28361130  121.70999908    0.00000000    0.00000000
   14.28694534  123.14900208    0.00000000    0.00000000
   14.29000092  120.69400024    0.00000000    0.00000000
   14.29333401  117.55699921    0.00000000    0.00000000
   14.29666710  123.36900330    0.00000000    0.00000000
   14.29972267  124.38800049    0.00000000    0.00000000
   14.30305576  119.40599823    0.00000000    0.00000000
   14.30611134  108.98600006    0.00000000    0.00000000
   14.30944443  113.71800232    0.00000000    0.00000000
   14.31277752  112.41999817    0.00000000    0.00000000
   14.31305599  112.94899750    0.00000000    0.00000000
   14.31888866  112.94899750    0.00000000    0.00000000
   14.32305527  115.25199890    0.00000000    0.00000000
   14.32611084  112.34100342    0.00000000    0.00000000
   14.32944393  118.15399933    0.00000000    0.00000000
   14.33277798  117.24900055    0.00000000    0.00000000
   14.33583260  112.72499847    0.00000000    0.00000000
   14.33916664  115.57800293    0.00000000    0.00000000
   14.34249973  116.12500000    0.00000000    0.00000000
   14.34555531  113.69400024    0.00000000    0.00000000
   14.34638882  118.59899902    0.00000000    0.00000000
   14.34916592  109.81300354    0.00000000    0.00000000
   14.35249996  114.77899933    0.00000000    0.00000000
   14.35555553  112.04499817    0.00000000    0.00000000
   14.36166668  112.04499817    0.00000000    0.00000000
   14.36583328  115.68199921    0.00000000    0.00000000
   14.36916637  114.84200287    0.00000000    0.00000000
   14.37222195  112.94499969    0.00000000    0.00000000
   14.37555599  124.04499817    0.00000000    0.00000000
   14.37888908  117.31400299    0.00000000    0.00000000
   14.37972260  113.19400024    0.00000000    0.00000000
   14.38222218  120.17400360    0.00000000    0.00000000
   14.38555527  127.75900269    0.00000000    0.00000000
   14.38861084  120.47799683    0.00000000    0.00000000
   14.39194393  141.80700684    0.00000000    0.00000000
   14.39499950  128.45899963    0.00000000    0.00000000
   14.39833355  124.11900330    0.00000000    0.00000000
   14.40472221  124.11900330    0.00000000    0.00000000
   14.40861034  131.36900330    0.00000000    0.00000000
   14.41194439  128.90199280    0.00000000    0.00000000
   14.41305542  133.76199341    0.00000000    0.00000000
   14.41555500  141.43800354    0.00000000    0.00000000
   14.41888905  131.22999573    0.00000000    0.00000000
   14.42194462  134.94900513    0.00000000    0.00000000
   14.42527771  134.04600525    0.00000000    0.00000000
   14.42861176  135.22200012    0.00000000    0.00000000
   14.43166733  132.12600708    0.00000000    0.00000000
   14.43500042  133.52200317    0.00000000    0.00000000
   14.43805599  128.23500061    0.00000000    0.00000000
   14.44138908  120.12200165    0.00000000    0.00000000
   14.44750023  120.12200165    0.00000000    0.00000000
   14.45166683  121.99600220    0.00000000    0.00000000
   14.45472240  125.08599854    0.00000000    0.00000000
   14.45805550  118.96099854    0.00000000    0.00000000
   14.46138859  120.83599854    0.00000000    0.00000000
   14.46444416  117.45500183    0.00000000    0.00000000
   14.46777725  118.63999939    0.00000000    0.00000000
   14.47083282  126.67900085    0.00000000    0.00000000
   14.47416592  123.68599701    0.00000000    0.00000000
   14.47749996  114.21199799    0.00000000    0.00000000
   14.47972202  118.23999786    0.00000000    0.00000000
   14.48083305  117.29599762    0.00000000    0.00000000
   14.48416710  154.53399658    0.00000000    0.00000000
   14.49027824  154.53399658    0.00000000    0.00000000
   14.49444485  123.85900116    0.00000000    0.00000000
   14.49777794  120.77100372    0.00000000    0.00000000
   14.50083351  128.15699768    0.00000000    0.00000000
   14.50416660  123.25700378    0.00000000    0.00000000
   14.50722218  119.30899811    0.00000000    0.00000000
   14.51055527  121.66400146    0.00000000    0.00000000
   14.51305580  123.72899628    0.00000000    0.00000000
   14.51416683  125.81800079    0.00000000    0.00000000
   14.51749992  114.33899689    0.00000000    0.00000000
   14.52055550  115.13099670    0.00000000    0.00000000
   14.52388859  115.90699768    0.00000000    0.00000000
   14.52694416  109.91300201    0.00000000    0.00000000
   14.53305531  109.91300201    0.00000000    0.00000000
   14.53722286  123.09300232    0.00000000    0.00000000
   14.54055595  119.50700378    0.00000000    0.00000000
   14.54361153  122.57099915    0.00000000    0.00000000
   14.54638958  113.63600159    0.00000000    0.00000000
   14.54722309  126.06500244    0.00000000    0.00000000
   14.55055618  118.47799683    0.00000000    0.00000000
   14.55361176  124.13400269    0.00000000    0.00000000
   14.55694485  117.59300232    0.00000000    0.00000000
   14.56000042  119.39800262    0.00000000    0.00000000
   14.56333351  118.47599792    0.00000000    0.00000000
   14.56666660  124.40599823    0.00000000    0.00000000
   14.56972218  121.68199921    0.00000000    0.00000000
   14.57583332  121.68199921    0.00000000    0.00000000
   14.57999992  126.19599915    0.00000000    0.00000000
   14.58333302  125.28299713    0.00000000    0.00000000
   14.58638859  123.05400085    0.00000000    0.00000000
   14.58972168  127.94400024    0.00000000    0.00000000
   14.59305477  124.45400238    0.00000000    0.00000000
   14.59611034  112.94799805    0.00000000    0.00000000
   14.59944439  114.63999939    0.00000000    0.00000000
   14.60277843  110.62100220    0.00000000    0.00000000
   14.60583401  114.40399933    0.00000000    0.00000000
   14.60916710  115.76899719    0.00000000    0.00000000
   14.61222267  108.05500031    0.00000000    0.00000000
   14.61305618  112.78299713    0.00000000    0.00000000
   14.61888885  112.78299713    0.00000000    0.00000000
   14.62277794  106.82499695    0.00000000    0.00000000
   14.62611103  110.61699677    0.00000000    0.00000000
   14.62944412  108.85399628    0.00000000    0.00000000
   14.63249969  116.01399994    0.00000000    0.00000000
   14.63583279  119.63800049    0.00000000    0.00000000
   14.63916683  116.57099915    0.00000000    0.00000000
   14.64222240  116.18399811    0.00000000    0.00000000
   14.64555550  117.58799744    0.00000000    0.00000000
   14.64638901  122.96099854    0.00000000    0.00000000
   14.64916611  123.88099670    0.00000000    0.00000000
   14.65249920  115.63999939    0.00000000    0.00000000
   14.65555477  116.94599915    0.00000000    0.00000000
   14.66166592  116.94599915    0.00000000    0.00000000
   14.66583252  122.88500214    0.00000000    0.00000000
   14.66888905  121.63700104    0.00000000    0.00000000
   14.67222214  124.23600006    0.00000000    0.00000000
   14.67555618  117.23999786    0.00000000    0.00000000
   14.67861176  114.53399658    0.00000000    0.00000000
   14.67972279  120.91899872    0.00000000    0.00000000
   14.68222237  119.87300110    0.00000000    0.00000000
   14.68555546  121.50599670    0.00000000    0.00000000
   14.68861103  125.30599976    0.00000000    0.00000000
   14.69194412  120.06600189    0.00000000    0.00000000
   14.69527817  124.93499756    0.00000000    0.00000000
   14.69833374  127.08599854    0.00000000    0.00000000
   14.70444393  127.08599854    0.00000000    0.00000000
   14.70861053  121.22499847    0.00000000    0.00000000
   14.71194458  117.37500000    0.00000000    0.00000000
   14.71305561  120.86599731    0.00000000    0.00000000
   14.71527767  123.75000000    0.00000000    0.00000000
   14.71861076  121.15699768    0.00000000    0.00000000
   14.72194386  128.08799744    0.00000000    0.00000000
   14.72499943  118.19000244    0.00000000    0.00000000
   14.72833252  116.84300232    0.00000000    0.00000000
   14.73138809  119.67700195    0.00000000    0.00000000
   14.73472214  114.80000305    0.00000000    0.00000000
   14.73805618  117.44799805    0.00000000    0.00000000
   14.74111176  112.00599670    0.00000000    0.00000000
   14.74722290  112.00599670    0.00000000    0.00000000
   14.75138855  114.42600250    0.00000000    0.00000000
   14.75472260  119.51899719    0.00000000    0.00000000
   14.75805569  119.91999817    0.00000000    0.00000000
   14.76111126  115.79900360    0.00000000    0.00000000
   14.76444435  119.50299835    0.00000000    0.00000000
   14.76749992  125.51300049    0.00000000    0.00000000
   14.77083302  117.83699799    0.00000000    0.00000000
   14.77416611  117.15799713    0.00000000    0.00000000
   14.77722168  110.79399872    0.00000000    0.00000000
   14.77999973  108.85500336    0.00000000    0.00000000
   14.78083324  118.21299744    0.00000000    0.00000000
   14.78416729  116.87599945    0.00000000    0.00000000
   14.79027843  116.87599945    0.00000000    0.00000000
   14.79444504  117.50800323    0.00000000    0.00000000
   14.79750061  117.93599701    0.00000000    0.00000000
   14.80083370  114.29100037    0.00000000    0.00000000
   14.80388927  119.74400330    0.00000000    0.00000000
   14.80722237  117.39199829    0.00000000    0.00000000
   14.81055546  116.23300171    0.00000000    0.00000000
   14.81333351  114.98999786    0.00000000    0.00000000
   14.81388950  114.44400024    0.00000000    0.00000000
   14.81722260  118.17600250    0.00000000    0.00000000
   14.82027817  117.57700348    0.00000000    0.00000000
   14.82361126  118.22799683    0.00000000    0.00000000
   14.82694435  115.64800262    0.00000000    0.00000000
   14.83305550  115.64800262    0.00000000    0.00000000
   14.83722210  111.84400177    0.00000000    0.00000000
   14.84027767  108.84899902    0.00000000    0.00000000
   14.84361076  109.55999756    0.00000000    0.00000000
   14.84666634  117.48300171    0.00000000    0.00000000
   14.84722233  116.98999786    0.00000000    0.00000000
   14.85055637  120.00700378    0.00000000    0.00000000
   14.85361195  111.91699982    0.00000000    0.00000000
   14.85694504  109.07499695    0.00000000    0.00000000
   14.86027813  112.14700317    0.00000000    0.00000000
   14.86333370  103.76699829    0.00000000    0.00000000
   14.86666679  112.00499725    0.00000000    0.00000000
   14.86972237  109.61900330    0.00000000    0.00000000
   14.87583351  109.61900330    0.00000000    0.00000000
   14.88000011  119.33300018    0.00000000    0.00000000
   14.88333321  117.78700256    0.00000000    0.00000000
   14.88638878  114.25900269    0.00000000    0.00000000
   14.88972187  115.62799835    0.00000000    0.00000000
   14.89305496  122.48300171    0.00000000    0.00000000
   14.89611053  119.96700287    0.00000000    0.00000000
   14.89944458  125.40100098    0.00000000    0.00000000
   14.90249920  116.58899689    0.00000000    0.00000000
   14.90583324  119.62200165    0.00000000    0.00000000
   14.90916634  115.77600098    0.00000000    0.00000000
   14.91222191  119.18399811    0.00000000    0.00000000
   14.91333294  120.22100067    0.00000000    0.00000000
   14.91888905  120.22100067    0.00000000    0.00000000
   14.92277813  121.89900208    0.00000000    0.00000000
   14.92611122  117.03600311    0.00000000    0.00000000
   14.92944431  120.34600067    0.00000000    0.00000000
   14.93249989  121.16699982    0.00000000    0.00000000
   14.93583298  118.28500366    0.00000000    0.00000000
   14.93888855  119.78600311    0.00000000    0.00000000
   14.94222260  114.78800201    0.00000000    0.00000000
   14.94555569  122.08000183    0.00000000    0.00000000
   14.94666672  121.22599792    0.00000000    0.00000000
   14.94888878  114.36599731    0.00000000    0.00000000
   14.95222187  120.42400360    0.00000000    0.00000000
   14.95527744  117.51399994    0.00000000    0.00000000
   14.96166611  117.51399994    0.00000000    0.00000000
   14.96583271  112.38500214    0.00000000    0.00000000
   14.96888828  115.09500122    0.00000000    0.00000000
   14.97222137  114.72000122    0.00000000    0.00000000
   14.97527695  118.19400024    0.00000000    0.00000000
   14.97861099  112.25000000    0.00000000    0.00000000
   14.97999954  120.51100159    0.00000000    0.00000000
   14.98222160  115.75900269    0.00000000    0.00000000
   14.98555565  113.81500244    0.00000000    0.00000000
   14.98861122  114.12100220    0.00000000    0.00000000
   14.99194431  115.00499725    0.00000000    0.00000000
   14.99527836  114.66300201    0.00000000    0.00000000
   14.99833393  117.21499634    0.00000000    0.00000000
   15.00444412  117.21499634    0.00000000    0.00000000
   15.00861073  115.82299805    0.00000000    0.00000000
   15.01166630  113.96399689    0.00000000    0.00000000
   15.01333332  113.45800018    0.00000000    0.00000000
   15.01527786  120.53600311    0.00000000    0.00000000
   15.01861095  112.62200165    0.00000000    0.00000000
   15.02166653  108.04199982    0.00000000    0.00000000
   15.02499962  116.29100037    0.00000000    0.00000000
   15.02833271  112.73699951    0.00000000    0.00000000
   15.03138828  114.95200348    0.00000000    0.00000000
   15.03472233  116.68199921    0.00000000    0.00000000
   15.03805637  114.19799805    0.00000000    0.00000000
   15.04111195  116.81700134    0.00000000    0.00000000
   15.04722309  116.81700134    0.00000000    0.00000000
   15.05138874  116.28299713    0.00000000    0.00000000
   15.05472279  116.48100281    0.00000000    0.00000000
   15.05805588  140.48800659    0.00000000    0.00000000
   15.06111145  127.87300110    0.00000000    0.00000000
   15.06444454  122.02700043    0.00000000    0.00000000
   15.06750011  121.57599640    0.00000000    0.00000000
   15.07083321  109.20300293    0.00000000    0.00000000
   15.07416630  111.47000122    0.00000000    0.00000000
   15.07722187  114.95899963    0.00000000    0.00000000
   15.07999992  114.60900116    0.00000000    0.00000000
   15.08083344  112.38800049    0.00000000    0.00000000
   15.08416653  129.71899414    0.00000000    0.00000000
   15.09000015  129.71899414    0.00000000    0.00000000
   15.09416676  110.35199738    0.00000000    0.00000000
   15.09749985  128.59300232    0.00000000    0.00000000
   15.10083389  115.26899719    0.00000000    0.00000000
   15.10388947  114.36799622    0.00000000    0.00000000
   15.10722256  113.60700226    0.00000000    0.00000000
   15.11027813  108.25700378    0.00000000    0.00000000
   15.11333370  119.26399994    0.00000000    0.00000000
   15.11388969  111.56600189    0.00000000    0.00000000
   15.11722279  116.33300018    0.00000000    0.00000000
   15.12027836  110.39900208    0.00000000    0.00000000
   15.12361145  110.47899628    0.00000000    0.00000000
   15.12694454  108.73999786    0.00000000    0.00000000
   15.13305569  108.73999786    0.00000000    0.00000000
   15.13722229  108.24400330    0.00000000    0.00000000
   15.14027786  109.61599731    0.00000000    0.00000000
   15.14361095  111.39600372    0.00000000    0.00000000
   15.14666653  120.12999725    0.00000000    0.00000000
   15.14694405  110.99700165    0.00000000    0.00000000
   15.15027714  114.74900055    0.00000000    0.00000000
   15.15333271  115.97499847    0.00000000    0.00000000
   15.15666676  112.87999725    0.00000000    0.00000000
   15.15999985  118.18299866    0.00000000    0.00000000
   15.16305542  113.57099915    0.00000000    0.00000000
   15.16638851  113.59799957    0.00000000    0.00000000
   15.16972256  113.91500092    0.00000000    0.00000000
   15.17583370  113.91500092    0.00000000    0.00000000
   15.18000031  123.48899841    0.00000000    0.00000000
   15.18305588  116.87599945    0.00000000    0.00000000
   15.18638897  117.66999817    0.00000000    0.00000000
   15.18972206  122.54000092    0.00000000    0.00000000
   15.19277763  112.77700043    0.00000000    0.00000000
   15.19611073  121.54699707    0.00000000    0.00000000
   15.19944477  123.15799713    0.00000000    0.00000000
   15.20249939  123.47100067    0.00000000    0.00000000
   15.20583344  118.77200317    0.00000000    0.00000000
   15.20888901  124.98999786    0.00000000    0.00000000
   15.21222210  125.29900360    0.00000000    0.00000000
   15.21333313  118.12300110    0.00000000    0.00000000
   15.23388958  118.12300110    0.00000000    0.00000000
   15.23805618  118.73000336    0.00000000    0.00000000
   15.24138927  120.88800049    0.00000000    0.00000000
   15.24444485  113.13700104    0.00000000    0.00000000
   15.24666691  109.77799988    0.00000000    0.00000000
   15.24805546  110.59999847    0.00000000    0.00000000
   15.25138855  110.28099823    0.00000000    0.00000000
   15.25472260  110.62200165    0.00000000    0.00000000
   15.25777817  109.54199982    0.00000000    0.00000000
   15.26111126  111.52700043    0.00000000    0.00000000
   15.26416683  109.51300049    0.00000000    0.00000000
   15.26749992  107.40100098    0.00000000    0.00000000
   15.27083302  107.43900299    0.00000000    0.00000000
   15.27666664  107.43900299    0.00000000    0.00000000
   15.28083324  107.80100250    0.00000000    0.00000000
   15.28388977  113.78500366    0.00000000    0.00000000
   15.28722286  120.12000275    0.00000000    0.00000000
   15.29055595  116.61199951    0.00000000    0.00000000
   15.29361153  116.86000061    0.00000000    0.00000000
   15.29694462  114.80300140    0.00000000    0.00000000
   15.30027771  120.80699921    0.00000000    0.00000000
   15.30333328  118.36000061    0.00000000    0.00000000
   15.30666733  120.59400177    0.00000000    0.00000000
   15.30972195  114.62400055    0.00000000    0.00000000
   15.31305599  115.84400177    0.00000000    0.00000000
   15.31361103  108.55899811    0.00000000    0.00000000
   15.31944466  108.55899811    0.00000000    0.00000000
   15.32361126  122.63899994    0.00000000    0.00000000
   15.32694435  111.49299622    0.00000000    0.00000000
   15.32999992  104.19499969    0.00000000    0.00000000
   15.33333302  102.58399963    0.00000000    0.00000000
   15.33666611  108.90899658    0.00000000    0.00000000
   15.33972168  112.26499939    0.00000000    0.00000000
   15.34305477  108.36000061    0.00000000    0.00000000
   15.34611034  114.27500153    0.00000000    0.00000000
   15.34694386  110.79299927    0.00000000    0.00000000
   15.34972191  106.70899963    0.00000000    0.00000000
   15.35305595  109.37799835    0.00000000    0.00000000
   15.35638905  107.25700378    0.00000000    0.00000000
   15.36250019  107.25700378    0.00000000    0.00000000
   15.36638927  121.50599670    0.00000000    0.00000000
   15.46555519   -1.00000000   -1.00000000   -1.00000000
   15.63944435   -1.00000000   -1.00000000   -1.00000000
   15.75000000   -1.00000000   -1.00000000   -1.00000000
   15.77055550   70.21769714    0.00000000    0.00000000
   15.77361107  110.49700165    0.00000000    0.00000000
   15.77694416  108.28800201    0.00000000    0.00000000
   15.78027725  111.71299744    0.00000000    0.00000000
   15.78333378  111.70800018    0.00000000    0.00000000
   15.78666687  108.59400177    0.00000000    0.00000000
   15.79083347  108.59400177    0.00000000    0.00000000
   15.79472256  107.02999878    0.00000000    0.00000000
   15.79805565  109.13700104    0.00000000    0.00000000
   15.80138874  112.03900146    0.00000000    0.00000000
   15.80388927  109.49400330    0.00000000    0.00000000
   15.80472279  113.94000244    0.00000000    0.00000000
   15.80805588  111.57099915    0.00000000    0.00000000
   15.81111145  121.09899902    0.00000000    0.00000000
   15.81444454  115.30999756    0.00000000    0.00000000
   15.81777763  112.18299866    0.00000000    0.00000000
   15.82083321  120.41600037    0.00000000    0.00000000
   15.82416630  122.06700134    0.00000000    0.00000000
   15.82750034  123.09100342    0.00000000    0.00000000
   15.83361053  123.09100342    0.00000000    0.00000000
   15.83777714  124.52899933    0.00000000    0.00000000
   15.84083271  122.26899719    0.00000000    0.00000000
   15.84416676  120.19300079    0.00000000    0.00000000
   15.84749985  120.70800018    0.00000000    0.00000000
   15.85055637  122.53199768    0.00000000    0.00000000
   15.85388947  122.28600311    0.00000000    0.00000000
   15.85722256  111.31800079    0.00000000    0.00000000
   15.86027813  117.77899933    0.00000000    0.00000000
   15.86361122  111.13999939    0.00000000    0.00000000
   15.86666679  116.84300232    0.00000000    0.00000000
   15.86999989  107.86699677    0.00000000    0.00000000
   15.87055588  113.53099823    0.00000000    0.00000000
   15.87638855  113.53099823    0.00000000    0.00000000
   15.88055611  108.24400330    0.00000000    0.00000000
   15.88388920  113.09899902    0.00000000    0.00000000
   15.88694477  110.49900055    0.00000000    0.00000000
   15.89027786  107.56800079    0.00000000    0.00000000
   15.89333344  117.81500244    0.00000000    0.00000000
   15.89666653  117.12899780    0.00000000    0.00000000
   15.89999962  113.97499847    0.00000000    0.00000000
   15.90305519  119.18900299    0.00000000    0.00000000
   15.90388870  124.61100006    0.00000000    0.00000000
   15.90666676  122.32099915    0.00000000    0.00000000
   15.90999985  112.21900177    0.00000000    0.00000000
   15.91333294  117.66899872    0.00000000    0.00000000
   15.91916656  117.66899872    0.00000000    0.00000000
   15.92333412  116.30999756    0.00000000    0.00000000
   15.92666721  114.78099823    0.00000000    0.00000000
   15.92972279  114.02100372    0.00000000    0.00000000
   15.93305588  119.56999969    0.00000000    0.00000000
   15.93638897  117.43599701    0.00000000    0.00000000
   15.93722248  117.16100311    0.00000000    0.00000000
   15.93972206  122.47200012    0.00000000    0.00000000
   15.94305515  112.15100098    0.00000000    0.00000000
   15.94638920  114.94799805    0.00000000    0.00000000
   15.94944477  118.74299622    0.00000000    0.00000000
   15.95277786  122.76100159    0.00000000    0.00000000
   15.95611095  123.90000153    0.00000000    0.00000000
   15.96222210  123.90000153    0.00000000    0.00000000
   15.96611118  119.59100342    0.00000000    0.00000000
   15.96944427  120.02600098    0.00000000    0.00000000
   15.97055531  125.13800049    0.00000000    0.00000000
   15.97277737  125.38999939    0.00000000    0.00000000
   15.97611046  118.01300049    0.00000000    0.00000000
   15.97944355  123.00299835    0.00000000    0.00000000
   15.98249912  119.56800079    0.00000000    0.00000000
   15.98583317  121.56099701    0.00000000    0.00000000
   15.98916721  121.39299774    0.00000000    0.00000000
   15.99222279  117.81999969    0.00000000    0.00000000
   15.99555588  121.79499817    0.00000000    0.00000000
   15.99861145  124.72200012    0.00000000    0.00000000
   16.00499916  124.72200012    0.00000000    0.00000000
   16.00916672  114.73699951    0.00000000    0.00000000
   16.01222229  113.35600281    0.00000000    0.00000000
   16.01555634  114.76399994    0.00000000    0.00000000
   16.01888847  113.98300171    0.00000000    0.00000000
   16.02194405  108.48200226    0.00000000    0.00000000
   16.02527809  102.34999847    0.00000000    0.00000000
   16.02861023  111.16899872    0.00000000    0.00000000
   16.03166580  114.74400330    0.00000000    0.00000000
   16.03499985  114.56700134    0.00000000    0.00000000
   16.03722191  122.81400299    0.00000000    0.00000000
   16.03861046  123.53800201    0.00000000    0.00000000
   16.04166603  119.51599884    0.00000000    0.00000000
   16.04777718  119.51599884    0.00000000    0.00000000
   16.05194283  123.72799683    0.00000000    0.00000000
   16.05527687  129.67500305    0.00000000    0.00000000
   16.05833244  130.71600342    0.00000000    0.00000000
   16.06166649  123.43299866    0.00000000    0.00000000
   16.06499863  127.72499847    0.00000000    0.00000000
   16.06805611  125.07299805    0.00000000    0.00000000
   16.07055664  120.43699646    0.00000000    0.00000000
   16.07194519  119.29199982    0.00000000    0.00000000
   16.07500076  114.65699768    0.00000000    0.00000000
   16.07833481  111.54399872    0.00000000    0.00000000
   16.08139038  108.79900360    0.00000000    0.00000000
   16.08472252  119.40399933    0.00000000    0.00000000
   16.09055710  119.40399933    0.00000000    0.00000000
   16.09472275  111.68800354    0.00000000    0.00000000
   16.09805679  110.27700043    0.00000000    0.00000000
   16.10111237  110.76899719    0.00000000    0.00000000
   16.10388947  108.05500031    0.00000000    0.00000000
   16.10499954  116.59400177    0.00000000    0.00000000
   16.10805511  108.37599945    0.00000000    0.00000000
   16.11138916  111.87899780    0.00000000    0.00000000
   16.11444473  104.27899933    0.00000000    0.00000000
   16.11777878  121.38700104    0.00000000    0.00000000
   16.12111092  121.60500336    0.00000000    0.00000000
   16.12416649  124.11100006    0.00000000    0.00000000
   16.12750053  123.09300232    0.00000000    0.00000000
   16.13361168  123.09300232    0.00000000    0.00000000
   16.13777733  119.01799774    0.00000000    0.00000000
   16.14083290  125.12000275    0.00000000    0.00000000
   16.14416695  123.98699951    0.00000000    0.00000000
   16.14722252  125.70500183    0.00000000    0.00000000
   16.15055466  117.46399689    0.00000000    0.00000000
   16.15388870  115.78600311    0.00000000    0.00000000
   16.15694427  117.82800293    0.00000000    0.00000000
   16.16027832  112.94599915    0.00000000    0.00000000
   16.16361046  118.87699890    0.00000000    0.00000000
   16.16666603  107.73999786    0.00000000    0.00000000
   16.17000008  115.25700378    0.00000000    0.00000000
   16.17055511  111.98000336    0.00000000    0.00000000
   16.17638779  111.98000336    0.00000000    0.00000000
   16.18055534  112.76100159    0.00000000    0.00000000
   16.18361092  121.82700348    0.00000000    0.00000000
   16.18694305  112.96600342    0.00000000    0.00000000
   16.19027710  111.30500031    0.00000000    0.00000000
   16.19333267  106.58999634    0.00000000    0.00000000
   16.19666672  113.56300354    0.00000000    0.00000000
   16.20000076  113.30699921    0.00000000    0.00000000
   16.20305634  114.46600342    0.00000000    0.00000000
   16.20388985  109.95400238    0.00000000    0.00000000
   16.20666695  105.82099915    0.00000000    0.00000000
   16.20972252  112.93000031    0.00000000    0.00000000
   16.21305656  107.48799896    0.00000000    0.00000000
   16.21916771  107.48799896    0.00000000    0.00000000
   16.22333336  110.53900146    0.00000000    0.00000000
   16.22666740  110.11399841    0.00000000    0.00000000
   16.22972298  104.91699982    0.00000000    0.00000000
   16.23305511  108.50900269    0.00000000    0.00000000
   16.23611069  123.36599731    0.00000000    0.00000000
   16.23722267  117.15000153    0.00000000    0.00000000
   16.23999977  123.95899963    0.00000000    0.00000000
   16.24305534  120.97799683    0.00000000    0.00000000
   16.24638939  115.55300140    0.00000000    0.00000000
   16.24944496  115.09500122    0.00000000    0.00000000
   16.25277710  107.95700073    0.00000000    0.00000000
   16.25611115  110.27799988    0.00000000    0.00000000
   16.26194382  110.27799988    0.00000000    0.00000000
   16.26611137  110.06300354    0.00000000    0.00000000
   16.26944351  112.89600372    0.00000000    0.00000000
   16.27055550  112.80699921    0.00000000    0.00000000
   16.27305603  108.25299835    0.00000000    0.00000000
   16.27611160  114.60900116    0.00000000    0.00000000
   16.27944374  116.48300171    0.00000000    0.00000000
   16.28277779  112.99199677    0.00000000    0.00000000
   16.28583336  116.10299683    0.00000000    0.00000000
   16.28916550  108.08999634    0.00000000    0.00000000
   16.29249954  117.98100281    0.00000000    0.00000000
   16.29555511  118.33999634    0.00000000    0.00000000
   16.29888916  113.53600311    0.00000000    0.00000000
   16.30499840  113.53600311    0.00000000    0.00000000
   16.30888748  116.54799652    0.00000000    0.00000000
   16.31222153  121.96099854    0.00000000    0.00000000
   16.31555557  119.15499878    0.00000000    0.00000000
   16.31861115  116.64600372    0.00000000    0.00000000
   16.32194519  119.88800049    0.00000000    0.00000000
   16.32527924  114.41699982    0.00000000    0.00000000
   16.32833481  111.91699982    0.00000000    0.00000000
   16.33166695  112.23600006    0.00000000    0.00000000
   16.33472252  114.99099731    0.00000000    0.00000000
   16.33722305  112.57499695    0.00000000    0.00000000
   16.33861160  115.89299774    0.00000000    0.00000000
   16.34166718  110.50099945    0.00000000    0.00000000
   16.34777832  110.50099945    0.00000000    0.00000000
   16.35194397  112.51399994    0.00000000    0.00000000
   16.35499954  113.92600250    0.00000000    0.00000000
   16.35833359  109.79499817    0.00000000    0.00000000
   16.36166763  117.73400116    0.00000000    0.00000000
   16.36472321  117.36199951    0.00000000    0.00000000
   16.36805534  120.77999878    0.00000000    0.00000000
   16.37055588  123.14399719    0.00000000    0.00000000
   16.37166595  112.51899719    0.00000000    0.00000000
   16.37472153  116.62100220    0.00000000    0.00000000
   16.37805557  132.51600647    0.00000000    0.00000000
   16.38138962  120.05400085    0.00000000    0.00000000
   16.38444519  127.64700317    0.00000000    0.00000000
   16.39055634  127.64700317    0.00000000    0.00000000
   16.39472198  142.92100525    0.00000000    0.00000000
   16.39805603  125.17600250    0.00000000    0.00000000
   16.40111160  115.75700378    0.00000000    0.00000000
   16.40388870  114.22599792    0.00000000    0.00000000
   16.40499878  121.71199799    0.00000000    0.00000000
   16.40805435  122.22599792    0.00000000    0.00000000
   16.41138840  115.99800110    0.00000000    0.00000000
   16.41472244  125.28099823    0.00000000    0.00000000
   16.41777802  120.40899658    0.00000000    0.00000000
   16.42111015  119.24800110    0.00000000    0.00000000
   16.42416573  118.85399628    0.00000000    0.00000000
   16.42749977  121.73200226    0.00000000    0.00000000
   16.43333244  121.73200226    0.00000000    0.00000000
   16.43750000  119.72299957    0.00000000    0.00000000
   16.44083214  118.89399719    0.00000000    0.00000000
   16.44416618  124.01399994    0.00000000    0.00000000
   16.44722176  126.61399841    0.00000000    0.00000000
   16.45055580  125.67900085    0.00000000    0.00000000
   16.45388985  125.31900024    0.00000000    0.00000000
   16.45694542  124.99700165    0.00000000    0.00000000
   16.46027946  128.74000549    0.00000000    0.00000000
   16.46361160  126.20700073    0.00000000    0.00000000
   16.46666718  124.62500000    0.00000000    0.00000000
   16.47000122  132.94400024    0.00000000    0.00000000
   16.47055626  122.34300232    0.00000000    0.00000000
   16.47638893  122.34300232    0.00000000    0.00000000
   16.48027802  131.25500488    0.00000000    0.00000000
   16.48361206  124.90200043    0.00000000    0.00000000
   16.48694420  128.00100708    0.00000000    0.00000000
   16.48999977  137.33000183    0.00000000    0.00000000
   16.49333382  132.74299622    0.00000000    0.00000000
   16.49666786  123.46099854    0.00000000    0.00000000
   16.49972153  118.15200043    0.00000000    0.00000000
   16.50305557  122.12400055    0.00000000    0.00000000
   16.50388908  117.99400330    0.00000000    0.00000000
   16.50666618  123.49700165    0.00000000    0.00000000
   16.50972176  125.16999817    0.00000000    0.00000000
   16.51305580  120.11199951    0.00000000    0.00000000
   16.51916695  120.11199951    0.00000000    0.00000000
   16.52333260  115.03199768    0.00000000    0.00000000
   16.52638817  113.25299835    0.00000000    0.00000000
   16.52972221  125.26999664    0.00000000    0.00000000
   16.53305435  127.35299683    0.00000000    0.00000000
   16.53610992  122.94599915    0.00000000    0.00000000
   16.53722191  134.74899292    0.00000000    0.00000000
   16.53972244  131.28300476    0.00000000    0.00000000
   16.54277802  137.55700684    0.00000000    0.00000000
   16.54611015  141.45700073    0.00000000    0.00000000
   16.54944420  133.00799561    0.00000000    0.00000000
   16.55249977  120.89399719    0.00000000    0.00000000
   16.55583191  121.36799622    0.00000000    0.00000000
   16.56194305  121.36799622    0.00000000    0.00000000
   16.56611061  113.47299957    0.00000000    0.00000000
   16.56944466  110.18399811    0.00000000    0.00000000
   16.57055664  116.83399963    0.00000000    0.00000000
   16.57305717  118.97299957    0.00000000    0.00000000
   16.57611275  115.48300171    0.00000000    0.00000000
   16.57944489  117.09500122    0.00000000    0.00000000
   16.58277893  125.04900360    0.00000000    0.00000000
   16.58583450  134.25799561    0.00000000    0.00000000
   16.58916664  136.17199707    0.00000000    0.00000000
   16.59250069  128.89700317    0.00000000    0.00000000
   16.59555626  121.63200378    0.00000000    0.00000000
   16.59889030  115.86299896    0.00000000    0.00000000
   16.60472298  115.86299896    0.00000000    0.00000000
   16.60888863  116.90000153    0.00000000    0.00000000
   16.61222267  109.52999878    0.00000000    0.00000000
   16.61555672  110.07399750    0.00000000    0.00000000
   16.61861038  109.05799866    0.00000000    0.00000000
   16.62194443  112.20899963    0.00000000    0.00000000
   16.62527847  120.39399719    0.00000000    0.00000000
   16.62833405  108.57800293    0.00000000    0.00000000
   16.63166618  111.05500031    0.00000000    0.00000000
   16.63500023  108.68399811    0.00000000    0.00000000
   16.63722229  111.50599670    0.00000000    0.00000000
   16.63861084  114.27100372    0.00000000    0.00000000
   16.64166641  111.41699982    0.00000000    0.00000000
   16.64777756  111.41699982    0.00000000    0.00000000
   16.65194321  115.58000183    0.00000000    0.00000000
   16.65499878  106.86799622    0.00000000    0.00000000
   16.65833282  114.09200287    0.00000000    0.00000000
   16.66138840  105.69599915    0.00000000    0.00000000
   16.66472244  113.52200317    0.00000000    0.00000000
   16.66805458  113.01300049    0.00000000    0.00000000
   16.67055511  113.51499939    0.00000000    0.00000000
   16.67166519  117.45800018    0.00000000    0.00000000
   16.67472076  114.24199677    0.00000000    0.00000000
   16.67805481  112.91999817    0.00000000    0.00000000
   16.68138885  109.88800049    0.00000000    0.00000000
   16.68444443  113.77799988    0.00000000    0.00000000
   16.69055557  113.77799988    0.00000000    0.00000000
   16.69472122  107.05500031    0.00000000    0.00000000
   16.69777679  109.72899628    0.00000000    0.00000000
   16.70111275  114.61199951    0.00000000    0.00000000
   16.70388985  113.98999786    0.00000000    0.00000000
   16.70472336  126.60299683    0.00000000    0.00000000
   16.70777893  120.00800323    0.00000000    0.00000000
   16.71111107  126.74600220    0.00000000    0.00000000
   16.71444511  128.12500000    0.00000000    0.00000000
   16.71750069  118.53299713    0.00000000    0.00000000
   16.72083473  117.96299744    0.00000000    0.00000000
   16.72416687  118.20600128    0.00000000    0.00000000
   16.72722244  121.46600342    0.00000000    0.00000000
   16.73333359  121.46600342    0.00000000    0.00000000
   16.73750114  113.34799957    0.00000000    0.00000000
   16.74083328  109.94499969    0.00000000    0.00000000
   16.74388885  104.33999634    0.00000000    0.00000000
   16.74722290  103.85299683    0.00000000    0.00000000
   16.75055504  111.77700043    0.00000000    0.00000000
   16.75361061  107.57199860    0.00000000    0.00000000
   16.75694466  104.17900085    0.00000000    0.00000000
   16.76000023  110.52200317    0.00000000    0.00000000
   16.76333427  119.32499695    0.00000000    0.00000000
   16.76666641  108.38200378    0.00000000    0.00000000
   16.76972198  118.21199799    0.00000000    0.00000000
   16.77055550  115.27799988    0.00000000    0.00000000
   16.79138756  115.27799988    0.00000000    0.00000000
   16.79555511  107.01799774    0.00000000    0.00000000
   16.79861069  111.06999969    0.00000000    0.00000000
   16.80194283  108.05799866    0.00000000    0.00000000
   16.80388832  122.91100311    0.00000000    0.00000000
   16.80555534  117.10900116    0.00000000    0.00000000
   16.80888748  116.94100189    0.00000000    0.00000000
   16.81194305  108.69000244    0.00000000    0.00000000
   16.81527710  112.92800140    0.00000000    0.00000000
   16.81833458  115.53399658    0.00000000    0.00000000
   16.82166672  115.31199646    0.00000000    0.00000000
   16.82500076  262.50201416    0.00000000    0.00000000
   16.82805634  122.20800018    0.00000000    0.00000000
   16.83416748  122.20800018    0.00000000    0.00000000
   16.83833313  113.62100220    0.00000000    0.00000000
   16.84138870  115.25499725    0.00000000    0.00000000
   16.84472275  105.23799896    0.00000000    0.00000000
   16.84805679  110.45200348    0.00000000    0.00000000
   16.85111237  118.72799683    0.00000000    0.00000000
   16.85444450  109.22799683    0.00000000    0.00000000
   16.85750008  126.14299774    0.00000000    0.00000000
   16.86083412  121.33100128    0.00000000    0.00000000
   16.86416626  114.52799988    0.00000000    0.00000000
   16.86722183  109.88999939    0.00000000    0.00000000
   16.87055588  122.46199799    0.00000000    0.00000000
   16.87111092  124.08399963    0.00000000    0.00000000
   16.87694550  124.08399963    0.00000000    0.00000000
   16.88111115  127.83599854    0.00000000    0.00000000
   16.88444519  119.81700134    0.00000000    0.00000000
   16.88750076  108.06400299    0.00000000    0.00000000
   16.89083290  114.43499756    0.00000000    0.00000000
   16.89388847  115.40599823    0.00000000    0.00000000
   16.89722252  111.36399841    0.00000000    0.00000000
   16.90055466  119.70500183    0.00000000    0.00000000
   16.90361023  110.14099884    0.00000000    0.00000000
   16.90444374  111.42600250    0.00000000    0.00000000
   16.90722275  112.86599731    0.00000000    0.00000000
   16.91055489  112.97200012    0.00000000    0.00000000
   16.91388893  116.60600281    0.00000000    0.00000000
   16.91972160  116.60600281    0.00000000    0.00000000
   16.92388916  112.53700256    0.00000000    0.00000000
   16.92722130  111.45500183    0.00000000    0.00000000
   16.93027687  112.88999939    0.00000000    0.00000000
   16.93361092  121.84200287    0.00000000    0.00000000
   16.93694305  112.41200256    0.00000000    0.00000000
   16.93777657  115.68800354    0.00000000    0.00000000
   16.94027710  116.29199982    0.00000000    0.00000000
   16.94361115  119.39399719    0.00000000    0.00000000
   16.94694328  117.21099854    0.00000000    0.00000000
   16.95000076  123.36000061    0.00000000    0.00000000
   16.95333481  112.78600311    0.00000000    0.00000000
   16.95639038  116.01399994    0.00000000    0.00000000
   16.96277809  116.01399994    0.00000000    0.00000000
   16.96666718  109.11499786    0.00000000    0.00000000
   16.97000122  114.86499786    0.00000000    0.00000000
   16.97111130  117.77400208    0.00000000    0.00000000
   16.97361183  116.27300262    0.00000000    0.00000000
   16.97694588  108.56500244    0.00000000    0.00000000
   16.98027802  111.02400208    0.00000000    0.00000000
   16.98333359  109.97799683    0.00000000    0.00000000
   16.98666763  113.01000214    0.00000000    0.00000000
   16.98972321  105.51399994    0.00000000    0.00000000
   16.99305534  107.39199829    0.00000000    0.00000000
   16.99638939  106.72200012    0.00000000    0.00000000
   16.99944496  108.17299652    0.00000000    0.00000000
   17.00555611  108.17299652    0.00000000    0.00000000
   17.00972176  115.66799927    0.00000000    0.00000000
   17.01277733  114.45200348    0.00000000    0.00000000
   17.01611137  114.10199738    0.00000000    0.00000000
   17.01944351  115.83899689    0.00000000    0.00000000
   17.02249908  115.50499725    0.00000000    0.00000000
   17.02583313  111.76699829    0.00000000    0.00000000
   17.02888870  107.95899963    0.00000000    0.00000000
   17.03222275  114.13400269    0.00000000    0.00000000
   17.03555489  115.71499634    0.00000000    0.00000000
   17.03777695  116.27600098    0.00000000    0.00000000
   17.03888893  105.01100159    0.00000000    0.00000000
   17.04222107  111.18499756    0.00000000    0.00000000
   17.04833221  111.18499756    0.00000000    0.00000000
   17.05249977  119.31999969    0.00000000    0.00000000
   17.05555534  112.13500214    0.00000000    0.00000000
   17.05888748  119.94899750    0.00000000    0.00000000
   17.06222153  109.52300262    0.00000000    0.00000000
   17.06527710  106.82599640    0.00000000    0.00000000
   17.06861115  111.63300323    0.00000000    0.00000000
   17.07111168  105.88800049    0.00000000    0.00000000
   17.07194519  108.52200317    0.00000000    0.00000000
   17.07527924  103.36499786    0.00000000    0.00000000
   17.07861137  114.91300201    0.00000000    0.00000000
   17.08166695  113.18000031    0.00000000    0.00000000
   17.08500099  115.06500244    0.00000000    0.00000000
   17.09111214  115.06500244    0.00000000    0.00000000
   17.09527779  131.37699890    0.00000000    0.00000000
   17.09861183  120.32499695    0.00000000    0.00000000
   17.10166740  122.15000153    0.00000000    0.00000000
   17.10444450  110.61199951    0.00000000    0.00000000
   17.10527802  113.38800049    0.00000000    0.00000000
   17.10861206  112.85299683    0.00000000    0.00000000
   17.11194420  117.93499756    0.00000000    0.00000000
   17.11499977  116.62599945    0.00000000    0.00000000
   17.11833382  116.22499847    0.00000000    0.00000000
   17.12138939  121.14399719    0.00000000    0.00000000
   17.12472153  131.68600464    0.00000000    0.00000000
   17.12805557  125.57399750    0.00000000    0.00000000
   17.13388824  125.57399750    0.00000000    0.00000000
   17.13805580  137.21099854    0.00000000    0.00000000
   17.14138794  122.71700287    0.00000000    0.00000000
   17.14472198  128.26400757    0.00000000    0.00000000
   17.14777756  127.75599670    0.00000000    0.00000000
   17.15111160  122.85700226    0.00000000    0.00000000
   17.15444374  132.84800720    0.00000000    0.00000000
   17.15749931  112.41500092    0.00000000    0.00000000
   17.16083336  111.96099854    0.00000000    0.00000000
   17.16388893  115.53500366    0.00000000    0.00000000
   17.16722107  113.68800354    0.00000000    0.00000000
   17.17055511  111.95099640    0.00000000    0.00000000
   17.17111015  117.78900146    0.00000000    0.00000000
   17.17694473  117.78900146    0.00000000    0.00000000
   17.18111038  123.19499969    0.00000000    0.00000000
   17.18416595  114.80000305    0.00000000    0.00000000
   17.18750000  109.65499878    0.00000000    0.00000000
   17.19083214  117.51699829    0.00000000    0.00000000
   17.19388771  129.16700745    0.00000000    0.00000000
   17.19722176  113.55000305    0.00000000    0.00000000
   17.20027924  116.80300140    0.00000000    0.00000000
   17.20361137  111.13999939    0.00000000    0.00000000
   17.20444489  111.01399994    0.00000000    0.00000000
   17.20694542  121.67299652    0.00000000    0.00000000
   17.21027946  123.60099792    0.00000000    0.00000000
   17.21361160  114.11699677    0.00000000    0.00000000
   17.21972275  114.11699677    0.00000000    0.00000000
   17.22389030  118.41200256    0.00000000    0.00000000
   17.22722244  121.91899872    0.00000000    0.00000000
   17.23027802  129.25300598    0.00000000    0.00000000
   17.23361206  112.75800323    0.00000000    0.00000000
   17.23666763  127.63500214    0.00000000    0.00000000
   17.23777771  122.72499847    0.00000000    0.00000000
   17.24027824  130.54299927    0.00000000    0.00000000
   17.24361229  118.41100311    0.00000000    0.00000000
   17.24694443  144.10899353    0.00000000    0.00000000
   17.25000000  137.55700684    0.00000000    0.00000000
   17.25333405  141.82499695    0.00000000    0.00000000
   17.25666618  153.47399902    0.00000000    0.00000000
   17.26250076  153.47399902    0.00000000    0.00000000
   17.26666641  134.05799866    0.00000000    0.00000000
   17.27000046  148.41900635    0.00000000    0.00000000
   17.27111053  134.91200256    0.00000000    0.00000000
   17.27333260  171.30900574    0.00000000    0.00000000
   17.27666664  181.28700256    0.00000000    0.00000000
   17.28000069  167.20899963    0.00000000    0.00000000
   17.28305435  157.02600098    0.00000000    0.00000000
   17.28638840  172.32099915    0.00000000    0.00000000
   17.28972244  169.36199951    0.00000000    0.00000000
   17.29277802  158.82099915    0.00000000    0.00000000
   17.29611015  162.94599915    0.00000000    0.00000000
   17.29916573  148.87399292    0.00000000    0.00000000
   17.30527687  148.87399292    0.00000000    0.00000000
   17.30944443  198.45799255    0.00000000    0.00000000
   17.31277657  189.14900208    0.00000000    0.00000000
   17.31611061  154.05900574    0.00000000    0.00000000
   17.31916809  148.50799561    0.00000000    0.00000000
   17.32250023  139.80299377    0.00000000    0.00000000
   17.32555580  141.80099487    0.00000000    0.00000000
   17.32888985  122.94300079    0.00000000    0.00000000
   17.33222389  137.07099915    0.00000000    0.00000000
   17.33527756  134.36999512    0.00000000    0.00000000
   17.33777809  153.95899963    0.00000000    0.00000000
   17.33889008  183.60000610    0.00000000    0.00000000
   17.34222221  194.34899902    0.00000000    0.00000000
   17.34833336  194.34899902    0.00000000    0.00000000
   17.35250092  180.13200378    0.00000000    0.00000000
   17.35555649  142.99400330    0.00000000    0.00000000
   17.35888863  126.53399658    0.00000000    0.00000000
   17.36194420  121.06099701    0.00000000    0.00000000
   17.36527824  111.48300171    0.00000000    0.00000000
   17.36861038  104.87300110    0.00000000    0.00000000
   17.37111092  114.11599731    0.00000000    0.00000000
   17.37194443  114.73999786    0.00000000    0.00000000
   17.37527847  116.49500275    0.00000000    0.00000000
   17.37861061  124.78800201    0.00000000    0.00000000
   17.38166618  121.20200348    0.00000000    0.00000000
   17.38500023  107.99299622    0.00000000    0.00000000
   17.39111137  107.99299622    0.00000000    0.00000000
   17.39527702  103.70200348    0.00000000    0.00000000
   17.39861107  110.64900208    0.00000000    0.00000000
   17.40166664  114.33000183    0.00000000    0.00000000
   17.40444374  112.88800049    0.00000000    0.00000000
   17.40527725  103.11199951    0.00000000    0.00000000
   17.40861130  107.53299713    0.00000000    0.00000000
   17.41194344  109.24099731    0.00000000    0.00000000
   17.41499901  118.44000244    0.00000000    0.00000000
   17.41833305  127.27700043    0.00000000    0.00000000
   17.42166519  113.97499847    0.00000000    0.00000000
   17.42472076  109.89700317    0.00000000    0.00000000
   17.42805481  108.75000000    0.00000000    0.00000000
   17.43388748  108.75000000    0.00000000    0.00000000
   17.43805504  110.28500366    0.00000000    0.00000000
   17.44138718  115.95099640    0.00000000    0.00000000
   17.44444275  111.66400146    0.00000000    0.00000000
   17.44777679  145.78500366    0.00000000    0.00000000
   17.45111275  107.20500183    0.00000000    0.00000000
   17.45416832  117.69300079    0.00000000    0.00000000
   17.45750046  135.28300476    0.00000000    0.00000000
   17.46083450  122.52899933    0.00000000    0.00000000
   17.46389008  115.61499786    0.00000000    0.00000000
   17.46722221  119.27999878    0.00000000    0.00000000
   17.47027779  115.11299896    0.00000000    0.00000000
   17.47111130  120.56400299    0.00000000    0.00000000
   17.47666740  120.56400299    0.00000000    0.00000000
   17.48083305  124.50800323    0.00000000    0.00000000
   17.48416710  116.94899750    0.00000000    0.00000000
   17.48750114  116.27999878    0.00000000    0.00000000
   17.49055672  123.95500183    0.00000000    0.00000000
   17.49388885  112.19499969    0.00000000    0.00000000
   17.49722290  106.28399658    0.00000000    0.00000000
   17.50027847  102.98999786    0.00000000    0.00000000
   17.50361061   95.93029785    0.00000000    0.00000000
   17.50444412  100.00199890    0.00000000    0.00000000
   17.50722313   98.72709656    0.00000000    0.00000000
   17.51027870  100.76100159    0.00000000    0.00000000
   17.51361084  101.30400085    0.00000000    0.00000000
   17.51972198  101.30400085    0.00000000    0.00000000
   17.52388954  117.08200073    0.00000000    0.00000000
   17.52694511  118.86199951    0.00000000    0.00000000
   17.53027725  123.50299835    0.00000000    0.00000000
   17.53361130  123.36299896    0.00000000    0.00000000
   17.53666687  107.64199829    0.00000000    0.00000000
   17.53777695  112.26599884    0.00000000    0.00000000
   17.54027748  103.90399933    0.00000000    0.00000000
   17.54333305  107.05400085    0.00000000    0.00000000
   17.54666710  102.08100128    0.00000000    0.00000000
   17.54999924  110.22399902    0.00000000    0.00000000
   17.55305481  130.92700195    0.00000000    0.00000000
   17.55638885  124.19699860    0.00000000    0.00000000
   17.56250000  124.19699860    0.00000000    0.00000000
   17.56666756  188.35400391    0.00000000    0.00000000
   17.56972313  141.28599548    0.00000000    0.00000000
   17.57111168  210.41499329    0.00000000    0.00000000
   17.57333374  286.01501465    0.00000000    0.00000000
   17.57666779  245.79400635    0.00000000    0.00000000
   17.58000183  219.24800110    0.00000000    0.00000000
   17.58305550  242.72500610    0.00000000    0.00000000
   17.58638954  158.55700684    0.00000000    0.00000000
   17.58972359  179.70399475    0.00000000    0.00000000
   17.59277916  136.96499634    0.00000000    0.00000000
   17.59611130  140.94599915    0.00000000    0.00000000
   17.59916687  143.78100586    0.00000000    0.00000000
   17.60527802  143.78100586    0.00000000    0.00000000
   17.60944557  232.91200256    0.00000000    0.00000000
   17.61277771   79.44979858    0.00000000    0.00000000
   17.61583328  177.16900635    0.00000000    0.00000000
   17.61916733  181.73300171    0.00000000    0.00000000
   17.62222290  219.65199280    0.00000000    0.00000000
   17.62555504  215.42999268    0.00000000    0.00000000
   17.62888908  201.25100708    0.00000000    0.00000000
   17.63194466  167.74899292    0.00000000    0.00000000
   17.63527679  197.19999695    0.00000000    0.00000000
   17.63777733  148.45700073    0.00000000    0.00000000
   17.63888931  131.26199341    0.00000000    0.00000000
   17.64194489  153.29600525    0.00000000    0.00000000
   17.64833260  153.29600525    0.00000000    0.00000000
   17.65222168  109.70099640    0.00000000    0.00000000
   17.65555573  106.76499939    0.00000000    0.00000000
   17.65888786   97.87010193    0.00000000    0.00000000
   17.66194344  108.24400330    0.00000000    0.00000000
   17.66527748  106.61799622    0.00000000    0.00000000
   17.66833305  105.82800293    0.00000000    0.00000000
   17.67111015  112.38700104    0.00000000    0.00000000
   17.67222214  116.28299713    0.00000000    0.00000000
   17.67527771  119.57199860    0.00000000    0.00000000
   17.67860985  111.45200348    0.00000000    0.00000000
   17.68166542  126.79399872    0.00000000    0.00000000
   17.68499947  120.20300293    0.00000000    0.00000000
   17.69111061  120.20300293    0.00000000    0.00000000
   17.69527626  118.22899628    0.00000000    0.00000000
   17.69833183  145.44799805    0.00000000    0.00000000
   17.70166779  145.32699585    0.00000000    0.00000000
   17.70444489  175.75900269    0.00000000    0.00000000
   17.70527840  170.19700623    0.00000000    0.00000000
   17.70833397  177.90699768    0.00000000    0.00000000
   17.71166801  184.16900635    0.00000000    0.00000000
   17.71472359  155.58399963    0.00000000    0.00000000
   17.71805573  169.99800110    0.00000000    0.00000000
   17.72138977  154.77200317    0.00000000    0.00000000
   17.72444534  166.49899292    0.00000000    0.00000000
   17.72777748  155.69799805    0.00000000    0.00000000
   17.73388863  155.69799805    0.00000000    0.00000000
   17.73805618  185.02299500    0.00000000    0.00000000
   17.74138832  156.18600464    0.00000000    0.00000000
   17.74444389  161.40100098    0.00000000    0.00000000
   17.74777794  162.97999573    0.00000000    0.00000000
   17.75083351  135.76600647    0.00000000    0.00000000
   17.75416756  156.19599915    0.00000000    0.00000000
   17.75749969  140.57800293    0.00000000    0.00000000
   17.76055527  150.85400391    0.00000000    0.00000000
   17.76388931  155.93800354    0.00000000    0.00000000
   17.76722145  123.45999908    0.00000000    0.00000000
   17.77027702  121.98799896    0.00000000    0.00000000
   17.77111053  134.20899963    0.00000000    0.00000000
   17.77666664  134.20899963    0.00000000    0.00000000
   17.78083229  129.33399963    0.00000000    0.00000000
   17.78416634  129.89199829    0.00000000    0.00000000
   17.78722191  118.99500275    0.00000000    0.00000000
   17.80499840  103.54900360    0.00000000    0.00000000
   17.80722237  103.97399902    0.00000000    0.00000000
   17.81055450  108.06800079    0.00000000    0.00000000
   17.81388855  104.61299896    0.00000000    0.00000000
   17.81972313  104.61299896    0.00000000    0.00000000
   17.82389069  100.40399933    0.00000000    0.00000000
   17.82694626  102.40899658    0.00000000    0.00000000
   17.83027840   93.72599792    0.00000000    0.00000000
   17.83361244   97.47930145    0.00000000    0.00000000
   17.83666801  104.02700043    0.00000000    0.00000000
   17.83805656  100.81199646    0.00000000    0.00000000
   17.84027863  101.91799927    0.00000000    0.00000000
   17.84333420  103.61699677    0.00000000    0.00000000
   17.84666824   99.81780243    0.00000000    0.00000000
   17.85000038   99.27410126    0.00000000    0.00000000
   17.85305595  104.30599976    0.00000000    0.00000000
   17.85639000  101.28700256    0.00000000    0.00000000
   17.86250114  101.28700256    0.00000000    0.00000000
   17.86666679  100.93699646    0.00000000    0.00000000
   17.87000084  104.20400238    0.00000000    0.00000000
   17.87138939  108.91600037    0.00000000    0.00000000
   17.87361145  106.83599854    0.00000000    0.00000000
   17.87666702  103.23999786    0.00000000    0.00000000
   17.88000107   99.37830353    0.00000000    0.00000000
   17.88333321   96.17639923    0.00000000    0.00000000
   17.88638878  102.61299896    0.00000000    0.00000000
   17.88972282   99.30100250    0.00000000    0.00000000
   17.89305496   99.29720306    0.00000000    0.00000000
   17.89611053   97.79660034    0.00000000    0.00000000
   17.89944458  100.43000031    0.00000000    0.00000000
   17.90527725  100.43000031    0.00000000    0.00000000
   17.90944481   95.42350006    0.00000000    0.00000000
   17.91277695   95.95559692    0.00000000    0.00000000
   17.91611099   97.42209625    0.00000000    0.00000000
   17.91916656   99.27420044    0.00000000    0.00000000
   17.92249870  101.97899628    0.00000000    0.00000000
   17.92555428  102.41899872    0.00000000    0.00000000
   17.92888832  105.97399902    0.00000000    0.00000000
   17.93222237  104.15599823    0.00000000    0.00000000
   17.93527603  109.17700195    0.00000000    0.00000000
   17.93805504  100.94599915    0.00000000    0.00000000
   17.93888855   95.30989838    0.00000000    0.00000000
   17.94222069   96.62940216    0.00000000    0.00000000
   17.94833183   96.62940216    0.00000000    0.00000000
   17.95250130   96.10980225    0.00000000    0.00000000
   17.95555687   97.83589935    0.00000000    0.00000000
   17.95888901   98.41269684    0.00000000    0.00000000
   17.96194458   96.09320068    0.00000000    0.00000000
   17.96527863   94.46910095    0.00000000    0.00000000
   17.96861076   95.61640167    0.00000000    0.00000000
   17.97138977   95.43630219    0.00000000    0.00000000
   17.97222328   92.79530334    0.00000000    0.00000000
   17.97555542   96.79599762    0.00000000    0.00000000
   17.97861099   93.78389740    0.00000000    0.00000000
   17.98194504   95.32240295    0.00000000    0.00000000
   17.98500061   97.59120178    0.00000000    0.00000000
   17.99111176   97.59120178    0.00000000    0.00000000
   17.99527740  105.16699982    0.00000000    0.00000000
   17.99833298   99.93080139    0.00000000    0.00000000
   18.00166702   97.99310303    0.00000000    0.00000000
   18.00472260  106.18499756    0.00000000    0.00000000
   18.00527763  107.33200073    0.00000000    0.00000000
   18.00833321  103.07499695    0.00000000    0.00000000
   18.01166725   95.87409973    0.00000000    0.00000000
   18.01499939  108.11100006    0.00000000    0.00000000
   18.01805496   98.34049988    0.00000000    0.00000000
   18.02138901  100.67199707    0.00000000    0.00000000
   18.02472115  108.73400116    0.00000000    0.00000000
   18.02777672  109.74299622    0.00000000    0.00000000
   18.03388786  109.74299622    0.00000000    0.00000000
   18.03805542  111.45800018    0.00000000    0.00000000
   18.03861046  108.94499969    0.00000000    0.00000000
   18.04166603  112.26799774    0.00000000    0.00000000
   18.04500008  107.83100128    0.00000000    0.00000000
   18.04833221  105.23699951    0.00000000    0.00000000
   18.05138779  104.48699951    0.00000000    0.00000000
   18.05472183   97.22859955    0.00000000    0.00000000
   18.05805397  110.05100250    0.00000000    0.00000000
   18.06110954  106.07199860    0.00000000    0.00000000
   18.06444359  100.67700195    0.00000000    0.00000000
   18.06777954  107.02799988    0.00000000    0.00000000
   18.07083511   98.20300293    0.00000000    0.00000000
   18.07194519   92.28610229    0.00000000    0.00000000
   18.07666779   92.28610229    0.00000000    0.00000000
   18.08083344  102.71700287    0.00000000    0.00000000
   18.08416748  105.34100342    0.00000000    0.00000000
   18.08750153   99.67690277    0.00000000    0.00000000
   18.09055710  101.80100250    0.00000000    0.00000000
   18.09388924  112.92400360    0.00000000    0.00000000
   18.09694481  107.74199677    0.00000000    0.00000000
   18.10027885  112.58599854    0.00000000    0.00000000
   18.10361099  107.37100220    0.00000000    0.00000000
   18.10527802  106.65699768    0.00000000    0.00000000
   18.10694504  110.02600098    0.00000000    0.00000000
   18.11027908  105.52999878    0.00000000    0.00000000
   18.11361122   99.46890259    0.00000000    0.00000000
   18.11972237   99.46890259    0.00000000    0.00000000
   18.12388992   95.30380249    0.00000000    0.00000000
   18.12694550  102.60199738    0.00000000    0.00000000
   18.13027763   98.37500000    0.00000000    0.00000000
   18.13333321  108.85299683    0.00000000    0.00000000
   18.13666725   95.95970154    0.00000000    0.00000000
   18.13861084  104.58100128    0.00000000    0.00000000
   18.14027786   99.19699860    0.00000000    0.00000000
   18.14361191  102.43800354    0.00000000    0.00000000
   18.14694405  113.18900299    0.00000000    0.00000000
   18.14999962  116.95300293    0.00000000    0.00000000
   18.15333366  112.64299774    0.00000000    0.00000000
   18.15666580  111.08499908    0.00000000    0.00000000
   18.16250038  111.08499908    0.00000000    0.00000000
   18.16666603  103.74900055    0.00000000    0.00000000
   18.16972160  109.83200073    0.00000000    0.00000000
   18.17194366  115.36699677    0.00000000    0.00000000
   18.17333221  103.26599884    0.00000000    0.00000000
   18.17666626  115.84799957    0.00000000    0.00000000
   18.18000031  107.49800110    0.00000000    0.00000000
   18.18305397  121.03900146    0.00000000    0.00000000
   18.18638802  112.25000000    0.00000000    0.00000000
   18.18972206  110.18800354    0.00000000    0.00000000
   18.19277763  105.55500031    0.00000000    0.00000000
   18.19610977  120.58000183    0.00000000    0.00000000
   18.19916534  104.15499878    0.00000000    0.00000000
   18.20527840  104.15499878    0.00000000    0.00000000
   18.20944595  106.32299805    0.00000000    0.00000000
   18.21277809  105.42299652    0.00000000    0.00000000
   18.21583366  109.12400055    0.00000000    0.00000000
   18.21916771   99.66390228    0.00000000    0.00000000
   18.22249985  114.14900208    0.00000000    0.00000000
   18.22555542  163.23100281    0.00000000    0.00000000
   18.22888947  169.77699280    0.00000000    0.00000000
   18.23222351  157.41099548    0.00000000    0.00000000
   18.23527718  137.17500305    0.00000000    0.00000000
   18.23861122  119.55699921    0.00000000    0.00000000
   18.23916626  119.50599670    0.00000000    0.00000000
   18.24222183   97.38719940    0.00000000    0.00000000
   18.24805641   97.38719940    0.00000000    0.00000000
   18.25222206   99.33650208    0.00000000    0.00000000
   18.25555611  109.82299805    0.00000000    0.00000000
   18.25888824   96.38040161    0.00000000    0.00000000
   18.26194382   99.96890259    0.00000000    0.00000000
   18.26527786  100.86399841    0.00000000    0.00000000
   18.26833344   97.83149719    0.00000000    0.00000000
   18.27166557   96.12519836    0.00000000    0.00000000
   18.27222252   98.54360199    0.00000000    0.00000000
   18.27527809  101.86799622    0.00000000    0.00000000
   18.27861023  114.59100342    0.00000000    0.00000000
   18.28194427  108.82800293    0.00000000    0.00000000
   18.28499985   98.91960144    0.00000000    0.00000000
   18.29111099   98.91960144    0.00000000    0.00000000
   18.29527664  116.97100067    0.00000000    0.00000000
   18.29833221  123.74400330    0.00000000    0.00000000
   18.30166626  120.41999817    0.00000000    0.00000000
   18.30472183  100.88899994    0.00000000    0.00000000
   18.30555534  101.39399719    0.00000000    0.00000000
   18.30861092  114.02600098    0.00000000    0.00000000
   18.31166649   99.59559631    0.00000000    0.00000000
   18.31499863   97.20040131    0.00000000    0.00000000
   18.31833458  101.41000366    0.00000000    0.00000000
   18.32139015  102.43399811    0.00000000    0.00000000
   18.32472229   94.12039948    0.00000000    0.00000000
   18.32777786   97.60220337    0.00000000    0.00000000
   18.33388901   97.60220337    0.00000000    0.00000000
   18.33805656   94.86579895    0.00000000    0.00000000
   18.33889008   95.54720306    0.00000000    0.00000000
   18.34138870   96.48960114    0.00000000    0.00000000
   18.34472275   97.47509766    0.00000000    0.00000000
   18.34805679  100.14900208    0.00000000    0.00000000
   18.35111237   98.62650299    0.00000000    0.00000000
   18.35444450  100.14700317    0.00000000    0.00000000
   18.35777855  103.48899841    0.00000000    0.00000000
   18.36083412  100.30000305    0.00000000    0.00000000
   18.36416626   97.09660339    0.00000000    0.00000000
   18.36722183  102.06500244    0.00000000    0.00000000
   18.37055588  264.19000244    0.00000000    0.00000000
   18.37222290  100.85700226    0.00000000    0.00000000
   18.37666702  100.85700226    0.00000000    0.00000000
   18.38083267  101.66300201    0.00000000    0.00000000
   18.38416672   97.18190002    0.00000000    0.00000000
   18.38722229   97.40979767    0.00000000    0.00000000
   18.39055634   96.09750366    0.00000000    0.00000000
   18.39388847   97.69339752    0.00000000    0.00000000
   18.39694405   98.01390076    0.00000000    0.00000000
   18.40027809   98.45349884    0.00000000    0.00000000
   18.40361023   98.48210144    0.00000000    0.00000000
   18.40555573   96.35449982    0.00000000    0.00000000
   18.40694427  100.66999817    0.00000000    0.00000000
   18.41027832   98.67600250    0.00000000    0.00000000
   18.41361046  103.05300140    0.00000000    0.00000000
   18.41944313  103.05300140    0.00000000    0.00000000
   18.42361069  102.70999908    0.00000000    0.00000000
   18.42694473  100.33499908    0.00000000    0.00000000
   18.43027687  110.02500153    0.00000000    0.00000000
   18.43333244   97.83670044    0.00000000    0.00000000
   18.43666649  100.77700043    0.00000000    0.00000000
   18.43888855  103.00299835    0.00000000    0.00000000
   18.44027710  103.83300018    0.00000000    0.00000000
   18.44333267  102.21499634    0.00000000    0.00000000
   18.44666672  107.93699646    0.00000000    0.00000000
   18.44972038  100.80899811    0.00000000    0.00000000
   18.45305634  104.37699890    0.00000000    0.00000000
   18.45639038  103.42500305    0.00000000    0.00000000
   18.46250153  103.42500305    0.00000000    0.00000000
   18.46666718   95.92070007    0.00000000    0.00000000
   18.46972275   97.43599701    0.00000000    0.00000000
   18.47222328   97.56120300    0.00000000    0.00000000
   18.47361183   99.54599762    0.00000000    0.00000000
   18.47666740   97.81020355    0.00000000    0.00000000
   18.48000145   90.30680084    0.00000000    0.00000000
   18.48305511   95.73539734    0.00000000    0.00000000
   18.48638916   93.62220001    0.00000000    0.00000000
   18.48972321   97.59960175    0.00000000    0.00000000
   18.49277878   94.59590149    0.00000000    0.00000000
   18.49611092   98.97689819    0.00000000    0.00000000
   18.49944496   97.65010071    0.00000000    0.00000000
   18.50527763   97.65010071    0.00000000    0.00000000
   18.50944519  106.79900360    0.00000000    0.00000000
   18.51250076  115.25000000    0.00000000    0.00000000
   18.51583290  112.84700012    0.00000000    0.00000000
   18.51916695  111.61900330    0.00000000    0.00000000
   18.52222252  110.35900116    0.00000000    0.00000000
   18.52555466  114.87699890    0.00000000    0.00000000
   18.52861023  101.69000244    0.00000000    0.00000000
   18.53194427  111.24600220    0.00000000    0.00000000
   18.53527641  109.79900360    0.00000000    0.00000000
   18.53833199  129.31100464    0.00000000    0.00000000
   18.54027748  135.88200378    0.00000000    0.00000000
   18.54222107  129.86199951    0.00000000    0.00000000
   18.54805565  129.86199951    0.00000000    0.00000000
   18.55222130  127.55699921    0.00000000    0.00000000
   18.55555534  154.21099854    0.00000000    0.00000000
   18.55888748  126.67099762    0.00000000    0.00000000
   18.56194305  111.66100311    0.00000000    0.00000000
   18.56527710  133.43699646    0.00000000    0.00000000
   18.56833458  175.71299744    0.00000000    0.00000000
   18.57166672  173.27600098    0.00000000    0.00000000
   18.57361221  158.44099426    0.00000000    0.00000000
   18.57527924  198.42300415    0.00000000    0.00000000
   18.57833481  202.26899719    0.00000000    0.00000000
   18.58166695  227.46099854    0.00000000    0.00000000
   18.58472252  186.47700500    0.00000000    0.00000000
   18.59083366  186.47700500    0.00000000    0.00000000
   18.59500122  153.64399719    0.00000000    0.00000000
   18.59833336  139.24000549    0.00000000    0.00000000
   18.60138893  131.79600525    0.00000000    0.00000000
   18.60472298  128.80700684    0.00000000    0.00000000
   18.60722351  118.85600281    0.00000000    0.00000000
   18.60833359  124.49199677    0.00000000    0.00000000
   18.61166763  147.08000183    0.00000000    0.00000000
   18.61472321  185.59899902    0.00000000    0.00000000
   18.61805534  161.67100525    0.00000000    0.00000000
   18.62138939  133.56500244    0.00000000    0.00000000
   18.62444496  212.38999939    0.00000000    0.00000000
   18.62777710  167.12300110    0.00000000    0.00000000
   18.63388824  167.12300110    0.00000000    0.00000000
   18.63777733  131.13400269    0.00000000    0.00000000
   18.64055634  115.42900085    0.00000000    0.00000000
   18.64138794  109.38600159    0.00000000    0.00000000
   18.64472198  125.15000153    0.00000000    0.00000000
   18.64777756  136.79100037    0.00000000    0.00000000
   18.65111160  158.81799316    0.00000000    0.00000000
   18.65444374  124.56400299    0.00000000    0.00000000
   18.65749931  113.32599640    0.00000000    0.00000000
   18.66083336  115.81500244    0.00000000    0.00000000
   18.66416550  114.69100189    0.00000000    0.00000000
   18.66722107  115.74700165    0.00000000    0.00000000
   18.67055511  112.68000031    0.00000000    0.00000000
   18.67666626  112.68000031    0.00000000    0.00000000
   18.68083191   99.22350311    0.00000000    0.00000000
   18.68388748  100.37999725    0.00000000    0.00000000
   18.68722153  100.74900055    0.00000000    0.00000000
   18.69055557  101.15000153    0.00000000    0.00000000
   18.69361115   98.76399994    0.00000000    0.00000000
   18.69694328  107.69300079    0.00000000    0.00000000
   18.70000076  115.31600189    0.00000000    0.00000000
   18.70333481  111.11799622    0.00000000    0.00000000
   18.70666695  117.47100067    0.00000000    0.00000000
   18.70750046  118.47399902    0.00000000    0.00000000
   18.71027946  116.02999878    0.00000000    0.00000000
   18.71333504  103.37200165    0.00000000    0.00000000
   18.71944427  103.37200165    0.00000000    0.00000000
   18.72361183  105.56400299    0.00000000    0.00000000
   18.72694588  102.68900299    0.00000000    0.00000000
   18.73027802   99.10910034    0.00000000    0.00000000
   18.73333359   99.79060364    0.00000000    0.00000000
   18.73666763  101.73500061    0.00000000    0.00000000
   18.73972321   97.65750122    0.00000000    0.00000000
   18.74083328   98.08969879    0.00000000    0.00000000
   18.74361229   96.05580139    0.00000000    0.00000000
   18.74666786  102.37400055    0.00000000    0.00000000
   18.75000000   94.49269867    0.00000000    0.00000000
   18.75333405  101.52600098    0.00000000    0.00000000
   18.75638962  106.58100128    0.00000000    0.00000000
   18.76222229  106.58100128    0.00000000    0.00000000
   18.76638794  118.90899658    0.00000000    0.00000000
   18.76972198  117.08899689    0.00000000    0.00000000
   18.77277756  107.34200287    0.00000000    0.00000000
   18.77444458  107.22399902    0.00000000    0.00000000
   18.77638817  109.00700378    0.00000000    0.00000000
   18.77972221  128.34700012    0.00000000    0.00000000
   18.78305435  133.89100647    0.00000000    0.00000000
   18.78610992  137.41700745    0.00000000    0.00000000
   18.78944397  199.63099670    0.00000000    0.00000000
   18.79277802  215.93600464    0.00000000    0.00000000
   18.79583359  241.98599243    0.00000000    0.00000000
   18.79916573  177.07800293    0.00000000    0.00000000
   18.80527687  177.07800293    0.00000000    0.00000000
   18.82361221   -1.00000000    0.00000000    0.00000000
   18.82666779   -1.00000000    0.00000000    0.00000000
   18.83000183   -1.00000000    0.00000000    0.00000000
   18.83333397   -1.00000000    0.00000000    0.00000000
   18.83638954   -1.00000000    0.00000000    0.00000000
   18.83972359   -1.00000000    0.00000000    0.00000000
