    HOUR (UT)   FLARE FACTOR    SKY TESTER    SUN TESTER
   11.10277843   -1.00000000   -1.00000000   -1.00000000
   11.12277794  215.13000488    0.00000000    0.00000000
   11.13083363  195.11799622    0.00000000    0.00000000
   11.13416672  210.32800293    0.00000000    0.00000000
   11.13722229  236.28199768    0.00000000    0.00000000
   11.14027786  221.55900574    0.00000000    0.00000000
   11.14361095  205.39700317    0.00000000    0.00000000
   11.14666653  205.18099976    0.00000000    0.00000000
   11.14972210  215.70300293    0.00000000    0.00000000
   11.15277767  215.84199524    0.00000000    0.00000000
   11.15555477  232.52299500    0.00000000    0.00000000
   11.15611076  225.12399292    0.00000000    0.00000000
   11.15916634  218.42900085    0.00000000    0.00000000
   11.16222191  231.80799866    0.00000000    0.00000000
   11.16527748  237.47399902    0.00000000    0.00000000
   11.16833401  216.61300659    0.00000000    0.00000000
   11.17138958  239.08900452    0.00000000    0.00000000
   11.17472267  241.59899902    0.00000000    0.00000000
   11.17777824  247.78500366    0.00000000    0.00000000
   11.18083382  245.73399353    0.00000000    0.00000000
   11.18583298  217.39999390    0.00000000    0.00000000
   11.18888855  244.77099609    0.00000000    0.00000000
   11.18916702  264.76901245    0.00000000    0.00000000
   11.19194412  253.89100647    0.00000000    0.00000000
   11.19499969  257.19198608    0.00000000    0.00000000
   11.19833374  264.90301514    0.00000000    0.00000000
   11.20138836  278.91400146    0.00000000    0.00000000
   11.20444393  279.63299561    0.00000000    0.00000000
   11.20749950  313.54400635    0.00000000    0.00000000
   11.20916653  346.17001343    0.00000000    0.00000000
   11.21055508  352.58401489    0.00000000    0.00000000
   11.21194458  343.13000488    0.00000000    0.00000000
   11.21333313  360.44000244    0.00000000    0.00000000
   11.21472168  397.55099487    0.00000000    0.00000000
   11.21611118  369.05801392    0.00000000    0.00000000
   11.21749973  382.33898926    0.00000000    0.00000000
   11.21888828  386.34298706    0.00000000    0.00000000
   11.22027779  370.07901001    0.00000000    0.00000000
   11.22166634  395.06500244    0.00000000    0.00000000
   11.22305489  369.65600586    0.00000000    0.00000000
   11.22444439  360.36801147    0.00000000    0.00000000
   11.22583294  360.01599121    0.00000000    0.00000000
   11.22722149  356.91799927    0.00000000    0.00000000
   11.22861099  355.26599121    0.00000000    0.00000000
   11.22999954  374.52398682    0.00000000    0.00000000
   11.23138809  407.84899902    0.00000000    0.00000000
   11.23277760  344.42700195    0.00000000    0.00000000
   11.23416710  341.99301147    0.00000000    0.00000000
   11.23555565  404.35000610    0.00000000    0.00000000
   11.23694515  334.39700317    0.00000000    0.00000000
   11.23833370  370.20700073    0.00000000    0.00000000
   11.23972225  378.27899170    0.00000000    0.00000000
   11.24111176  353.88299561    0.00000000    0.00000000
   11.24250031  319.87399292    0.00000000    0.00000000
   11.24388885  325.85400391    0.00000000    0.00000000
   11.24527836  339.99700928    0.00000000    0.00000000
   11.24666691  347.41000366    0.00000000    0.00000000
   11.24805546  354.17498779    0.00000000    0.00000000
   11.24944496  345.49200439    0.00000000    0.00000000
   11.25083351  356.65301514    0.00000000    0.00000000
   11.25222206  349.43499756    0.00000000    0.00000000
   11.25361156  342.63101196    0.00000000    0.00000000
   11.25500011  337.94000244    0.00000000    0.00000000
   11.25638866  368.75799561    0.00000000    0.00000000
   11.25777817  336.50698853    0.00000000    0.00000000
   11.25916672  344.00100708    0.00000000    0.00000000
   11.26055527  343.81399536    0.00000000    0.00000000
   11.26194477  350.36099243    0.00000000    0.00000000
   11.26333332  321.28900146    0.00000000    0.00000000
   11.26472187  342.93798828    0.00000000    0.00000000
   11.26611137  345.37899780    0.00000000    0.00000000
   11.26749992  369.54098511    0.00000000    0.00000000
   11.26888847  353.37100220    0.00000000    0.00000000
   11.27027798  347.74899292    0.00000000    0.00000000
   11.27166653  336.96899414    0.00000000    0.00000000
   11.27305508  340.99700928    0.00000000    0.00000000
   11.27444458  344.58099365    0.00000000    0.00000000
   11.27583313  327.23199463    0.00000000    0.00000000
   11.27722168  326.67599487    0.00000000    0.00000000
   11.27861118  337.89099121    0.00000000    0.00000000
   11.27999973  345.22198486    0.00000000    0.00000000
   11.28138828  359.63500977    0.00000000    0.00000000
   11.28277779  347.75500488    0.00000000    0.00000000
   11.28416729  355.82000732    0.00000000    0.00000000
   11.28555584  353.60101318    0.00000000    0.00000000
   11.28694534  348.51800537    0.00000000    0.00000000
   11.28833389  366.58300781    0.00000000    0.00000000
   11.28972244  352.90100098    0.00000000    0.00000000
   11.29111195  348.29901123    0.00000000    0.00000000
   11.29250050  350.74798584    0.00000000    0.00000000
   11.29388905  336.15899658    0.00000000    0.00000000
   11.29527855  372.89898682    0.00000000    0.00000000
   11.29666710  353.81600952    0.00000000    0.00000000
   11.29805565  316.30099487    0.00000000    0.00000000
   11.29944515  369.62701416    0.00000000    0.00000000
   11.30083370  354.55300903    0.00000000    0.00000000
   11.30222225  327.61199951    0.00000000    0.00000000
   11.30361176  345.08801270    0.00000000    0.00000000
   11.30500031  368.03201294    0.00000000    0.00000000
   11.30638885  349.85598755    0.00000000    0.00000000
   11.30777836  350.63699341    0.00000000    0.00000000
   11.30916691  338.45300293    0.00000000    0.00000000
   11.31055546  349.80099487    0.00000000    0.00000000
   11.31194496  354.35101318    0.00000000    0.00000000
   11.31333351  348.98699951    0.00000000    0.00000000
   11.31472206  346.38101196    0.00000000    0.00000000
   11.31611156  359.25900269    0.00000000    0.00000000
   11.31750011  338.80899048    0.00000000    0.00000000
   11.31888866  357.51998901    0.00000000    0.00000000
   11.32027817  316.98300171    0.00000000    0.00000000
   11.32166672  330.67401123    0.00000000    0.00000000
   11.32305527  326.01699829    0.00000000    0.00000000
   11.32444477  326.97500610    0.00000000    0.00000000
   11.32583332  346.15499878    0.00000000    0.00000000
   11.32722187  354.62399292    0.00000000    0.00000000
   11.32861137  327.32598877    0.00000000    0.00000000
   11.32999992  328.98001099    0.00000000    0.00000000
   11.33138847  308.34399414    0.00000000    0.00000000
   11.33277798  327.26901245    0.00000000    0.00000000
   11.33416653  345.97900391    0.00000000    0.00000000
   11.33555508  330.63598633    0.00000000    0.00000000
   11.33694458  342.74600220    0.00000000    0.00000000
   11.33833313  357.31900024    0.00000000    0.00000000
   11.33972168  352.10501099    0.00000000    0.00000000
   11.34111118  326.51998901    0.00000000    0.00000000
   11.34249973  321.70800781    0.00000000    0.00000000
   11.34388828  358.80398560    0.00000000    0.00000000
   11.34527779  333.46301270    0.00000000    0.00000000
   11.34666634  337.80899048    0.00000000    0.00000000
   11.34805489  341.13000488    0.00000000    0.00000000
   11.34944439  325.20401001    0.00000000    0.00000000
   11.35083389  312.25201416    0.00000000    0.00000000
   11.35222244  324.24700928    0.00000000    0.00000000
   11.35361195  322.37298584    0.00000000    0.00000000
   11.35500050  329.89498901    0.00000000    0.00000000
   11.35638905  330.23199463    0.00000000    0.00000000
   11.35777855  314.36801147    0.00000000    0.00000000
   11.35916710  305.74099731    0.00000000    0.00000000
   11.36055565  308.87899780    0.00000000    0.00000000
   11.36194515  319.23300171    0.00000000    0.00000000
   11.36333370  286.00201416    0.00000000    0.00000000
   11.36472225  290.52999878    0.00000000    0.00000000
   11.36611176  305.92498779    0.00000000    0.00000000
   11.36750031  311.12899780    0.00000000    0.00000000
   11.36888885  281.46200562    0.00000000    0.00000000
   11.37027836  319.01000977    0.00000000    0.00000000
   11.37166691  284.72900391    0.00000000    0.00000000
   11.37305546  265.39001465    0.00000000    0.00000000
   11.37444496  288.75399780    0.00000000    0.00000000
   11.37611103  285.94400024    0.00000000    0.00000000
   11.37750053  294.83599854    0.00000000    0.00000000
   11.37888908  277.14999390    0.00000000    0.00000000
   11.38027763  287.56298828    0.00000000    0.00000000
   11.38166714  283.57101440    0.00000000    0.00000000
   11.38305569  274.30899048    0.00000000    0.00000000
   11.38444424  273.71301270    0.00000000    0.00000000
   11.38583279  287.12600708    0.00000000    0.00000000
   11.38722229  278.52398682    0.00000000    0.00000000
   11.38861084  278.75900269    0.00000000    0.00000000
   11.39000034  271.08300781    0.00000000    0.00000000
   11.39138889  275.28601074    0.00000000    0.00000000
   11.39277744  285.94400024    0.00000000    0.00000000
   11.39416695  264.97399902    0.00000000    0.00000000
   11.39555550  280.64700317    0.00000000    0.00000000
   11.39694405  267.29598999    0.00000000    0.00000000
   11.39833355  262.38598633    0.00000000    0.00000000
   11.39972210  263.20901489    0.00000000    0.00000000
   11.40111065  276.87100220    0.00000000    0.00000000
   11.40249920  262.14999390    0.00000000    0.00000000
   11.40388870  259.45199585    0.00000000    0.00000000
   11.40527725  237.49099731    0.00000000    0.00000000
   11.40666676  277.33300781    0.00000000    0.00000000
   11.40805531  253.24400330    0.00000000    0.00000000
   11.40944386  248.54800415    0.00000000    0.00000000
   11.41083336  249.04200745    0.00000000    0.00000000
   11.41222191  271.57400513    0.00000000    0.00000000
   11.41361046  239.10000610    0.00000000    0.00000000
   11.41499996  269.98498535    0.00000000    0.00000000
   11.41638851  243.17799377    0.00000000    0.00000000
   11.41777802  259.98199463    0.00000000    0.00000000
   11.41916656  240.50999451    0.00000000    0.00000000
   11.42055607  278.32598877    0.00000000    0.00000000
   11.42194462  274.45700073    0.00000000    0.00000000
   11.42333412  271.66900635    0.00000000    0.00000000
   11.42472267  254.10000610    0.00000000    0.00000000
   11.42611122  244.63099670    0.00000000    0.00000000
   11.42750072  271.76300049    0.00000000    0.00000000
   11.42888927  251.60800171    0.00000000    0.00000000
   11.43027782  243.51400757    0.00000000    0.00000000
   11.43166733  254.62800598    0.00000000    0.00000000
   11.43305588  241.45700073    0.00000000    0.00000000
   11.43444443  248.02000427    0.00000000    0.00000000
   11.43583298  232.50700378    0.00000000    0.00000000
   11.43722248  238.17300415    0.00000000    0.00000000
   11.43861103  235.66700745    0.00000000    0.00000000
   11.44000053  252.80900574    0.00000000    0.00000000
   11.44138908  261.36099243    0.00000000    0.00000000
   11.44277763  258.24700928    0.00000000    0.00000000
   11.44416714  259.15798950    0.00000000    0.00000000
   11.44555569  232.22300720    0.00000000    0.00000000
   11.44694424  250.46600342    0.00000000    0.00000000
   11.44833374  235.58599854    0.00000000    0.00000000
   11.44972229  236.30700684    0.00000000    0.00000000
   11.45111084  244.02400208    0.00000000    0.00000000
   11.45249939  253.50799561    0.00000000    0.00000000
   11.45388889  250.21000671    0.00000000    0.00000000
   11.45527744  253.45300293    0.00000000    0.00000000
   11.45666695  235.94000244    0.00000000    0.00000000
   11.45805550  250.17199707    0.00000000    0.00000000
   11.45944405  251.37500000    0.00000000    0.00000000
   11.46083355  239.42199707    0.00000000    0.00000000
   11.46222210  249.15800476    0.00000000    0.00000000
   11.46361065  248.91000366    0.00000000    0.00000000
   11.46500015  243.03599548    0.00000000    0.00000000
   11.46638870  234.71699524    0.00000000    0.00000000
   11.46777725  234.99200439    0.00000000    0.00000000
   11.46916580  238.28399658    0.00000000    0.00000000
   11.47055531  270.39801025    0.00000000    0.00000000
   11.47194386  225.41299438    0.00000000    0.00000000
   11.47333336  214.38800049    0.00000000    0.00000000
   11.47361088  244.77099609    0.00000000    0.00000000
   11.47361088  253.89100647    0.00000000    0.00000000
   11.47361088  257.19198608    0.00000000    0.00000000
   11.47361088  264.90301514    0.00000000    0.00000000
   11.47361088  278.91400146    0.00000000    0.00000000
   11.47361088  279.63299561    0.00000000    0.00000000
   11.47361088  313.54400635    0.00000000    0.00000000
   11.47361088  245.73399353    0.00000000    0.00000000
   11.47361088  217.39999390    0.00000000    0.00000000
   11.47388840  237.29899597    0.00000000    0.00000000
   11.47666645  242.09100342    0.00000000    0.00000000
   11.47999954  244.19799805    0.00000000    0.00000000
   11.48305511  241.04100037    0.00000000    0.00000000
   11.48611164  223.74499512    0.00000000    0.00000000
   11.48916721  234.92399597    0.00000000    0.00000000
   11.49388885  234.92399597    0.00000000    0.00000000
   11.49777794  233.97999573    0.00000000    0.00000000
   11.50083351  228.11300659    0.00000000    0.00000000
   11.50388908  230.70700073    0.00000000    0.00000000
   11.50694466  219.61700439    0.00000000    0.00000000
   11.50694466  225.26499939    0.00000000    0.00000000
   11.51027775  245.63299561    0.00000000    0.00000000
   11.51333332  234.70899963    0.00000000    0.00000000
   11.51638889  230.12500000    0.00000000    0.00000000
   11.51944447  215.60299683    0.00000000    0.00000000
   11.52250004  224.63200378    0.00000000    0.00000000
   11.52555561  216.48100281    0.00000000    0.00000000
   11.52861118  197.64999390    0.00000000    0.00000000
   11.53194427  213.78199768    0.00000000    0.00000000
   11.53666687  213.78199768    0.00000000    0.00000000
   11.54055595  249.52000427    0.00000000    0.00000000
   11.54361153  217.33099365    0.00000000    0.00000000
   11.54666710  225.03500366    0.00000000    0.00000000
   11.55000019  214.66900635    0.00000000    0.00000000
   11.55305576  232.50599670    0.00000000    0.00000000
   11.55611134  222.44200134    0.00000000    0.00000000
   11.55916691  211.07499695    0.00000000    0.00000000
   11.56222248  219.30200195    0.00000000    0.00000000
   11.56527805  217.97900391    0.00000000    0.00000000
   11.56833363  214.51300049    0.00000000    0.00000000
   11.57166672  233.53900146    0.00000000    0.00000000
   11.57361126  227.06300354    0.00000000    0.00000000
   11.57472229  211.69999695    0.00000000    0.00000000
   11.57972240  211.69999695    0.00000000    0.00000000
   11.58333302  216.08200073    0.00000000    0.00000000
   11.58666611  212.94900513    0.00000000    0.00000000
   11.58972168  184.20500183    0.00000000    0.00000000
   11.59277725  205.90800476    0.00000000    0.00000000
   11.59583282  228.47000122    0.00000000    0.00000000
   11.59888840  209.46499634    0.00000000    0.00000000
   11.60194492  215.72500610    0.00000000    0.00000000
   11.60500050  196.11599731    0.00000000    0.00000000
   11.60694504  205.22999573    0.00000000    0.00000000
   11.60833359  208.87600708    0.00000000    0.00000000
   11.61138916  191.30400085    0.00000000    0.00000000
   11.61444473  206.54600525    0.00000000    0.00000000
   11.61750031  205.00900269    0.00000000    0.00000000
   11.62250042  205.00900269    0.00000000    0.00000000
   11.62638855  199.45399475    0.00000000    0.00000000
   11.62944412  195.60400391    0.00000000    0.00000000
   11.63249969  202.81500244    0.00000000    0.00000000
   11.63555527  176.07499695    0.00000000    0.00000000
   11.63861084  197.94400024    0.00000000    0.00000000
   11.64027786  203.32000732    0.00000000    0.00000000
   11.64194393  190.65100098    0.00000000    0.00000000
   11.64499950  188.93299866    0.00000000    0.00000000
   11.64805508  203.59599304    0.00000000    0.00000000
   11.65111065  201.17799377    0.00000000    0.00000000
   11.65416622  194.46200562    0.00000000    0.00000000
   11.65722179  190.32400513    0.00000000    0.00000000
   11.66027737  192.08799744    0.00000000    0.00000000
   11.66527748  192.08799744    0.00000000    0.00000000
   11.66916656  187.44900513    0.00000000    0.00000000
   11.67222214  198.91299438    0.00000000    0.00000000
   11.67361164  194.14399719    0.00000000    0.00000000
   11.67555618  178.17300415    0.00000000    0.00000000
   11.67861176  163.08500671    0.00000000    0.00000000
   11.68166733  179.24200439    0.00000000    0.00000000
   11.68472195  183.37899780    0.00000000    0.00000000
   11.68777752  181.54499817    0.00000000    0.00000000
   11.69083309  177.22099304    0.00000000    0.00000000
   11.69388866  191.32400513    0.00000000    0.00000000
   11.69722271  180.84700012    0.00000000    0.00000000
   11.70027733  191.15199280    0.00000000    0.00000000
   11.70333290  173.34500122    0.00000000    0.00000000
   11.70805550  173.34500122    0.00000000    0.00000000
   11.71194458  163.83200073    0.00000000    0.00000000
   11.71500015  187.99000549    0.00000000    0.00000000
   11.71805477  193.26499939    0.00000000    0.00000000
   11.72138882  191.19500732    0.00000000    0.00000000
   11.72444439  177.31599426    0.00000000    0.00000000
   11.72749996  192.29499817    0.00000000    0.00000000
   11.73055553  192.84700012    0.00000000    0.00000000
   11.73361111  182.74400330    0.00000000    0.00000000
   11.73666668  186.28399658    0.00000000    0.00000000
   11.74000072  186.83099365    0.00000000    0.00000000
   11.74027824  190.00199890    0.00000000    0.00000000
   11.74305534  181.13499451    0.00000000    0.00000000
   11.74611092  185.80599976    0.00000000    0.00000000
   11.75111103  185.80599976    0.00000000    0.00000000
   11.75500011  189.03300476    0.00000000    0.00000000
   11.75805569  173.87699890    0.00000000    0.00000000
   11.76111126  180.62899780    0.00000000    0.00000000
   11.76416683  181.59399414    0.00000000    0.00000000
   11.76722240  205.63900757    0.00000000    0.00000000
   11.77055550  194.97500610    0.00000000    0.00000000
   11.77361107  187.08500671    0.00000000    0.00000000
   11.77361107  185.32699585    0.00000000    0.00000000
   11.77666664  188.35499573    0.00000000    0.00000000
   11.77972221  188.85899353    0.00000000    0.00000000
   11.78277779  181.20899963    0.00000000    0.00000000
   11.78611183  177.96000671    0.00000000    0.00000000
   11.78916740  189.87100220    0.00000000    0.00000000
   11.79388905  189.87100220    0.00000000    0.00000000
   11.79777813  181.63499451    0.00000000    0.00000000
   11.80083370  193.69200134    0.00000000    0.00000000
   11.80388927  172.76199341    0.00000000    0.00000000
   11.80694485  176.67100525    0.00000000    0.00000000
   11.80722237  171.48699951    0.00000000    0.00000000
   11.81000042  188.07699585    0.00000000    0.00000000
   11.81305599  184.78900146    0.00000000    0.00000000
   11.81638908  192.75199890    0.00000000    0.00000000
   11.81944466  193.91000366    0.00000000    0.00000000
   11.82250023  194.64700317    0.00000000    0.00000000
   11.82555580  189.25700378    0.00000000    0.00000000
   11.82861137  194.36999512    0.00000000    0.00000000
   11.83166695  193.86199951    0.00000000    0.00000000
   11.83666611  193.86199951    0.00000000    0.00000000
   11.84055519  180.90400696    0.00000000    0.00000000
   11.84361076  185.13699341    0.00000000    0.00000000
   11.84666634  199.02200317    0.00000000    0.00000000
   11.84972191  172.71899414    0.00000000    0.00000000
   11.85305595  188.98100281    0.00000000    0.00000000
   11.85611153  183.78700256    0.00000000    0.00000000
   11.85916710  186.09899902    0.00000000    0.00000000
   11.86222267  186.78900146    0.00000000    0.00000000
   11.86527824  175.48699951    0.00000000    0.00000000
   11.86833382  173.03100586    0.00000000    0.00000000
   11.87166691  175.35699463    0.00000000    0.00000000
   11.87388897  185.48399353    0.00000000    0.00000000
   11.87472248  185.20100403    0.00000000    0.00000000
   11.87944412  185.20100403    0.00000000    0.00000000
   11.88333321  156.46000671    0.00000000    0.00000000
   11.88638878  180.69099426    0.00000000    0.00000000
   11.88972187  170.46699524    0.00000000    0.00000000
   11.89277744  173.22200012    0.00000000    0.00000000
   11.89583302  179.44000244    0.00000000    0.00000000
   11.89888859  180.03399658    0.00000000    0.00000000
   11.90194416  164.87100220    0.00000000    0.00000000
   11.90499973  175.21800232    0.00000000    0.00000000
   11.90722179  175.97599792    0.00000000    0.00000000
   11.90805531  179.52099609    0.00000000    0.00000000
   11.91138840  185.55099487    0.00000000    0.00000000
   11.91444397  182.80299377    0.00000000    0.00000000
   11.91750050  153.24499512    0.00000000    0.00000000
   11.92250061  153.24499512    0.00000000    0.00000000
   11.92638874  184.61300659    0.00000000    0.00000000
   11.92944431  223.80700684    0.00000000    0.00000000
   11.93249989  174.91099548    0.00000000    0.00000000
   11.93555546  181.90199280    0.00000000    0.00000000
   11.93861103  173.25900269    0.00000000    0.00000000
   11.94055557  166.85600281    0.00000000    0.00000000
   11.94166660  176.12699890    0.00000000    0.00000000
   11.94472218  166.25999451    0.00000000    0.00000000
   11.94805527  173.49899292    0.00000000    0.00000000
   11.95111084  176.41099548    0.00000000    0.00000000
   11.95416641  174.32200623    0.00000000    0.00000000
   11.95722198  165.11300659    0.00000000    0.00000000
   11.96027756  179.94700623    0.00000000    0.00000000
   11.96527767  179.94700623    0.00000000    0.00000000
   11.96916580  163.07699585    0.00000000    0.00000000
   11.97222137  175.63200378    0.00000000    0.00000000
   11.97388840  169.58200073    0.00000000    0.00000000
   11.97527695  160.52400208    0.00000000    0.00000000
   11.97833252  174.22900391    0.00000000    0.00000000
   11.98138809  188.57200623    0.00000000    0.00000000
   11.98472214  178.53599548    0.00000000    0.00000000
   11.98777771  201.81900024    0.00000000    0.00000000
   11.99083328  195.69099426    0.00000000    0.00000000
   11.99388885  187.79200745    0.00000000    0.00000000
   11.99694443  188.77000427    0.00000000    0.00000000
   12.00000000  178.17300415    0.00000000    0.00000000
   12.00305557  206.66799927    0.00000000    0.00000000
   12.00805569  206.66799927    0.00000000    0.00000000
   12.01194477  193.44099426    0.00000000    0.00000000
   12.01500034  184.08399963    0.00000000    0.00000000
   12.01805496  185.10499573    0.00000000    0.00000000
   12.02138901  201.46800232    0.00000000    0.00000000
   12.02444458  191.40199280    0.00000000    0.00000000
   12.02750015  196.19599915    0.00000000    0.00000000
   12.03055573  184.92500305    0.00000000    0.00000000
   12.03361130  205.32299805    0.00000000    0.00000000
   12.03666687  187.73899841    0.00000000    0.00000000
   12.03972244  197.63200378    0.00000000    0.00000000
   12.04055595  171.75199890    0.00000000    0.00000000
   12.04305553  188.13200378    0.00000000    0.00000000
   12.04611111  209.09399414    0.00000000    0.00000000
   12.05111122  209.09399414    0.00000000    0.00000000
   12.05472279  203.13200378    0.00000000    0.00000000
   12.05805588  211.20100403    0.00000000    0.00000000
   12.06111145  209.62899780    0.00000000    0.00000000
   12.06416702  195.20700073    0.00000000    0.00000000
   12.06722260  195.75599670    0.00000000    0.00000000
   12.07027817  186.02000427    0.00000000    0.00000000
   12.07333374  193.56900024    0.00000000    0.00000000
   12.07388878  190.53999329    0.00000000    0.00000000
   12.07638836  190.23399353    0.00000000    0.00000000
   12.07972240  205.27900696    0.00000000    0.00000000
   12.08277798  211.94799805    0.00000000    0.00000000
   12.08583260  198.07899475    0.00000000    0.00000000
   12.08888817  194.09399414    0.00000000    0.00000000
   12.09388828  194.09399414    0.00000000    0.00000000
   12.09777737  187.39599609    0.00000000    0.00000000
   12.10083389  197.15499878    0.00000000    0.00000000
   12.10388947  192.08599854    0.00000000    0.00000000
   12.10694504  179.70399475    0.00000000    0.00000000
   12.10722256  199.01600647    0.00000000    0.00000000
   12.11000061  196.18600464    0.00000000    0.00000000
   12.11305618  197.76800537    0.00000000    0.00000000
   12.11638927  196.47500610    0.00000000    0.00000000
   12.11944485  199.56399536    0.00000000    0.00000000
   12.12250042  184.58999634    0.00000000    0.00000000
   12.14333344  184.58999634    0.00000000    0.00000000
   12.14722252  184.08000183    0.00000000    0.00000000
   12.15027714  178.53599548    0.00000000    0.00000000
   12.15333271  177.69599915    0.00000000    0.00000000
   12.15638828  189.75700378    0.00000000    0.00000000
   12.15944386  179.55299377    0.00000000    0.00000000
   12.16277695  194.02099609    0.00000000    0.00000000
   12.16583252  190.38000488    0.00000000    0.00000000
   12.16888905  182.94200134    0.00000000    0.00000000
   12.17194462  190.10400391    0.00000000    0.00000000
   12.17416668  188.23199463    0.00000000    0.00000000
   12.17500019  183.55499268    0.00000000    0.00000000
   12.17833328  190.66099548    0.00000000    0.00000000
   12.18138885  195.24499512    0.00000000    0.00000000
   12.18611145  195.24499512    0.00000000    0.00000000
   12.19000053  196.21000671    0.00000000    0.00000000
   12.29861164   -1.00000000   -1.00000000   -1.00000000
   12.39388847   -1.00000000   -1.00000000   -1.00000000
   12.49555588   -1.00000000   -1.00000000   -1.00000000
   12.51861095  108.05999756    0.00000000    0.00000000
   12.52194405  185.62300110    0.00000000    0.00000000
   12.52499962  177.95399475    0.00000000    0.00000000
   12.52805519  171.23599243    0.00000000    0.00000000
   12.53111076  180.51100159    0.00000000    0.00000000
   12.53416729  167.91799927    0.00000000    0.00000000
   12.53888893  167.91799927    0.00000000    0.00000000
   12.54277802  190.44700623    0.00000000    0.00000000
   12.54611111  179.60299683    0.00000000    0.00000000
   12.54916668  187.91299438    0.00000000    0.00000000
   12.55194473  194.85099792    0.00000000    0.00000000
   12.55222225  178.30499268    0.00000000    0.00000000
   12.55527782  179.05299377    0.00000000    0.00000000
   12.55833340  180.59199524    0.00000000    0.00000000
   12.56138897  172.39300537    0.00000000    0.00000000
   12.56444454  160.13400269    0.00000000    0.00000000
   12.56777763  183.22700500    0.00000000    0.00000000
   12.57083321  182.22200012    0.00000000    0.00000000
   12.57388878  190.51400757    0.00000000    0.00000000
   12.57694435  182.32800293    0.00000000    0.00000000
   12.58194447  182.32800293    0.00000000    0.00000000
   12.58583260  184.77400208    0.00000000    0.00000000
   12.58888817  181.96600342    0.00000000    0.00000000
   12.59194374  184.39900208    0.00000000    0.00000000
   12.59499931  196.67900085    0.00000000    0.00000000
   12.59805489  191.56900024    0.00000000    0.00000000
   12.60111141  189.94299316    0.00000000    0.00000000
   12.60444450  173.59300232    0.00000000    0.00000000
   12.60750008  190.49299622    0.00000000    0.00000000
   12.61055565  178.30200195    0.00000000    0.00000000
   12.61361122  185.98300171    0.00000000    0.00000000
   12.61666679  170.19500732    0.00000000    0.00000000
   12.61861134  180.81100464    0.00000000    0.00000000
   12.61972237  170.53500366    0.00000000    0.00000000
   12.62472248  170.53500366    0.00000000    0.00000000
   12.62861156  170.12100220    0.00000000    0.00000000
   12.63166714  168.73599243    0.00000000    0.00000000
   12.63472176  177.60600281    0.00000000    0.00000000
   12.63777733  156.41299438    0.00000000    0.00000000
   12.64083290  163.52299500    0.00000000    0.00000000
   12.64416695  168.75000000    0.00000000    0.00000000
   12.64722252  175.29299927    0.00000000    0.00000000
   12.65027714  170.12399292    0.00000000    0.00000000
   12.65194416  157.66900635    0.00000000    0.00000000
   12.65333271  178.83399963    0.00000000    0.00000000
   12.65638828  158.33799744    0.00000000    0.00000000
   12.65944386  164.64500427    0.00000000    0.00000000
   12.66277695  171.94999695    0.00000000    0.00000000
   12.66750050  171.94999695    0.00000000    0.00000000
   12.67138958  177.59399414    0.00000000    0.00000000
   12.67444515  158.57099915    0.00000000    0.00000000
   12.67750072  178.00199890    0.00000000    0.00000000
   12.68083382  173.41600037    0.00000000    0.00000000
   12.68388939  178.67199707    0.00000000    0.00000000
   12.68527794  177.17599487    0.00000000    0.00000000
   12.68694496  179.87800598    0.00000000    0.00000000
   12.69000053  185.53500366    0.00000000    0.00000000
   12.69305515  190.44000244    0.00000000    0.00000000
   12.69611073  187.78900146    0.00000000    0.00000000
   12.69944477  181.95799255    0.00000000    0.00000000
   12.70249939  195.60099792    0.00000000    0.00000000
   12.70555496  175.93099976    0.00000000    0.00000000
   12.71055508  175.93099976    0.00000000    0.00000000
   12.71416664  177.99299622    0.00000000    0.00000000
   12.71749973  190.59399414    0.00000000    0.00000000
   12.71861076  184.73800659    0.00000000    0.00000000
   12.72055531  182.09100342    0.00000000    0.00000000
   12.72361088  190.17399597    0.00000000    0.00000000
   12.72666645  189.38900757    0.00000000    0.00000000
   12.72972202  191.45799255    0.00000000    0.00000000
   12.73305511  181.08000183    0.00000000    0.00000000
   12.73611164  188.33200073    0.00000000    0.00000000
   12.73916721  190.48699951    0.00000000    0.00000000
   12.74222279  188.24499512    0.00000000    0.00000000
   12.74527836  191.77000427    0.00000000    0.00000000
   12.74833393  203.08099365    0.00000000    0.00000000
   12.75333309  203.08099365    0.00000000    0.00000000
   12.75722218  183.80499268    0.00000000    0.00000000
   12.76027775  192.22999573    0.00000000    0.00000000
   12.76333332  200.13900757    0.00000000    0.00000000
   12.76638889  187.36300659    0.00000000    0.00000000
   12.76944447  189.00599670    0.00000000    0.00000000
   12.77250004  176.92199707    0.00000000    0.00000000
   12.77583313  190.13299561    0.00000000    0.00000000
   12.77888870  181.23899841    0.00000000    0.00000000
   12.78194427  184.07899475    0.00000000    0.00000000
   12.78500080  193.17900085    0.00000000    0.00000000
   12.78555584  180.20899963    0.00000000    0.00000000
   12.78805637  187.02200317    0.00000000    0.00000000
   12.79111195  173.48300171    0.00000000    0.00000000
   12.79611111  173.48300171    0.00000000    0.00000000
   12.80000019  193.42100525    0.00000000    0.00000000
   12.80305576  183.87199402    0.00000000    0.00000000
   12.80611134  191.53999329    0.00000000    0.00000000
   12.80916691  187.54400635    0.00000000    0.00000000
   12.81250000  190.31300354    0.00000000    0.00000000
   12.81555557  181.97900391    0.00000000    0.00000000
   12.81861115  183.05299377    0.00000000    0.00000000
   12.81888866  185.66999817    0.00000000    0.00000000
   12.82166672  186.28599548    0.00000000    0.00000000
   12.82472229  182.94400024    0.00000000    0.00000000
   12.82777786  173.03999329    0.00000000    0.00000000
   12.83111095  172.67799377    0.00000000    0.00000000
   12.83416653  173.70199585    0.00000000    0.00000000
   12.83888817  173.70199585    0.00000000    0.00000000
   12.84277725  189.87600708    0.00000000    0.00000000
   12.84583282  192.72399902    0.00000000    0.00000000
   12.84916592  170.25300598    0.00000000    0.00000000
   12.85222244  172.33099365    0.00000000    0.00000000
   12.85222244  175.87600708    0.00000000    0.00000000
   12.85527802  184.28199768    0.00000000    0.00000000
   12.85833359  177.37300110    0.00000000    0.00000000
   12.86138916  185.69000244    0.00000000    0.00000000
   12.86472225  171.67599487    0.00000000    0.00000000
   12.86777782  170.75500488    0.00000000    0.00000000
   12.87083340  187.64500427    0.00000000    0.00000000
   12.87388897  178.34100342    0.00000000    0.00000000
   12.87694454  187.86599731    0.00000000    0.00000000
   12.88194466  187.86599731    0.00000000    0.00000000
   12.88555527  176.38699341    0.00000000    0.00000000
   12.88888836  192.04699707    0.00000000    0.00000000
   12.89194393  191.02400208    0.00000000    0.00000000
   12.89499950  186.41400146    0.00000000    0.00000000
   12.89805508  188.17799377    0.00000000    0.00000000
   12.90111065  170.43099976    0.00000000    0.00000000
   12.90416622  175.20700073    0.00000000    0.00000000
   12.90749931  181.11300659    0.00000000    0.00000000
   12.91055489  183.34899902    0.00000000    0.00000000
   12.91361046  176.69799805    0.00000000    0.00000000
   12.91666698  182.88299561    0.00000000    0.00000000
   12.91888905  191.80499268    0.00000000    0.00000000
   12.91972256  183.48599243    0.00000000    0.00000000
   12.92472267  183.48599243    0.00000000    0.00000000
   12.92861176  192.20500183    0.00000000    0.00000000
   12.93166733  179.83500671    0.00000000    0.00000000
   12.93472195  183.00399780    0.00000000    0.00000000
   12.93777752  189.14999390    0.00000000    0.00000000
   12.94083309  180.61500549    0.00000000    0.00000000
   12.94416714  188.51400757    0.00000000    0.00000000
   12.94722271  175.37899780    0.00000000    0.00000000
   12.95027733  180.92700195    0.00000000    0.00000000
   12.95222187  179.95100403    0.00000000    0.00000000
   12.95333290  180.72099304    0.00000000    0.00000000
   12.95638847  189.74600220    0.00000000    0.00000000
   12.95944405  184.29499817    0.00000000    0.00000000
   12.96277714  178.62899780    0.00000000    0.00000000
   12.96749973  178.62899780    0.00000000    0.00000000
   12.97138882  183.49000549    0.00000000    0.00000000
   12.97444439  193.63299561    0.00000000    0.00000000
   12.97749996  185.41499329    0.00000000    0.00000000
   12.98055553  190.60000610    0.00000000    0.00000000
   12.98388958  190.71400452    0.00000000    0.00000000
   12.98555565  196.60000610    0.00000000    0.00000000
   12.98694515  188.52099609    0.00000000    0.00000000
   12.99000072  187.64700317    0.00000000    0.00000000
   12.99305534  188.75999451    0.00000000    0.00000000
   12.99638939  183.08000183    0.00000000    0.00000000
   12.99944496  174.49699402    0.00000000    0.00000000
   13.00249958  176.90800476    0.00000000    0.00000000
   13.00555515  174.07000732    0.00000000    0.00000000
   13.01027775  174.07000732    0.00000000    0.00000000
   13.01416683  186.00399780    0.00000000    0.00000000
   13.01722240  171.64500427    0.00000000    0.00000000
   13.01888847  170.12100220    0.00000000    0.00000000
   13.02055550  184.57699585    0.00000000    0.00000000
   13.02361107  195.44200134    0.00000000    0.00000000
   13.02666664  177.15600586    0.00000000    0.00000000
   13.02972221  187.44099426    0.00000000    0.00000000
   13.03277779  188.05700684    0.00000000    0.00000000
   13.03583336  180.69299316    0.00000000    0.00000000
   13.03916740  178.63699341    0.00000000    0.00000000
   13.04222298  200.95300293    0.00000000    0.00000000
   13.04527855  198.62600708    0.00000000    0.00000000
   13.04833412  207.77900696    0.00000000    0.00000000
   13.05333328  207.77900696    0.00000000    0.00000000
   13.05722237  281.94100952    0.00000000    0.00000000
   13.06027794  263.53201294    0.00000000    0.00000000
   13.06333351  272.36801147    0.00000000    0.00000000
   13.06638908  266.69100952    0.00000000    0.00000000
   13.06944466  260.08300781    0.00000000    0.00000000
   13.07250023  239.16799927    0.00000000    0.00000000
   13.07555580  255.07899475    0.00000000    0.00000000
   13.07888889  279.22698975    0.00000000    0.00000000
   13.08194447  271.32699585    0.00000000    0.00000000
   13.08500004  242.84500122    0.00000000    0.00000000
   13.08555508  274.13598633    0.00000000    0.00000000
   13.08805561  280.35101318    0.00000000    0.00000000
   13.09111118  271.41400146    0.00000000    0.00000000
   13.09611034  271.41400146    0.00000000    0.00000000
   13.10000038  265.78799438    0.00000000    0.00000000
   13.10305595  237.30099487    0.00000000    0.00000000
   13.10611153  256.14801025    0.00000000    0.00000000
   13.10916710  253.60299683    0.00000000    0.00000000
   13.11222267  267.18301392    0.00000000    0.00000000
   13.11555576  245.06799316    0.00000000    0.00000000
   13.11861134  255.11000061    0.00000000    0.00000000
   13.11888885  260.88500977    0.00000000    0.00000000
   13.12166691  246.27600098    0.00000000    0.00000000
   13.12472248  255.97500610    0.00000000    0.00000000
   13.12777805  258.14999390    0.00000000    0.00000000
   13.13111115  261.97698975    0.00000000    0.00000000
   13.13416672  251.02600098    0.00000000    0.00000000
   13.13888836  251.02600098    0.00000000    0.00000000
   13.14277744  256.37701416    0.00000000    0.00000000
   13.14583302  259.73800659    0.00000000    0.00000000
   13.14888859  257.03399658    0.00000000    0.00000000
   13.15222168  207.80900574    0.00000000    0.00000000
   13.15222168  235.79899597    0.00000000    0.00000000
   13.15527725  244.76899719    0.00000000    0.00000000
   13.15833282  234.38499451    0.00000000    0.00000000
   13.16138840  234.79400635    0.00000000    0.00000000
   13.16444397  232.14799500    0.00000000    0.00000000
   13.16750050  210.42100525    0.00000000    0.00000000
   13.17055607  221.52499390    0.00000000    0.00000000
   13.17388916  209.71299744    0.00000000    0.00000000
   13.17694473  232.41900635    0.00000000    0.00000000
   13.18194485  232.41900635    0.00000000    0.00000000
   13.18555546  211.38000488    0.00000000    0.00000000
   13.18888855  205.05499268    0.00000000    0.00000000
   13.19194412  212.46299744    0.00000000    0.00000000
   13.19499969  233.18600464    0.00000000    0.00000000
   13.19805527  223.19999695    0.00000000    0.00000000
   13.20111084  198.15800476    0.00000000    0.00000000
   13.20416641  197.67300415    0.00000000    0.00000000
   13.20749950  222.84800720    0.00000000    0.00000000
   13.21055508  214.12800598    0.00000000    0.00000000
   13.21361065  223.61000061    0.00000000    0.00000000
   13.21666622  213.44799805    0.00000000    0.00000000
   13.21888828  219.09500122    0.00000000    0.00000000
   13.21972179  203.05900574    0.00000000    0.00000000
   13.22472191  203.05900574    0.00000000    0.00000000
   13.22861099  202.06399536    0.00000000    0.00000000
   13.23166656  173.61999512    0.00000000    0.00000000
   13.23472214  197.38299561    0.00000000    0.00000000
   13.23777771  197.53500366    0.00000000    0.00000000
   13.24083328  194.89100647    0.00000000    0.00000000
   13.24388885  181.85000610    0.00000000    0.00000000
   13.24722290  206.38699341    0.00000000    0.00000000
   13.25027752  213.43600464    0.00000000    0.00000000
   13.25222206  214.71299744    0.00000000    0.00000000
   13.25333309  206.97700500    0.00000000    0.00000000
   13.25638866  215.21000671    0.00000000    0.00000000
   13.25944424  209.11199951    0.00000000    0.00000000
   13.26249981  204.49499512    0.00000000    0.00000000
   13.26749992  204.49499512    0.00000000    0.00000000
   13.27138901  209.40499878    0.00000000    0.00000000
   13.27444458  202.75199890    0.00000000    0.00000000
   13.27750015  190.21800232    0.00000000    0.00000000
   13.28055573  192.36300659    0.00000000    0.00000000
   13.28361130  189.80000305    0.00000000    0.00000000
   13.28555584  192.38200378    0.00000000    0.00000000
   13.28694534  187.63900757    0.00000000    0.00000000
   13.29000092  201.70399475    0.00000000    0.00000000
   13.29305553  201.21499634    0.00000000    0.00000000
   13.29611111  199.56399536    0.00000000    0.00000000
   13.29916668  183.28500366    0.00000000    0.00000000
   13.30222225  195.52900696    0.00000000    0.00000000
   13.30555534  183.58399963    0.00000000    0.00000000
   13.31027794  183.58399963    0.00000000    0.00000000
   13.31416702  196.06199646    0.00000000    0.00000000
   13.31750011  197.67700195    0.00000000    0.00000000
   13.31888866  186.74400330    0.00000000    0.00000000
   13.32055569  194.99699402    0.00000000    0.00000000
   13.32361126  185.18499756    0.00000000    0.00000000
   13.32666683  198.70199585    0.00000000    0.00000000
   13.32972240  193.26300049    0.00000000    0.00000000
   13.33277798  175.28599548    0.00000000    0.00000000
   13.33583260  196.30299377    0.00000000    0.00000000
   13.33916664  197.55400085    0.00000000    0.00000000
   13.34222221  179.87699890    0.00000000    0.00000000
   13.34527779  185.47700500    0.00000000    0.00000000
   13.34833336  175.47099304    0.00000000    0.00000000
   13.35333347  175.47099304    0.00000000    0.00000000
   13.35722256  181.97099304    0.00000000    0.00000000
   13.36027813  174.13600159    0.00000000    0.00000000
   13.36333370  164.77799988    0.00000000    0.00000000
   13.36638927  181.50300598    0.00000000    0.00000000
   13.36944485  172.88000488    0.00000000    0.00000000
   13.37250042  189.20199585    0.00000000    0.00000000
   13.37555599  190.14399719    0.00000000    0.00000000
   13.37888908  177.91600037    0.00000000    0.00000000
   13.38194466  170.46000671    0.00000000    0.00000000
   13.38500023  158.02999878    0.00000000    0.00000000
   13.38555527  157.25199890    0.00000000    0.00000000
   13.38805580  169.49899292    0.00000000    0.00000000
   13.39111137  154.44999695    0.00000000    0.00000000
   13.39611053  154.44999695    0.00000000    0.00000000
   13.39999962  176.84800720    0.00000000    0.00000000
   13.40305519  188.12800598    0.00000000    0.00000000
   13.40611076  183.47599792    0.00000000    0.00000000
   13.48249912  167.38200378    0.00000000    0.00000000
   13.48555565  165.94000244    0.00000000    0.00000000
   13.48861122  164.08399963    0.00000000    0.00000000
   13.49194431  177.10099792    0.00000000    0.00000000
   13.49499989  168.20700073    0.00000000    0.00000000
   13.49805546  170.16099548    0.00000000    0.00000000
   13.50277805  170.16099548    0.00000000    0.00000000
   13.50666714  166.73399353    0.00000000    0.00000000
   13.50972176  169.93400574    0.00000000    0.00000000
   13.51277733  177.09399414    0.00000000    0.00000000
   13.51583290  172.37199402    0.00000000    0.00000000
   13.51611137  178.14700317    0.00000000    0.00000000
   13.51916599  170.23100281    0.00000000    0.00000000
   13.52222157  175.44299316    0.00000000    0.00000000
   13.52527714  179.92700195    0.00000000    0.00000000
   13.52833271  165.86900330    0.00000000    0.00000000
   13.53138828  173.96200562    0.00000000    0.00000000
   13.53444481  169.47799683    0.00000000    0.00000000
   13.53777790  165.16799927    0.00000000    0.00000000
   13.54083347  172.72000122    0.00000000    0.00000000
   13.54583359  172.72000122    0.00000000    0.00000000
   13.54944515  175.55400085    0.00000000    0.00000000
   13.55277824  173.68200684    0.00000000    0.00000000
   13.55583382  165.93299866    0.00000000    0.00000000
   13.55888939  170.71800232    0.00000000    0.00000000
   13.56194496  165.23599243    0.00000000    0.00000000
   13.56500053  170.72500610    0.00000000    0.00000000
   13.56805515  164.08200073    0.00000000    0.00000000
   13.57111073  173.63200378    0.00000000    0.00000000
   13.57444477  161.24800110    0.00000000    0.00000000
   13.57750034  162.95100403    0.00000000    0.00000000
   13.58055592  180.77799988    0.00000000    0.00000000
   13.58249950  170.36199951    0.00000000    0.00000000
   13.58361053  175.75799561    0.00000000    0.00000000
   13.58861065  175.75799561    0.00000000    0.00000000
   13.59249973  177.57899475    0.00000000    0.00000000
   13.59555531  175.38699341    0.00000000    0.00000000
   13.59861088  175.41200256    0.00000000    0.00000000
   13.60166740  160.44299316    0.00000000    0.00000000
   13.60472298  171.35000610    0.00000000    0.00000000
   13.60777855  176.50500488    0.00000000    0.00000000
   13.61083412  172.92100525    0.00000000    0.00000000
   13.61416721  177.39700317    0.00000000    0.00000000
   13.61583328  168.05299377    0.00000000    0.00000000
   13.61722279  168.92900085    0.00000000    0.00000000
   13.62027836  164.71299744    0.00000000    0.00000000
   13.62333393  177.93600464    0.00000000    0.00000000
   13.62638855  177.37500000    0.00000000    0.00000000
   13.63138866  177.37500000    0.00000000    0.00000000
   13.63527775  163.03100586    0.00000000    0.00000000
   13.63833332  178.66900635    0.00000000    0.00000000
   13.64138889  174.26600647    0.00000000    0.00000000
   13.64444447  184.85899353    0.00000000    0.00000000
   13.64750004  178.59800720    0.00000000    0.00000000
   13.64916611  169.01600647    0.00000000    0.00000000
   13.65083313  175.60200500    0.00000000    0.00000000
   13.65388870  181.47799683    0.00000000    0.00000000
   13.65694427  185.55000305    0.00000000    0.00000000
   13.65999985  173.72799683    0.00000000    0.00000000
   13.66305542  178.50700378    0.00000000    0.00000000
   13.66611099  180.17599487    0.00000000    0.00000000
   13.66944504  171.71800232    0.00000000    0.00000000
   13.67416668  171.71800232    0.00000000    0.00000000
   13.67805576  172.83999634    0.00000000    0.00000000
   13.68111134  178.66600037    0.00000000    0.00000000
   13.68249989  162.65400696    0.00000000    0.00000000
   13.68444443  169.76199341    0.00000000    0.00000000
   13.68750000  169.94299316    0.00000000    0.00000000
   13.69055557  167.89500427    0.00000000    0.00000000
   13.69361115  174.07699585    0.00000000    0.00000000
   13.69666672  175.35200500    0.00000000    0.00000000
   13.69972229  162.11099243    0.00000000    0.00000000
   13.70305538  177.60600281    0.00000000    0.00000000
   13.70611095  179.26199341    0.00000000    0.00000000
   13.70916653  149.50199890    0.00000000    0.00000000
   13.71222210  185.06399536    0.00000000    0.00000000
   13.71694374  185.06399536    0.00000000    0.00000000
   13.72083282  163.71200562    0.00000000    0.00000000
   13.72388840  167.51499939    0.00000000    0.00000000
   13.72722149  162.57099915    0.00000000    0.00000000
   13.73027706  173.13900757    0.00000000    0.00000000
   13.73333359  161.43600464    0.00000000    0.00000000
   13.73638916  172.06399536    0.00000000    0.00000000
   13.73944473  184.31599426    0.00000000    0.00000000
   13.74250031  174.59199524    0.00000000    0.00000000
   13.74583340  191.12600708    0.00000000    0.00000000
   13.74888897  160.40100098    0.00000000    0.00000000
   13.74916649  187.00999451    0.00000000    0.00000000
   13.75194454  173.29800415    0.00000000    0.00000000
   13.75500011  168.48199463    0.00000000    0.00000000
   13.76000023  168.48199463    0.00000000    0.00000000
   13.76388931  167.49899292    0.00000000    0.00000000
   13.76694393  177.45100403    0.00000000    0.00000000
   13.76999950  167.91999817    0.00000000    0.00000000
   13.77305508  178.37300110    0.00000000    0.00000000
   13.77611065  181.18200684    0.00000000    0.00000000
   13.77916622  178.38800049    0.00000000    0.00000000
   13.78249931  165.25999451    0.00000000    0.00000000
   13.78249931  163.68699646    0.00000000    0.00000000
   13.78555584  176.36300659    0.00000000    0.00000000
   13.78861141  175.74000549    0.00000000    0.00000000
   13.79166698  173.38999939    0.00000000    0.00000000
   13.79472256  178.61700439    0.00000000    0.00000000
   13.79777813  169.77400208    0.00000000    0.00000000
   13.80277824  169.77400208    0.00000000    0.00000000
   13.80666733  167.97500610    0.00000000    0.00000000
   13.80972195  162.37500000    0.00000000    0.00000000
   13.81277752  164.82899475    0.00000000    0.00000000
   13.81583309  171.28300476    0.00000000    0.00000000
   13.81611156  175.95700073    0.00000000    0.00000000
   13.81916618  170.97799683    0.00000000    0.00000000
   13.82222176  166.47399902    0.00000000    0.00000000
   13.82527733  164.81500244    0.00000000    0.00000000
   13.82833290  175.26100159    0.00000000    0.00000000
   13.83138847  164.44500732    0.00000000    0.00000000
   13.83472157  164.72700500    0.00000000    0.00000000
   13.83777714  169.30599976    0.00000000    0.00000000
   13.84083271  164.58900452    0.00000000    0.00000000
   13.84555531  164.58900452    0.00000000    0.00000000
   13.84944439  179.21299744    0.00000000    0.00000000
   13.85249996  166.52600098    0.00000000    0.00000000
   13.85555553  158.01100159    0.00000000    0.00000000
   13.85888958  168.10800171    0.00000000    0.00000000
   13.86194515  159.41299438    0.00000000    0.00000000
   13.86500072  182.09199524    0.00000000    0.00000000
   13.86805534  179.22399902    0.00000000    0.00000000
   13.87111092  173.74499512    0.00000000    0.00000000
   13.87416649  174.81500244    0.00000000    0.00000000
   13.87750053  171.34599304    0.00000000    0.00000000
   13.88055611  184.81500244    0.00000000    0.00000000
   13.88249969  176.71499634    0.00000000    0.00000000
   13.88361073  185.14300537    0.00000000    0.00000000
   13.88861084  185.14300537    0.00000000    0.00000000
   13.89222240  178.46699524    0.00000000    0.00000000
   13.89555550  181.07299805    0.00000000    0.00000000
   13.89861107  172.02400208    0.00000000    0.00000000
   13.90166664  174.87800598    0.00000000    0.00000000
   13.90472221  183.09399414    0.00000000    0.00000000
   13.90777779  168.37600708    0.00000000    0.00000000
   13.91083336  167.39300537    0.00000000    0.00000000
   13.91416645  176.87199402    0.00000000    0.00000000
   13.91583252  172.29200745    0.00000000    0.00000000
   13.91722298  180.30700684    0.00000000    0.00000000
   13.92027855  173.89399719    0.00000000    0.00000000
   13.92333412  175.03700256    0.00000000    0.00000000
   13.92638874  190.12699890    0.00000000    0.00000000
   13.93138885  190.12699890    0.00000000    0.00000000
   13.93527794  182.82800293    0.00000000    0.00000000
   13.93833351  174.33700562    0.00000000    0.00000000
   13.94138908  168.85099792    0.00000000    0.00000000
   13.94444466  168.97399902    0.00000000    0.00000000
   13.94750023  170.98300171    0.00000000    0.00000000
   13.94916630  167.97399902    0.00000000    0.00000000
   13.95083332  177.96499634    0.00000000    0.00000000
   13.95388889  158.02099609    0.00000000    0.00000000
   13.95694447  165.48399353    0.00000000    0.00000000
   13.96000004  166.04200745    0.00000000    0.00000000
   13.96305561  175.24899292    0.00000000    0.00000000
   13.96638870  164.00300598    0.00000000    0.00000000
   13.96944427  171.19500732    0.00000000    0.00000000
   13.97416592  171.19500732    0.00000000    0.00000000
   13.97805500  147.84500122    0.00000000    0.00000000
   13.98111057  175.70799255    0.00000000    0.00000000
   13.98249912  157.16600037    0.00000000    0.00000000
   13.98416710  168.61300659    0.00000000    0.00000000
   13.98750019  167.94900513    0.00000000    0.00000000
   13.99055576  170.12100220    0.00000000    0.00000000
   13.99361134  174.32499695    0.00000000    0.00000000
   13.99666691  166.18299866    0.00000000    0.00000000
   13.99972248  172.74099731    0.00000000    0.00000000
   14.00277805  179.85800171    0.00000000    0.00000000
   14.00611115  165.48800659    0.00000000    0.00000000
   14.00916672  171.23699951    0.00000000    0.00000000
   14.01222229  172.89700317    0.00000000    0.00000000
   14.01694393  172.89700317    0.00000000    0.00000000
   14.02083302  167.41099548    0.00000000    0.00000000
   14.02388859  153.29800415    0.00000000    0.00000000
   14.02722168  159.54499817    0.00000000    0.00000000
   14.03027725  182.61300659    0.00000000    0.00000000
   14.03333378  170.65400696    0.00000000    0.00000000
   14.03638935  177.93499756    0.00000000    0.00000000
   14.03944492  170.99699402    0.00000000    0.00000000
   14.04250050  171.70700073    0.00000000    0.00000000
   14.04555607  163.41799927    0.00000000    0.00000000
   14.04888916  162.49000549    0.00000000    0.00000000
   14.04916668  167.62600708    0.00000000    0.00000000
   14.05194473  174.01699829    0.00000000    0.00000000
   14.05500031  162.81900024    0.00000000    0.00000000
   14.06000042  162.81900024    0.00000000    0.00000000
   14.06361103  164.40699768    0.00000000    0.00000000
   14.06694412  173.04400635    0.00000000    0.00000000
   14.06999969  160.87100220    0.00000000    0.00000000
   14.07305527  161.97000122    0.00000000    0.00000000
   14.07611084  167.25500488    0.00000000    0.00000000
   14.07916641  164.72000122    0.00000000    0.00000000
   14.08222198  157.81500244    0.00000000    0.00000000
   14.08249950  146.05999756    0.00000000    0.00000000
   14.08555508  165.24699402    0.00000000    0.00000000
   14.08861065  168.17100525    0.00000000    0.00000000
   14.09166622  174.76400757    0.00000000    0.00000000
   14.09472179  159.08000183    0.00000000    0.00000000
   14.09777737  154.15499878    0.00000000    0.00000000
   14.10277843  154.15499878    0.00000000    0.00000000
   14.10666752  166.13200378    0.00000000    0.00000000
   14.10972214  159.92799377    0.00000000    0.00000000
   14.11277771  168.10000610    0.00000000    0.00000000
   14.11583328  164.96000671    0.00000000    0.00000000
   14.11611176  165.58999634    0.00000000    0.00000000
   14.11888885  165.51300049    0.00000000    0.00000000
   14.12222195  166.25900269    0.00000000    0.00000000
   14.12527752  172.59800720    0.00000000    0.00000000
   14.12833309  152.92599487    0.00000000    0.00000000
   14.13138866  172.02499390    0.00000000    0.00000000
   14.13444424  171.92599487    0.00000000    0.00000000
   14.13749981  176.04499817    0.00000000    0.00000000
   14.14083290  162.52000427    0.00000000    0.00000000
   14.14555550  162.52000427    0.00000000    0.00000000
   14.14944458  179.25700378    0.00000000    0.00000000
   14.14944458  168.89900208    0.00000000    0.00000000
   14.15249920  174.23599243    0.00000000    0.00000000
   14.15555477  174.36999512    0.00000000    0.00000000
   14.15888882  170.95599365    0.00000000    0.00000000
   14.16194439  167.17599487    0.00000000    0.00000000
   14.16499996  177.22500610    0.00000000    0.00000000
   14.16805553  169.65899658    0.00000000    0.00000000
   14.17111111  177.34500122    0.00000000    0.00000000
   14.17416668  179.55799866    0.00000000    0.00000000
   14.17750072  170.28199768    0.00000000    0.00000000
   14.18055630  173.63299561    0.00000000    0.00000000
   14.18277836  155.99299622    0.00000000    0.00000000
   14.18361092  165.18400574    0.00000000    0.00000000
   14.18833351  165.18400574    0.00000000    0.00000000
   14.19222260  161.97300720    0.00000000    0.00000000
   14.19527817  175.68400574    0.00000000    0.00000000
   14.19861126  165.16200256    0.00000000    0.00000000
   14.20166683  177.55900574    0.00000000    0.00000000
   14.20472240  169.46000671    0.00000000    0.00000000
   14.20777798  172.64900208    0.00000000    0.00000000
   14.21083355  169.07600403    0.00000000    0.00000000
   14.21388912  168.59300232    0.00000000    0.00000000
   14.21611118  172.82299805    0.00000000    0.00000000
   14.21722221  169.41400146    0.00000000    0.00000000
   14.22027779  175.29100037    0.00000000    0.00000000
   14.22333336  175.87100220    0.00000000    0.00000000
   14.22638798  176.60099792    0.00000000    0.00000000
   14.23138809  176.60099792    0.00000000    0.00000000
   14.23527813  160.84500122    0.00000000    0.00000000
   14.23833370  180.11999512    0.00000000    0.00000000
   14.24138927  179.41700745    0.00000000    0.00000000
   14.24444485  170.73899841    0.00000000    0.00000000
   14.24750042  159.95599365    0.00000000    0.00000000
   14.24944496  169.11700439    0.00000000    0.00000000
   14.25055599  174.13499451    0.00000000    0.00000000
   14.25388908  173.78500366    0.00000000    0.00000000
   14.25694466  167.70799255    0.00000000    0.00000000
   14.26000023  176.94700623    0.00000000    0.00000000
   14.26305580  177.15100098    0.00000000    0.00000000
   14.26611137  178.46299744    0.00000000    0.00000000
   14.26916599  176.08000183    0.00000000    0.00000000
   14.27416611  176.08000183    0.00000000    0.00000000
   14.27805519  176.94400024    0.00000000    0.00000000
   14.28111076  168.45100403    0.00000000    0.00000000
   14.28277779  171.25599670    0.00000000    0.00000000
   14.28416729  171.22700500    0.00000000    0.00000000
   14.28722286  172.46200562    0.00000000    0.00000000
   14.29055595  151.80000305    0.00000000    0.00000000
   14.29361153  180.52299500    0.00000000    0.00000000
   14.29666710  183.99699402    0.00000000    0.00000000
   14.29972267  183.49400330    0.00000000    0.00000000
   14.30277824  172.11199951    0.00000000    0.00000000
   14.30583382  167.83299255    0.00000000    0.00000000
   14.30916691  180.96499634    0.00000000    0.00000000
   14.31222248  178.86500549    0.00000000    0.00000000
   14.31694412  178.86500549    0.00000000    0.00000000
   14.32083321  182.07000732    0.00000000    0.00000000
   14.32388878  189.88200378    0.00000000    0.00000000
   14.32694435  174.70399475    0.00000000    0.00000000
   14.33027744  183.13600159    0.00000000    0.00000000
   14.33333302  188.77699280    0.00000000    0.00000000
   14.33638859  188.42700195    0.00000000    0.00000000
   14.33944416  187.13999939    0.00000000    0.00000000
   14.34249973  169.56799316    0.00000000    0.00000000
   14.34555531  158.76600647    0.00000000    0.00000000
   14.34888840  179.27600098    0.00000000    0.00000000
   14.34944439  183.29200745    0.00000000    0.00000000
   14.35194492  154.03300476    0.00000000    0.00000000
   14.35500050  161.89100647    0.00000000    0.00000000
   14.36000061  161.89100647    0.00000000    0.00000000
   14.36361122  158.78999329    0.00000000    0.00000000
   14.36694431  169.07299805    0.00000000    0.00000000
   14.36999989  173.01400757    0.00000000    0.00000000
   14.37305546  189.09800720    0.00000000    0.00000000
   14.37611103  186.07499695    0.00000000    0.00000000
   14.37916660  182.79899597    0.00000000    0.00000000
   14.38222218  181.24400330    0.00000000    0.00000000
   14.38277817  190.97000122    0.00000000    0.00000000
   14.38555527  189.33099365    0.00000000    0.00000000
   14.38861084  177.42500305    0.00000000    0.00000000
   14.39166641  176.44400024    0.00000000    0.00000000
   14.39472198  182.42900085    0.00000000    0.00000000
   14.39777756  175.21899414    0.00000000    0.00000000
   14.40277767  175.21899414    0.00000000    0.00000000
   14.40666676  169.61000061    0.00000000    0.00000000
   14.40972137  172.76600647    0.00000000    0.00000000
   14.41277695  179.45100403    0.00000000    0.00000000
   14.41583252  162.44900513    0.00000000    0.00000000
   14.41611099  177.27400208    0.00000000    0.00000000
   14.41888905  166.02400208    0.00000000    0.00000000
   14.42222214  173.65600586    0.00000000    0.00000000
   14.42527771  170.77400208    0.00000000    0.00000000
   14.42833328  183.17399597    0.00000000    0.00000000
   14.43138885  170.67399597    0.00000000    0.00000000
   14.43444443  169.32800293    0.00000000    0.00000000
   14.43750000  173.71000671    0.00000000    0.00000000
   14.44083309  183.16999817    0.00000000    0.00000000
   14.44555569  183.16999817    0.00000000    0.00000000
   14.44944477  182.51499939    0.00000000    0.00000000
   14.44944477  181.49600220    0.00000000    0.00000000
   14.45249939  171.63900757    0.00000000    0.00000000
   14.45583344  168.35099792    0.00000000    0.00000000
   14.45888901  160.44799805    0.00000000    0.00000000
   14.46194458  173.97599792    0.00000000    0.00000000
   14.46500015  170.99899292    0.00000000    0.00000000
   14.46805477  165.64300537    0.00000000    0.00000000
   14.47111034  162.00300598    0.00000000    0.00000000
   14.47444439  162.30200195    0.00000000    0.00000000
   14.47749996  167.44900513    0.00000000    0.00000000
   14.48055553  166.20599365    0.00000000    0.00000000
   14.48277760  155.61900330    0.00000000    0.00000000
   14.50361156  155.61900330    0.00000000    0.00000000
   14.50749969  168.69099426    0.00000000    0.00000000
   14.51055527  169.58500671    0.00000000    0.00000000
   14.51388931  163.57099915    0.00000000    0.00000000
   14.51638889  167.03900146    0.00000000    0.00000000
   14.51694393  169.44299316    0.00000000    0.00000000
   14.51999950  161.79499817    0.00000000    0.00000000
   14.52305508  165.27600098    0.00000000    0.00000000
   14.52611065  148.84199524    0.00000000    0.00000000
   14.52916622  176.30400085    0.00000000    0.00000000
   14.53249931  173.05099487    0.00000000    0.00000000
   14.53555584  174.31399536    0.00000000    0.00000000
   14.53861141  168.50599670    0.00000000    0.00000000
   14.54166698  183.70799255    0.00000000    0.00000000
   14.54638958  183.70799255    0.00000000    0.00000000
   14.55027771  169.34199524    0.00000000    0.00000000
   14.55333328  167.22999573    0.00000000    0.00000000
   14.55666733  170.23800659    0.00000000    0.00000000
   14.55972195  163.00500488    0.00000000    0.00000000
   14.56277752  157.67399597    0.00000000    0.00000000
   14.56583309  159.95700073    0.00000000    0.00000000
   14.56888866  165.48399353    0.00000000    0.00000000
   14.57194424  162.06300354    0.00000000    0.00000000
   14.57527733  156.56500244    0.00000000    0.00000000
   14.57833290  164.53500366    0.00000000    0.00000000
   14.58138847  159.49800110    0.00000000    0.00000000
   14.58305550  164.25500488    0.00000000    0.00000000
   14.58444405  164.80999756    0.00000000    0.00000000
   14.58944416  164.80999756    0.00000000    0.00000000
   14.59333324  162.76899719    0.00000000    0.00000000
   14.59638882  170.50199890    0.00000000    0.00000000
   14.59944439  166.54600525    0.00000000    0.00000000
   14.60249996  166.20599365    0.00000000    0.00000000
   14.60555553  174.94299316    0.00000000    0.00000000
   14.60861111  167.58900452    0.00000000    0.00000000
   14.61166668  170.50999451    0.00000000    0.00000000
   14.61500072  176.85299683    0.00000000    0.00000000
   14.61638927  180.15899658    0.00000000    0.00000000
   14.61805534  173.70100403    0.00000000    0.00000000
   14.62111092  177.04299927    0.00000000    0.00000000
   14.62416649  183.96200562    0.00000000    0.00000000
   14.62722206  185.12699890    0.00000000    0.00000000
   14.63222218  185.12699890    0.00000000    0.00000000
   14.63611126  172.97700500    0.00000000    0.00000000
   14.63916683  167.85000610    0.00000000    0.00000000
   14.64222240  167.33399963    0.00000000    0.00000000
   14.64527798  169.47399902    0.00000000    0.00000000
   14.64833355  163.76699829    0.00000000    0.00000000
   14.64972210  177.25999451    0.00000000    0.00000000
   14.65166664  170.64599609    0.00000000    0.00000000
   14.65472221  151.02200317    0.00000000    0.00000000
   14.65777779  172.41200256    0.00000000    0.00000000
   14.66083336  162.55200195    0.00000000    0.00000000
   14.66388893  168.94500732    0.00000000    0.00000000
   14.66694450  162.77299500    0.00000000    0.00000000
   14.67000008  159.09899902    0.00000000    0.00000000
   14.67500019  159.09899902    0.00000000    0.00000000
   14.67888927  167.97900391    0.00000000    0.00000000
   14.68194485  173.14100647    0.00000000    0.00000000
   14.68305588  167.60200500    0.00000000    0.00000000
   14.68500042  176.91700745    0.00000000    0.00000000
   14.68833351  173.40100098    0.00000000    0.00000000
   14.69138908  161.04899597    0.00000000    0.00000000
   14.69444466  166.90600586    0.00000000    0.00000000
   14.69750023  162.02200317    0.00000000    0.00000000
   14.70055580  166.78399658    0.00000000    0.00000000
   14.70361137  173.18499756    0.00000000    0.00000000
   14.70694447  154.47900391    0.00000000    0.00000000
   14.71000004  168.47399902    0.00000000    0.00000000
   14.71305561  163.78999329    0.00000000    0.00000000
   14.71805477  163.78999329    0.00000000    0.00000000
   14.72166634  162.42100525    0.00000000    0.00000000
   14.72472191  148.88400269    0.00000000    0.00000000
   14.72805500  167.09700012    0.00000000    0.00000000
   14.73111057  158.56599426    0.00000000    0.00000000
   14.73416710  162.40600586    0.00000000    0.00000000
   14.73722267  161.84100342    0.00000000    0.00000000
   14.74027824  161.45199585    0.00000000    0.00000000
   14.74333382  155.65800476    0.00000000    0.00000000
   14.74666691  158.34100342    0.00000000    0.00000000
   14.74972248  170.94099426    0.00000000    0.00000000
   14.74972248  166.63900757    0.00000000    0.00000000
   14.75277805  165.82800293    0.00000000    0.00000000
   14.75583363  173.53700256    0.00000000    0.00000000
   14.76083374  173.53700256    0.00000000    0.00000000
   14.76472187  156.44200134    0.00000000    0.00000000
   14.76777744  144.69799805    0.00000000    0.00000000
   14.77083302  151.56100464    0.00000000    0.00000000
   14.77388859  157.30700684    0.00000000    0.00000000
   14.77694416  154.45300293    0.00000000    0.00000000
   14.77999973  148.84100342    0.00000000    0.00000000
   14.78305531  157.03599548    0.00000000    0.00000000
   14.78333378  159.04499817    0.00000000    0.00000000
   14.78638935  158.05400085    0.00000000    0.00000000
   14.78944492  161.68400574    0.00000000    0.00000000
   14.79250050  157.89100647    0.00000000    0.00000000
   14.79555607  160.79699707    0.00000000    0.00000000
   14.79861164  169.08999634    0.00000000    0.00000000
   14.80361176  169.08999634    0.00000000    0.00000000
   14.80749989  164.30900574    0.00000000    0.00000000
   14.81055546  160.41999817    0.00000000    0.00000000
   14.81361103  135.28500366    0.00000000    0.00000000
   14.81638908  140.99899292    0.00000000    0.00000000
   14.81694412  147.72200012    0.00000000    0.00000000
   14.81999969  157.29200745    0.00000000    0.00000000
   14.82305527  155.58000183    0.00000000    0.00000000
   14.82611084  144.08599854    0.00000000    0.00000000
   14.82916641  157.08999634    0.00000000    0.00000000
   14.83222198  162.39199829    0.00000000    0.00000000
   14.83555508  147.60400391    0.00000000    0.00000000
   14.83861065  153.79600525    0.00000000    0.00000000
   14.84166622  152.76300049    0.00000000    0.00000000
   14.84638882  152.76300049    0.00000000    0.00000000
   14.85027790  158.61099243    0.00000000    0.00000000
   14.85333347  160.07400513    0.00000000    0.00000000
   14.85638905  165.50500488    0.00000000    0.00000000
   14.85972214  161.14900208    0.00000000    0.00000000
   14.86277771  149.63299561    0.00000000    0.00000000
   14.86583328  165.98699951    0.00000000    0.00000000
   14.86888885  144.20899963    0.00000000    0.00000000
   14.87194443  155.57600403    0.00000000    0.00000000
   14.87500000  164.88000488    0.00000000    0.00000000
   14.87833309  163.80099487    0.00000000    0.00000000
   14.88138866  142.18800354    0.00000000    0.00000000
   14.88305569  153.87699890    0.00000000    0.00000000
   14.88444424  152.19700623    0.00000000    0.00000000
   14.88944435  152.19700623    0.00000000    0.00000000
   14.89305496  154.82000732    0.00000000    0.00000000
   14.89638901  155.55099487    0.00000000    0.00000000
   14.89944458  251.80799866    0.00000000    0.00000000
   14.90249920  159.38400269    0.00000000    0.00000000
   14.90555477  157.24299622    0.00000000    0.00000000
   14.90861034  149.29400635    0.00000000    0.00000000
   14.91166592  162.10899353    0.00000000    0.00000000
   14.91499996  153.88099670    0.00000000    0.00000000
   14.91638851  162.06199646    0.00000000    0.00000000
   14.91805553  161.98100281    0.00000000    0.00000000
   14.92111111  154.02400208    0.00000000    0.00000000
   14.92416668  155.74899292    0.00000000    0.00000000
   14.92722225  169.29299927    0.00000000    0.00000000
   14.93222237  169.29299927    0.00000000    0.00000000
   14.93611145  159.89900208    0.00000000    0.00000000
   14.93916702  164.64100647    0.00000000    0.00000000
   14.94222260  172.37300110    0.00000000    0.00000000
   15.09444427  169.54400635    0.00000000    0.00000000
   15.09749985  186.59800720    0.00000000    0.00000000
   15.10055637  177.74099731    0.00000000    0.00000000
   15.10361195  192.12600708    0.00000000    0.00000000
   15.10666752  194.06199646    0.00000000    0.00000000
   15.10972214  186.40499878    0.00000000    0.00000000
   15.11472225  186.40499878    0.00000000    0.00000000
   15.11861134  194.11900330    0.00000000    0.00000000
   15.12166691  204.60299683    0.00000000    0.00000000
   15.12472248  196.86300659    0.00000000    0.00000000
   15.12777805  184.62399292    0.00000000    0.00000000
   15.12777805  183.01100159    0.00000000    0.00000000
   15.13083363  195.91700745    0.00000000    0.00000000
   15.13388920  176.13999939    0.00000000    0.00000000
   15.13694477  184.55299377    0.00000000    0.00000000
   15.14027786  185.08999634    0.00000000    0.00000000
   15.14333344  200.94000244    0.00000000    0.00000000
   15.14638901  206.47700500    0.00000000    0.00000000
   15.14944458  212.66499329    0.00000000    0.00000000
   15.15249920  204.59700012    0.00000000    0.00000000
   15.15749931  204.59700012    0.00000000    0.00000000
   15.16138840  205.02000427    0.00000000    0.00000000
   15.16444397  219.31300354    0.00000000    0.00000000
   15.16750050  236.79299927    0.00000000    0.00000000
   15.17055607  220.16700745    0.00000000    0.00000000
   15.17361164  228.41999817    0.00000000    0.00000000
   15.17694473  242.78900146    0.00000000    0.00000000
   15.18000031  223.69999695    0.00000000    0.00000000
   15.18305588  193.37100220    0.00000000    0.00000000
   15.18611145  226.03500366    0.00000000    0.00000000
   15.18916702  249.34500122    0.00000000    0.00000000
   15.19222260  239.94700623    0.00000000    0.00000000
   15.19444466  265.59600830    0.00000000    0.00000000
   15.19527817  233.20700073    0.00000000    0.00000000
   15.20027733  233.20700073    0.00000000    0.00000000
   15.20416641  240.62600708    0.00000000    0.00000000
   15.20722198  259.77301025    0.00000000    0.00000000
   15.21027756  256.88598633    0.00000000    0.00000000
   15.21333313  238.36500549    0.00000000    0.00000000
   15.21666622  217.23800659    0.00000000    0.00000000
   15.21972179  222.10600281    0.00000000    0.00000000
   15.22277737  198.58900452    0.00000000    0.00000000
   15.22583294  192.51400757    0.00000000    0.00000000
   15.22777748  208.39300537    0.00000000    0.00000000
   15.22888851  183.03199768    0.00000000    0.00000000
   15.23194408  202.56900024    0.00000000    0.00000000
   15.23527813  194.82000732    0.00000000    0.00000000
   15.23833370  184.72599792    0.00000000    0.00000000
   15.24305534  184.72599792    0.00000000    0.00000000
   15.24694443  185.20100403    0.00000000    0.00000000
   15.25000000  179.09800720    0.00000000    0.00000000
   15.25333309  193.05599976    0.00000000    0.00000000
   15.25638866  199.85699463    0.00000000    0.00000000
   15.25944424  359.32901001    0.00000000    0.00000000
   15.26111126  198.37199402    0.00000000    0.00000000
   15.26111126  183.03199768    0.00000000    0.00000000
   15.26111126  202.56900024    0.00000000    0.00000000
   15.26111126  194.82000732    0.00000000    0.00000000
   15.26111126  184.72599792    0.00000000    0.00000000
   15.26111126  185.20100403    0.00000000    0.00000000
   15.26111126  179.09800720    0.00000000    0.00000000
   15.26111126  193.05599976    0.00000000    0.00000000
   15.26111126  199.85699463    0.00000000    0.00000000
   15.26277733  193.56599426    0.00000000    0.00000000
   15.26583290  206.60600281    0.00000000    0.00000000
   15.26888847  186.62199402    0.00000000    0.00000000
   15.27194405  210.29600525    0.00000000    0.00000000
   15.27499962  361.08700562    0.00000000    0.00000000
   15.27666664  201.88999939    0.00000000    0.00000000
   15.27666664  193.56599426    0.00000000    0.00000000
   15.27666664  206.60600281    0.00000000    0.00000000
   15.27666664  186.62199402    0.00000000    0.00000000
   15.27666664  210.29600525    0.00000000    0.00000000
   15.27666664  361.08700562    0.00000000    0.00000000
   15.27833271  180.61700439    0.00000000    0.00000000
   15.28138828  208.00399780    0.00000000    0.00000000
   15.28444481  180.72999573    0.00000000    0.00000000
   15.28750038  230.69799805    0.00000000    0.00000000
   15.29055595  241.11199951    0.00000000    0.00000000
   15.29694462  241.11199951    0.00000000    0.00000000
   15.30083370  274.29098511    0.00000000    0.00000000
   15.30388927  261.39001465    0.00000000    0.00000000
   15.30694485  298.33898926    0.00000000    0.00000000
   15.31000042  258.68798828    0.00000000    0.00000000
   15.31027794  249.48199463    0.00000000    0.00000000
   15.31333351  277.29501343    0.00000000    0.00000000
   15.31638908  305.55700684    0.00000000    0.00000000
   15.31805515  310.63198853    0.00000000    0.00000000
   15.31916618  286.58700562    0.00000000    0.00000000
   15.32055569  293.09500122    0.00000000    0.00000000
   15.32194424  263.51501465    0.00000000    0.00000000
   15.32333374  263.11401367    0.00000000    0.00000000
   15.32472229  270.86898804    0.00000000    0.00000000
   15.32611084  275.14700317    0.00000000    0.00000000
   15.32777786  240.75900269    0.00000000    0.00000000
   15.32888889  270.96398926    0.00000000    0.00000000
   15.33055592  248.44400024    0.00000000    0.00000000
   15.33194447  280.43798828    0.00000000    0.00000000
   15.33333302  255.66099548    0.00000000    0.00000000
   15.33472157  287.92599487    0.00000000    0.00000000
   15.33611107  286.15499878    0.00000000    0.00000000
   15.33749962  282.03201294    0.00000000    0.00000000
   15.33888817  328.89498901    0.00000000    0.00000000
   15.34027767  307.47399902    0.00000000    0.00000000
   15.34166622  290.42001343    0.00000000    0.00000000
   15.34305477  242.19400024    0.00000000    0.00000000
   15.34444427  261.82998657    0.00000000    0.00000000
   15.34583282  255.90400696    0.00000000    0.00000000
   15.34722233  269.85699463    0.00000000    0.00000000
   15.34861088  240.60600281    0.00000000    0.00000000
   15.35000038  305.98599243    0.00000000    0.00000000
   15.35138893  290.56201172    0.00000000    0.00000000
   15.35277843  314.32299805    0.00000000    0.00000000
   15.35416698  327.61300659    0.00000000    0.00000000
   15.35555553  291.68200684    0.00000000    0.00000000
   15.35694504  319.02499390    0.00000000    0.00000000
   15.35833359  338.02099609    0.00000000    0.00000000
   15.35972214  275.06500244    0.00000000    0.00000000
   15.36111164  318.44400024    0.00000000    0.00000000
   15.36250019  296.70498657    0.00000000    0.00000000
   15.36388969  315.23001099    0.00000000    0.00000000
   15.36527824  294.29598999    0.00000000    0.00000000
   15.36666679  272.36700439    0.00000000    0.00000000
   15.36805534  288.11099243    0.00000000    0.00000000
   15.36944485  314.14099121    0.00000000    0.00000000
   15.37083340  300.19100952    0.00000000    0.00000000
   15.37222195  266.16101074    0.00000000    0.00000000
   15.37361145  323.94198608    0.00000000    0.00000000
   15.37500000  315.81500244    0.00000000    0.00000000
   15.37638855  271.35299683    0.00000000    0.00000000
   15.37777805  290.00399780    0.00000000    0.00000000
   15.37916660  247.12300110    0.00000000    0.00000000
   15.38055611  257.31298828    0.00000000    0.00000000
   15.38194466  285.93200684    0.00000000    0.00000000
   15.38333321  267.17898560    0.00000000    0.00000000
   15.38472176  266.34399414    0.00000000    0.00000000
   15.38611126  294.05999756    0.00000000    0.00000000
   15.38749981  308.11898804    0.00000000    0.00000000
   15.38888836  286.69500732    0.00000000    0.00000000
   15.39027786  259.04901123    0.00000000    0.00000000
   15.39166641  304.48699951    0.00000000    0.00000000
   15.39305496  327.80300903    0.00000000    0.00000000
   15.39444447  270.06100464    0.00000000    0.00000000
   15.39583302  260.66598511    0.00000000    0.00000000
   15.39722252  306.99099731    0.00000000    0.00000000
   15.39861107  342.67300415    0.00000000    0.00000000
   15.39999962  319.08200073    0.00000000    0.00000000
   15.40138817  295.86599731    0.00000000    0.00000000
   15.40277767  337.47100830    0.00000000    0.00000000
   15.40416622  321.83200073    0.00000000    0.00000000
   15.40555477  292.70901489    0.00000000    0.00000000
   15.40694427  326.19100952    0.00000000    0.00000000
   15.40833282  254.06700134    0.00000000    0.00000000
   15.40972137  254.96400452    0.00000000    0.00000000
   15.41111088  251.35699463    0.00000000    0.00000000
   15.41249943  261.37799072    0.00000000    0.00000000
   15.41388893  293.33898926    0.00000000    0.00000000
   15.41527748  282.04000854    0.00000000    0.00000000
   15.41666698  214.16600037    0.00000000    0.00000000
   15.41666698  277.29501343    0.00000000    0.00000000
   15.41666698  305.55700684    0.00000000    0.00000000
   15.41666698  180.72999573    0.00000000    0.00000000
   15.41666698  230.69799805    0.00000000    0.00000000
   15.41666698  241.11199951    0.00000000    0.00000000
   15.41666698  274.29098511    0.00000000    0.00000000
   15.41666698  261.39001465    0.00000000    0.00000000
   15.41666698  298.33898926    0.00000000    0.00000000
   15.41666698  249.48199463    0.00000000    0.00000000
   15.41694450  216.45300293    0.00000000    0.00000000
   15.42000008  263.86401367    0.00000000    0.00000000
   15.42305565  202.56100464    0.00000000    0.00000000
   15.42611122  212.40400696    0.00000000    0.00000000
   15.42916679  301.88299561    0.00000000    0.00000000
   15.43083382  259.51300049    0.00000000    0.00000000
   15.43222237  300.74700928    0.00000000    0.00000000
   15.43361092  286.46899414    0.00000000    0.00000000
   15.43500042  314.31600952    0.00000000    0.00000000
   15.43638897  336.66598511    0.00000000    0.00000000
   15.43777752  307.12200928    0.00000000    0.00000000
   15.43916702  334.42599487    0.00000000    0.00000000
   15.44055557  291.70700073    0.00000000    0.00000000
   15.44194412  314.68899536    0.00000000    0.00000000
   15.44333363  328.88101196    0.00000000    0.00000000
   15.44472218  313.30599976    0.00000000    0.00000000
   15.44611073  285.30200195    0.00000000    0.00000000
   15.44750023  233.62300110    0.00000000    0.00000000
   15.44888878  244.28700256    0.00000000    0.00000000
   15.45027733  260.25900269    0.00000000    0.00000000
   15.45166683  279.32400513    0.00000000    0.00000000
   15.45305538  303.34799194    0.00000000    0.00000000
   15.45444393  326.69100952    0.00000000    0.00000000
   15.45583344  340.99899292    0.00000000    0.00000000
   15.45722198  324.35598755    0.00000000    0.00000000
   15.45861053  309.87100220    0.00000000    0.00000000
   15.46000004  277.34100342    0.00000000    0.00000000
   15.46138859  301.75100708    0.00000000    0.00000000
   15.46277714  318.95199585    0.00000000    0.00000000
   15.46416664  291.37899780    0.00000000    0.00000000
   15.46555519  295.66400146    0.00000000    0.00000000
   15.46694374  311.72000122    0.00000000    0.00000000
   15.46833324  373.06298828    0.00000000    0.00000000
   15.46972179  317.25399780    0.00000000    0.00000000
   15.47111034  345.01300049    0.00000000    0.00000000
   15.47249985  314.69900513    0.00000000    0.00000000
   15.47388840  344.95001221    0.00000000    0.00000000
   15.47527695  316.86499023    0.00000000    0.00000000
   15.47666645  346.12500000    0.00000000    0.00000000
   15.47805500  320.84500122    0.00000000    0.00000000
   15.47944355  287.97601318    0.00000000    0.00000000
   15.48083305  341.51098633    0.00000000    0.00000000
   15.48222160  341.53201294    0.00000000    0.00000000
   15.48361111  324.57199097    0.00000000    0.00000000
   15.48500061  307.92999268    0.00000000    0.00000000
   15.48638916  294.82598877    0.00000000    0.00000000
   15.48777771  294.21099854    0.00000000    0.00000000
   15.48916721  262.27099609    0.00000000    0.00000000
   15.49055576  282.60800171    0.00000000    0.00000000
   15.49194431  231.33000183    0.00000000    0.00000000
   15.49333382  282.39401245    0.00000000    0.00000000
   15.49472237  307.97698975    0.00000000    0.00000000
   15.49611092  272.85900879    0.00000000    0.00000000
   15.49750042  259.00399780    0.00000000    0.00000000
   15.49888897  299.55398560    0.00000000    0.00000000
   15.50027752  301.69500732    0.00000000    0.00000000
   15.50166702  269.22100830    0.00000000    0.00000000
   15.50305557  264.87899780    0.00000000    0.00000000
   15.50444412  293.56399536    0.00000000    0.00000000
   15.50583363  278.05801392    0.00000000    0.00000000
   15.50722218  300.03799438    0.00000000    0.00000000
   15.50861073  279.12200928    0.00000000    0.00000000
   15.51000023  265.09899902    0.00000000    0.00000000
   15.51138878  299.57598877    0.00000000    0.00000000
   15.51277733  271.28500366    0.00000000    0.00000000
   15.51416683  289.21099854    0.00000000    0.00000000
   15.51555538  311.79699707    0.00000000    0.00000000
   15.51694393  278.53201294    0.00000000    0.00000000
   15.51833344  337.39999390    0.00000000    0.00000000
   15.51972198  308.03100586    0.00000000    0.00000000
   15.52111053  292.63598633    0.00000000    0.00000000
   15.52250004  322.09698486    0.00000000    0.00000000
   15.52388859  286.17999268    0.00000000    0.00000000
   15.52527714  320.01998901    0.00000000    0.00000000
   15.52666664  311.11300659    0.00000000    0.00000000
   15.52805519  315.03900146    0.00000000    0.00000000
   15.52944374  283.38198853    0.00000000    0.00000000
   15.53083324  304.25799561    0.00000000    0.00000000
   15.53222179  288.87799072    0.00000000    0.00000000
   15.53361130  304.60198975    0.00000000    0.00000000
   15.53500080  299.44601440    0.00000000    0.00000000
   15.53638935  296.82000732    0.00000000    0.00000000
   15.53777790  275.91598511    0.00000000    0.00000000
   15.53916740  315.94000244    0.00000000    0.00000000
   15.54055595  301.42300415    0.00000000    0.00000000
   15.54194450  302.26998901    0.00000000    0.00000000
   15.54361153  307.63500977    0.00000000    0.00000000
   15.54500008  302.96301270    0.00000000    0.00000000
   15.54638958  329.42098999    0.00000000    0.00000000
   15.54777813  346.40798950    0.00000000    0.00000000
   15.54916668  306.60501099    0.00000000    0.00000000
   15.55055618  288.99301147    0.00000000    0.00000000
   15.55194473  259.58099365    0.00000000    0.00000000
   15.55333328  335.32501221    0.00000000    0.00000000
   15.55472279  312.84100342    0.00000000    0.00000000
   15.55611134  332.51199341    0.00000000    0.00000000
   15.55749989  355.28100586    0.00000000    0.00000000
   15.55888939  250.83900452    0.00000000    0.00000000
   15.56027794  239.29299927    0.00000000    0.00000000
   15.56166649  238.60499573    0.00000000    0.00000000
   15.56305599  274.96701050    0.00000000    0.00000000
   15.56444454  264.41500854    0.00000000    0.00000000
   15.56583309  208.43499756    0.00000000    0.00000000
   15.56583309  216.45300293    0.00000000    0.00000000
   15.56583309  263.86401367    0.00000000    0.00000000
   15.56583309  202.56100464    0.00000000    0.00000000
   15.56583309  212.40400696    0.00000000    0.00000000
   15.56583309  301.88299561    0.00000000    0.00000000
   15.56611156  196.98500061    0.00000000    0.00000000
   15.56916618  244.08999634    0.00000000    0.00000000
   15.57222176  330.68200684    0.00000000    0.00000000
   15.57361126  276.93798828    0.00000000    0.00000000
   15.57499981  315.02200317    0.00000000    0.00000000
   15.57638836  250.68200684    0.00000000    0.00000000
   15.57777786  219.74899292    0.00000000    0.00000000
   15.57777786  196.98500061    0.00000000    0.00000000
   15.57777786  244.08999634    0.00000000    0.00000000
   15.57777786  330.68200684    0.00000000    0.00000000
   15.57805538  230.02699280    0.00000000    0.00000000
   15.58111095  229.04400635    0.00000000    0.00000000
   15.58416653  279.25799561    0.00000000    0.00000000
   15.58749962  195.27400208    0.00000000    0.00000000
   15.59055519  164.79100037    0.00000000    0.00000000
   15.59361076  180.94500732    0.00000000    0.00000000
   15.59833336  180.94500732    0.00000000    0.00000000
   15.60222244   84.23560333    0.00000000    0.00000000
   15.60527802  131.57499695    0.00000000    0.00000000
   15.60833359  164.57400513    0.00000000    0.00000000
   15.61138916   44.10839844    0.00000000    0.00000000
   15.61138916   67.93900299    0.00000000    0.00000000
   15.61444473   57.81309891    0.00000000    0.00000000
   15.61750031   23.57019997    0.00000000    0.00000000
   15.62083340   70.81909943    0.00000000    0.00000000
   15.62388897   57.89860153    0.00000000    0.00000000
   15.62694454  196.38200378    0.00000000    0.00000000
