    HOUR (UT)   FLARE FACTOR    SKY TESTER    SUN TESTER
   11.93277836   -1.00000000   -1.00000000   -1.00000000
   11.95305538  283.78298950    0.00000000    0.00000000
   11.95777798  292.63198853    0.00000000    0.00000000
   11.96083355  276.82400513    0.00000000    0.00000000
   11.96416664  271.77099609    0.00000000    0.00000000
   11.96722221  281.08801270    0.00000000    0.00000000
   11.97027779  270.95001221    0.00000000    0.00000000
   11.97388840  268.25799561    0.00000000    0.00000000
   11.97666645  286.70901489    0.00000000    0.00000000
   11.97972202  244.80200195    0.00000000    0.00000000
   11.98333359  271.40899658    0.00000000    0.00000000
   11.98583317  282.17498779    0.00000000    0.00000000
   11.98638916  301.29299927    0.00000000    0.00000000
   11.98777771  258.92199707    0.00000000    0.00000000
   11.98916721  282.88000488    0.00000000    0.00000000
   11.99055576  275.28100586    0.00000000    0.00000000
   11.99277782  252.49200439    0.00000000    0.00000000
   11.99361134  261.44900513    0.00000000    0.00000000
   11.99499989  239.47700500    0.00000000    0.00000000
   11.99638939  243.01400757    0.00000000    0.00000000
   11.99777794  235.15899658    0.00000000    0.00000000
   11.99916649  266.27398682    0.00000000    0.00000000
   12.00055599  272.01501465    0.00000000    0.00000000
   12.00249958  251.56799316    0.00000000    0.00000000
   12.00333309  250.83900452    0.00000000    0.00000000
   12.00472260  239.11599731    0.00000000    0.00000000
   12.00611115  242.75700378    0.00000000    0.00000000
   12.00749969  228.01699829    0.00000000    0.00000000
   12.00888920  232.47700500    0.00000000    0.00000000
   12.01027775  269.25399780    0.00000000    0.00000000
   12.01222229  246.61000061    0.00000000    0.00000000
   12.01305580  258.99499512    0.00000000    0.00000000
   12.01444435  263.82800293    0.00000000    0.00000000
   12.01583290  218.66700745    0.00000000    0.00000000
   12.01583290  301.29299927    0.00000000    0.00000000
   12.01583290  276.82400513    0.00000000    0.00000000
   12.01583290  271.77099609    0.00000000    0.00000000
   12.01583290  281.08801270    0.00000000    0.00000000
   12.01583290  270.95001221    0.00000000    0.00000000
   12.01583290  268.25799561    0.00000000    0.00000000
   12.01583290  286.70901489    0.00000000    0.00000000
   12.01583290  244.80200195    0.00000000    0.00000000
   12.01583290  271.40899658    0.00000000    0.00000000
   12.01638889  236.91700745    0.00000000    0.00000000
   12.01916599  258.03298950    0.00000000    0.00000000
   12.02277756  242.37300110    0.00000000    0.00000000
   12.02555561  226.19299316    0.00000000    0.00000000
   12.02888870  200.66799927    0.00000000    0.00000000
   12.03222179  238.04600525    0.00000000    0.00000000
   12.03638935  238.04600525    0.00000000    0.00000000
   12.04027843  253.37500000    0.00000000    0.00000000
   12.04361153  224.74200439    0.00000000    0.00000000
   12.04666710  229.83200073    0.00000000    0.00000000
   12.04944515  241.06799316    0.00000000    0.00000000
   12.04972267  246.49099731    0.00000000    0.00000000
   12.05333328  224.05700684    0.00000000    0.00000000
   12.05611134  239.43800354    0.00000000    0.00000000
   12.05916691  213.29899597    0.00000000    0.00000000
   12.06277752  241.69400024    0.00000000    0.00000000
   12.06555557  233.83599854    0.00000000    0.00000000
   12.06861115  238.11099243    0.00000000    0.00000000
   12.07222176  238.33700562    0.00000000    0.00000000
   12.07527733  244.14900208    0.00000000    0.00000000
   12.07916641  244.14900208    0.00000000    0.00000000
   12.08333302  198.49499512    0.00000000    0.00000000
   12.08638859  215.05400085    0.00000000    0.00000000
   12.08944416  238.66200256    0.00000000    0.00000000
   12.09277725  228.59599304    0.00000000    0.00000000
   12.09583282  222.74400330    0.00000000    0.00000000
   12.09888840  215.86199951    0.00000000    0.00000000
   12.10249996  228.10099792    0.00000000    0.00000000
   12.10527802  220.66900635    0.00000000    0.00000000
   12.10833359  226.19599915    0.00000000    0.00000000
   12.11194515  211.12399292    0.00000000    0.00000000
   12.11472225  210.85200500    0.00000000    0.00000000
   12.11583328  223.31399536    0.00000000    0.00000000
   12.11777782  236.19700623    0.00000000    0.00000000
   12.12222195  236.19700623    0.00000000    0.00000000
   12.12611103  228.28100586    0.00000000    0.00000000
   12.12916660  223.11500549    0.00000000    0.00000000
   12.13277817  217.89999390    0.00000000    0.00000000
   12.13555527  222.94500732    0.00000000    0.00000000
   12.13888836  241.34500122    0.00000000    0.00000000
   12.14222240  209.48899841    0.00000000    0.00000000
   12.14527798  226.07400513    0.00000000    0.00000000
   12.14833355  217.27799988    0.00000000    0.00000000
   12.14916611  212.97599792    0.00000000    0.00000000
   12.15166664  207.98599243    0.00000000    0.00000000
   12.15472221  213.98599243    0.00000000    0.00000000
   12.15777779  200.69900513    0.00000000    0.00000000
   12.16138840  212.93099976    0.00000000    0.00000000
   12.16499996  212.93099976    0.00000000    0.00000000
   12.16888905  214.00000000    0.00000000    0.00000000
   12.17222214  210.36399841    0.00000000    0.00000000
   12.17527771  209.41299438    0.00000000    0.00000000
   12.17833328  204.42900085    0.00000000    0.00000000
   12.18194485  208.34700012    0.00000000    0.00000000
   12.18249989  211.05700684    0.00000000    0.00000000
   12.18472195  205.15299988    0.00000000    0.00000000
   12.18777752  206.23300171    0.00000000    0.00000000
   12.19138908  195.66000366    0.00000000    0.00000000
   12.19416714  213.16400146    0.00000000    0.00000000
   12.19750023  212.74499512    0.00000000    0.00000000
   12.20083332  228.00900269    0.00000000    0.00000000
   12.20388889  216.60400391    0.00000000    0.00000000
   12.20777798  216.60400391    0.00000000    0.00000000
   12.21194458  229.89300537    0.00000000    0.00000000
   12.21500015  208.75999451    0.00000000    0.00000000
   12.21611118  200.04499817    0.00000000    0.00000000
   12.21833324  219.91099548    0.00000000    0.00000000
   12.22166634  220.86799622    0.00000000    0.00000000
   12.22472191  216.82699585    0.00000000    0.00000000
   12.22777748  222.76800537    0.00000000    0.00000000
   12.23111057  207.99299622    0.00000000    0.00000000
   12.23416710  217.72399902    0.00000000    0.00000000
   12.23722267  201.48399353    0.00000000    0.00000000
   12.24083328  208.73300171    0.00000000    0.00000000
   12.24361134  212.01899719    0.00000000    0.00000000
   12.24666691  202.04400635    0.00000000    0.00000000
   12.25111103  202.04400635    0.00000000    0.00000000
   12.25500011  213.82000732    0.00000000    0.00000000
   12.25805569  204.44000244    0.00000000    0.00000000
   12.26138878  205.80299377    0.00000000    0.00000000
   12.26444435  227.08700562    0.00000000    0.00000000
   12.26749992  234.52499390    0.00000000    0.00000000
   12.27111053  244.73899841    0.00000000    0.00000000
   12.27388859  247.29899597    0.00000000    0.00000000
   12.27694416  246.20599365    0.00000000    0.00000000
   12.28055573  254.00500488    0.00000000    0.00000000
   12.28277779  269.14401245    0.00000000    0.00000000
   12.28333378  253.29499817    0.00000000    0.00000000
   12.28638935  232.95399475    0.00000000    0.00000000
   12.29000092  223.58099365    0.00000000    0.00000000
   12.29388905  223.58099365    0.00000000    0.00000000
   12.29750061  239.66900635    0.00000000    0.00000000
   12.30111122  244.44799805    0.00000000    0.00000000
   12.30416679  220.82600403    0.00000000    0.00000000
   12.30722237  265.76800537    0.00000000    0.00000000
   12.31055546  238.97200012    0.00000000    0.00000000
   12.31361103  252.82899475    0.00000000    0.00000000
   12.31638908  240.47000122    0.00000000    0.00000000
   12.31666660  256.31900024    0.00000000    0.00000000
   12.32027817  305.20999146    0.00000000    0.00000000
   12.32194424  224.66099548    0.00000000    0.00000000
   12.32305527  244.48100281    0.00000000    0.00000000
   12.32444477  228.85200500    0.00000000    0.00000000
   12.32583332  215.03399658    0.00000000    0.00000000
   12.32583332  265.76800537    0.00000000    0.00000000
   12.32583332  238.97200012    0.00000000    0.00000000
   12.32583332  252.82899475    0.00000000    0.00000000
   12.32583332  256.31900024    0.00000000    0.00000000
   12.32583332  305.20999146    0.00000000    0.00000000
   12.32583332  223.58099365    0.00000000    0.00000000
   12.32611084  239.66900635    0.00000000    0.00000000
   12.32611084  244.44799805    0.00000000    0.00000000
   12.32611084  220.82600403    0.00000000    0.00000000
   12.32638836  248.96899414    0.00000000    0.00000000
   12.32972240  296.72799683    0.00000000    0.00000000
   12.33249950  249.65800476    0.00000000    0.00000000
   12.33555508  258.71899414    0.00000000    0.00000000
   12.33916664  295.80801392    0.00000000    0.00000000
   12.34222221  316.03601074    0.00000000    0.00000000
   12.34361076  277.65701294    0.00000000    0.00000000
   12.34499931  243.72900391    0.00000000    0.00000000
   12.34638882  250.23199463    0.00000000    0.00000000
   12.34805489  250.64399719    0.00000000    0.00000000
   12.34916592  274.55300903    0.00000000    0.00000000
   12.35055637  261.18499756    0.00000000    0.00000000
   12.35194492  266.18099976    0.00000000    0.00000000
   12.35333347  267.26699829    0.00000000    0.00000000
   12.35472298  251.69900513    0.00000000    0.00000000
   12.35611153  273.91799927    0.00000000    0.00000000
   12.35777855  248.34100342    0.00000000    0.00000000
   12.35888958  246.39399719    0.00000000    0.00000000
   12.36027813  259.22601318    0.00000000    0.00000000
   12.36166668  250.50399780    0.00000000    0.00000000
   12.36305618  253.02200317    0.00000000    0.00000000
   12.36444473  280.88800049    0.00000000    0.00000000
   12.36583328  288.52099609    0.00000000    0.00000000
   12.36750031  270.27200317    0.00000000    0.00000000
   12.36861134  296.70300293    0.00000000    0.00000000
   12.36999989  244.77099609    0.00000000    0.00000000
   12.37138939  263.12298584    0.00000000    0.00000000
   12.37277794  278.64498901    0.00000000    0.00000000
   12.37416649  263.64498901    0.00000000    0.00000000
   12.37555599  269.52801514    0.00000000    0.00000000
   12.37722206  255.80999756    0.00000000    0.00000000
   12.37833309  255.77999878    0.00000000    0.00000000
   12.37972260  258.43200684    0.00000000    0.00000000
   12.38111115  239.11999512    0.00000000    0.00000000
   12.38249969  274.26199341    0.00000000    0.00000000
   12.38388920  257.54299927    0.00000000    0.00000000
   12.38527775  233.17799377    0.00000000    0.00000000
   12.38694477  217.01199341    0.00000000    0.00000000
   12.38694477  248.96899414    0.00000000    0.00000000
   12.38722229  296.72799683    0.00000000    0.00000000
   12.38722229  249.65800476    0.00000000    0.00000000
   12.38722229  258.71899414    0.00000000    0.00000000
   12.38722229  295.80801392    0.00000000    0.00000000
   12.38722229  316.03601074    0.00000000    0.00000000
   12.38722229  256.57800293    0.00000000    0.00000000
   12.39027786  251.41900635    0.00000000    0.00000000
   12.39333344  252.64999390    0.00000000    0.00000000
   12.39694405  229.64599609    0.00000000    0.00000000
   12.39972210  242.87199402    0.00000000    0.00000000
   12.40305519  242.66299438    0.00000000    0.00000000
   12.40777779  242.66299438    0.00000000    0.00000000
   12.41166592  224.73300171    0.00000000    0.00000000
   12.41472149  256.04800415    0.00000000    0.00000000
   12.41833401  257.66000366    0.00000000    0.00000000
   12.42055607  274.43600464    0.00000000    0.00000000
   12.42111111  257.92498779    0.00000000    0.00000000
   12.42416668  257.04000854    0.00000000    0.00000000
   12.42777824  269.70901489    0.00000000    0.00000000
   12.43083382  282.16500854    0.00000000    0.00000000
   12.43388939  314.28900146    0.00000000    0.00000000
   12.43527794  290.63198853    0.00000000    0.00000000
   12.43722248  292.90399170    0.00000000    0.00000000
   12.43805599  293.93499756    0.00000000    0.00000000
   12.43944454  286.04299927    0.00000000    0.00000000
   12.44083309  297.17001343    0.00000000    0.00000000
   12.44222260  312.36599731    0.00000000    0.00000000
   12.44361115  294.48599243    0.00000000    0.00000000
   12.44499969  292.97698975    0.00000000    0.00000000
   12.44694424  320.24200439    0.00000000    0.00000000
   12.44777775  302.97399902    0.00000000    0.00000000
   12.44916630  283.79000854    0.00000000    0.00000000
   12.45055580  300.52899170    0.00000000    0.00000000
   12.45194435  287.25399780    0.00000000    0.00000000
   12.45333290  257.71798706    0.00000000    0.00000000
   12.45472240  272.75799561    0.00000000    0.00000000
   12.45666695  284.48300171    0.00000000    0.00000000
   12.45749950  292.00900269    0.00000000    0.00000000
   12.45888901  255.06399536    0.00000000    0.00000000
   12.46027756  271.32800293    0.00000000    0.00000000
   12.46166611  274.50698853    0.00000000    0.00000000
   12.46305561  284.05099487    0.00000000    0.00000000
   12.46444416  265.54299927    0.00000000    0.00000000
   12.46638870  274.85800171    0.00000000    0.00000000
   12.46722221  307.20098877    0.00000000    0.00000000
   12.46861076  259.33801270    0.00000000    0.00000000
   12.46999931  289.45700073    0.00000000    0.00000000
   12.47138882  266.46200562    0.00000000    0.00000000
   12.47277737  255.67700195    0.00000000    0.00000000
   12.47416592  278.45300293    0.00000000    0.00000000
   12.47611046  225.87899780    0.00000000    0.00000000
   12.47694397  263.65200806    0.00000000    0.00000000
   12.47833252  264.94699097    0.00000000    0.00000000
   12.47972202  295.77200317    0.00000000    0.00000000
   12.48111057  274.62799072    0.00000000    0.00000000
   12.48249912  248.49400330    0.00000000    0.00000000
   12.48388958  247.18899536    0.00000000    0.00000000
   12.48583317  296.33300781    0.00000000    0.00000000
   12.48666668  269.50799561    0.00000000    0.00000000
   12.48805618  256.75698853    0.00000000    0.00000000
   12.48944473  277.63800049    0.00000000    0.00000000
   12.49083328  271.77398682    0.00000000    0.00000000
   12.49222279  242.91700745    0.00000000    0.00000000
   12.49361134  252.86500549    0.00000000    0.00000000
   12.49555588  264.98098755    0.00000000    0.00000000
   12.49638939  255.47500610    0.00000000    0.00000000
   12.49777794  249.16600037    0.00000000    0.00000000
   12.49916649  248.12600708    0.00000000    0.00000000
   12.50055599  229.76800537    0.00000000    0.00000000
   12.50194454  255.72099304    0.00000000    0.00000000
   12.50333309  288.06399536    0.00000000    0.00000000
   12.50527763  242.19599915    0.00000000    0.00000000
   12.50611115  263.15600586    0.00000000    0.00000000
   12.50749969  275.94299316    0.00000000    0.00000000
   12.50888920  234.74800110    0.00000000    0.00000000
   12.51027775  260.18399048    0.00000000    0.00000000
   12.51166630  271.69000244    0.00000000    0.00000000
   12.51305580  275.94900513    0.00000000    0.00000000
   12.51500034  212.83099365    0.00000000    0.00000000
   12.51500034  257.92498779    0.00000000    0.00000000
   12.51500034  257.04000854    0.00000000    0.00000000
   12.51500034  269.70901489    0.00000000    0.00000000
   12.51500034  282.16500854    0.00000000    0.00000000
   12.51500034  314.28900146    0.00000000    0.00000000
   12.51500034  242.66299438    0.00000000    0.00000000
   12.51500034  224.73300171    0.00000000    0.00000000
   12.51500034  256.04800415    0.00000000    0.00000000
   12.51500034  257.66000366    0.00000000    0.00000000
   12.51527786  289.15600586    0.00000000    0.00000000
   12.51833344  259.90701294    0.00000000    0.00000000
   12.52138901  295.95901489    0.00000000    0.00000000
   12.52472210  333.01901245    0.00000000    0.00000000
   12.52638817  304.09298706    0.00000000    0.00000000
   12.52777767  321.28399658    0.00000000    0.00000000
   12.52916622  310.69100952    0.00000000    0.00000000
   12.53055573  312.60198975    0.00000000    0.00000000
   12.53194427  350.55700684    0.00000000    0.00000000
   12.53361130  342.70700073    0.00000000    0.00000000
   12.53472233  355.81600952    0.00000000    0.00000000
   12.53611183  333.06600952    0.00000000    0.00000000
   12.53750038  366.24700928    0.00000000    0.00000000
   12.53888893  376.38198853    0.00000000    0.00000000
   12.54027843  338.68701172    0.00000000    0.00000000
   12.54166698  457.37298584    0.00000000    0.00000000
   12.54333401  369.11801147    0.00000000    0.00000000
   12.54444504  333.49398804    0.00000000    0.00000000
   12.54583359  417.09899902    0.00000000    0.00000000
   12.54722309  446.28298950    0.00000000    0.00000000
   12.54861164  356.98400879    0.00000000    0.00000000
   12.55000019  362.92800903    0.00000000    0.00000000
   12.55138874  444.38598633    0.00000000    0.00000000
   12.55305576  446.88900757    0.00000000    0.00000000
   12.55416679  428.77700806    0.00000000    0.00000000
   12.55555534  456.85800171    0.00000000    0.00000000
   12.55694485  511.30300903    0.00000000    0.00000000
   12.55833340  513.41101074    0.00000000    0.00000000
   12.55972195  507.29501343    0.00000000    0.00000000
   12.56111145  512.79199219    0.00000000    0.00000000
   12.56277752  581.07800293    0.00000000    0.00000000
   12.56388950  495.69799805    0.00000000    0.00000000
   12.56527805  499.00000000    0.00000000    0.00000000
   12.56666660  515.87597656    0.00000000    0.00000000
   12.56805515  496.48400879    0.00000000    0.00000000
   12.56944466  488.04699707    0.00000000    0.00000000
   12.57083321  439.29000854    0.00000000    0.00000000
   12.57250023  481.46099854    0.00000000    0.00000000
   12.57361126  426.88699341    0.00000000    0.00000000
   12.57499981  458.62899780    0.00000000    0.00000000
   12.57638836  432.38400269    0.00000000    0.00000000
   12.57777786  364.11898804    0.00000000    0.00000000
   12.57916641  492.80801392    0.00000000    0.00000000
   12.58055592  501.42199707    0.00000000    0.00000000
   12.58222198  308.18798828    0.00000000    0.00000000
   12.58333302  448.88000488    0.00000000    0.00000000
   12.58472157  403.97000122    0.00000000    0.00000000
   12.58611107  456.28799438    0.00000000    0.00000000
   12.58749962  432.72900391    0.00000000    0.00000000
   12.58888817  372.92498779    0.00000000    0.00000000
   12.59027767  464.77398682    0.00000000    0.00000000
   12.59194374  430.96301270    0.00000000    0.00000000
   12.59305477  429.60000610    0.00000000    0.00000000
   12.59444427  429.81201172    0.00000000    0.00000000
   12.59583282  433.38198853    0.00000000    0.00000000
   12.59722233  413.33300781    0.00000000    0.00000000
   12.59861088  337.64001465    0.00000000    0.00000000
   12.60000038  405.19799805    0.00000000    0.00000000
   12.60166740  380.89199829    0.00000000    0.00000000
   12.60277843  369.83700562    0.00000000    0.00000000
   12.60416698  381.34899902    0.00000000    0.00000000
   12.60555553  371.45901489    0.00000000    0.00000000
   12.60694504  257.06298828    0.00000000    0.00000000
   12.60833359  349.46200562    0.00000000    0.00000000
   12.60972214  339.96200562    0.00000000    0.00000000
   12.61138916  375.36099243    0.00000000    0.00000000
   12.61250019  368.84500122    0.00000000    0.00000000
   12.61388969  367.66198730    0.00000000    0.00000000
   12.61527824  320.18701172    0.00000000    0.00000000
   12.61666679  369.18600464    0.00000000    0.00000000
   12.61805534  371.93200684    0.00000000    0.00000000
   12.61944485  337.42199707    0.00000000    0.00000000
   12.62111092  337.18499756    0.00000000    0.00000000
   12.62222195  333.38400269    0.00000000    0.00000000
   12.62361145  332.09500122    0.00000000    0.00000000
   12.62500000  335.62899780    0.00000000    0.00000000
   12.62638855  320.97399902    0.00000000    0.00000000
   12.62777805  321.83999634    0.00000000    0.00000000
   12.62916660  313.70300293    0.00000000    0.00000000
   12.63083363  317.99200439    0.00000000    0.00000000
   12.63194466  365.79501343    0.00000000    0.00000000
   12.63333321  394.29800415    0.00000000    0.00000000
   12.63472176  367.13299561    0.00000000    0.00000000
   12.63611126  322.79501343    0.00000000    0.00000000
   12.63749981  299.70999146    0.00000000    0.00000000
   12.63888836  314.08499146    0.00000000    0.00000000
   12.64055538  303.75299072    0.00000000    0.00000000
   12.64166641  316.40399170    0.00000000    0.00000000
   12.64305496  370.32800293    0.00000000    0.00000000
   12.64444447  362.64898682    0.00000000    0.00000000
   12.64583302  369.87799072    0.00000000    0.00000000
   12.64722252  250.24000549    0.00000000    0.00000000
   12.64861107  321.99301147    0.00000000    0.00000000
   12.65055561  318.46200562    0.00000000    0.00000000
   12.65138817  325.71701050    0.00000000    0.00000000
   12.65277767  334.50601196    0.00000000    0.00000000
   12.65416622  314.03298950    0.00000000    0.00000000
   12.65555477  233.87800598    0.00000000    0.00000000
   12.65694427  247.56599426    0.00000000    0.00000000
   12.65833282  231.47500610    0.00000000    0.00000000
   12.66027737  299.16101074    0.00000000    0.00000000
   12.66111088  322.49600220    0.00000000    0.00000000
   12.66249943  321.75299072    0.00000000    0.00000000
   12.66388893  331.06298828    0.00000000    0.00000000
   12.66527748  332.91400146    0.00000000    0.00000000
   12.66666698  328.58200073    0.00000000    0.00000000
   12.66805553  260.98699951    0.00000000    0.00000000
   12.67000008  276.84100342    0.00000000    0.00000000
   12.67083359  260.53201294    0.00000000    0.00000000
   12.67222214  246.70199585    0.00000000    0.00000000
   12.67361164  269.98599243    0.00000000    0.00000000
   12.67500019  287.59899902    0.00000000    0.00000000
   12.67638874  271.09799194    0.00000000    0.00000000
   12.67777824  344.88699341    0.00000000    0.00000000
   12.67972279  305.87200928    0.00000000    0.00000000
   12.68055630  268.87500000    0.00000000    0.00000000
   12.68194485  316.64599609    0.00000000    0.00000000
   12.68333340  268.19000244    0.00000000    0.00000000
   12.68472195  283.10299683    0.00000000    0.00000000
   12.68611145  326.12701416    0.00000000    0.00000000
   12.68750000  296.55200195    0.00000000    0.00000000
   12.68944454  361.65899658    0.00000000    0.00000000
   12.69027805  295.10400391    0.00000000    0.00000000
   12.69166660  298.74398804    0.00000000    0.00000000
   12.69305515  312.97000122    0.00000000    0.00000000
   12.69444466  294.82000732    0.00000000    0.00000000
   12.69583321  319.17800903    0.00000000    0.00000000
   12.69722271  290.02301025    0.00000000    0.00000000
   12.69916630  284.42599487    0.00000000    0.00000000
   12.69999981  280.09799194    0.00000000    0.00000000
   12.70138836  304.15100098    0.00000000    0.00000000
   12.70277786  285.07800293    0.00000000    0.00000000
   12.70416641  254.24099731    0.00000000    0.00000000
   12.70555496  313.69400024    0.00000000    0.00000000
   12.70694447  292.05801392    0.00000000    0.00000000
   12.70888901  290.69000244    0.00000000    0.00000000
   12.70972157  302.04299927    0.00000000    0.00000000
   12.71111107  241.60499573    0.00000000    0.00000000
   12.71249962  281.50000000    0.00000000    0.00000000
   12.71388912  248.17900085    0.00000000    0.00000000
   12.71527767  261.14099121    0.00000000    0.00000000
   12.71666622  299.50601196    0.00000000    0.00000000
   12.71861076  311.85501099    0.00000000    0.00000000
   12.71944427  265.86401367    0.00000000    0.00000000
   12.72083282  276.55801392    0.00000000    0.00000000
   12.72222137  242.38600159    0.00000000    0.00000000
   12.72361088  134.65400696    0.00000000    0.00000000
   12.72361088  289.15600586    0.00000000    0.00000000
   12.72361088  259.90701294    0.00000000    0.00000000
   12.72361088  295.95901489    0.00000000    0.00000000
   12.72361088  333.01901245    0.00000000    0.00000000
   12.72388840  146.41200256    0.00000000    0.00000000
   12.72722149  230.96200562    0.00000000    0.00000000
   12.73027706  272.79901123    0.00000000    0.00000000
   12.73333359  314.26699829    0.00000000    0.00000000
   12.73500061  256.30801392    0.00000000    0.00000000
   12.73666668  145.52200317    0.00000000    0.00000000
   12.73666668  146.41200256    0.00000000    0.00000000
   12.73666668  230.96200562    0.00000000    0.00000000
   12.73666668  272.79901123    0.00000000    0.00000000
   12.73666668  314.26699829    0.00000000    0.00000000
   12.73694515  395.14801025    0.00000000    0.00000000
   12.73861122  214.26600647    0.00000000    0.00000000
   12.74000072  255.69900513    0.00000000    0.00000000
   12.74305534  243.21099854    0.00000000    0.00000000
   12.74666691  235.37300110    0.00000000    0.00000000
   12.74944496  282.62701416    0.00000000    0.00000000
   12.75277805  240.25000000    0.00000000    0.00000000
   12.75916672  240.25000000    0.00000000    0.00000000
   12.76305580  265.40899658    0.00000000    0.00000000
   12.76611137  235.77099609    0.00000000    0.00000000
   12.76972198  260.84500122    0.00000000    0.00000000
   12.77194405  247.95100403    0.00000000    0.00000000
   12.77250004  241.15499878    0.00000000    0.00000000
   12.77583313  267.32699585    0.00000000    0.00000000
   12.77916622  290.48999023    0.00000000    0.00000000
   12.78222179  265.52398682    0.00000000    0.00000000
   12.78527832  247.38400269    0.00000000    0.00000000
   12.78861141  267.65200806    0.00000000    0.00000000
   12.79166698  251.40699768    0.00000000    0.00000000
   12.79472256  237.59700012    0.00000000    0.00000000
   12.79833412  252.69599915    0.00000000    0.00000000
   12.80194473  252.69599915    0.00000000    0.00000000
   12.80583382  219.80200195    0.00000000    0.00000000
   12.80916691  251.89100647    0.00000000    0.00000000
   12.81222248  238.59399414    0.00000000    0.00000000
   12.81527805  212.25900269    0.00000000    0.00000000
   12.81888866  224.86500549    0.00000000    0.00000000
   12.82166672  208.04100037    0.00000000    0.00000000
   12.82472229  216.03999329    0.00000000    0.00000000
   12.82833290  213.44200134    0.00000000    0.00000000
   12.83111095  221.31100464    0.00000000    0.00000000
   12.83444405  228.52600098    0.00000000    0.00000000
   12.83777714  233.80200195    0.00000000    0.00000000
   12.83861065  228.61099243    0.00000000    0.00000000
   12.84083271  226.83999634    0.00000000    0.00000000
   12.84472179  226.83999634    0.00000000    0.00000000
   12.84888840  205.30700684    0.00000000    0.00000000
   12.85194492  197.75799561    0.00000000    0.00000000
   12.85500050  242.97700500    0.00000000    0.00000000
   12.85861111  220.27799988    0.00000000    0.00000000
   12.86138916  220.15600586    0.00000000    0.00000000
   12.86444473  231.90699768    0.00000000    0.00000000
   12.86805534  226.55200195    0.00000000    0.00000000
   12.87083340  237.03999329    0.00000000    0.00000000
   12.87194443  219.78199768    0.00000000    0.00000000
   12.87416649  235.65499878    0.00000000    0.00000000
   12.87750053  218.80999756    0.00000000    0.00000000
   12.88055611  208.83399963    0.00000000    0.00000000
   12.88361073  217.24600220    0.00000000    0.00000000
   12.88805580  217.24600220    0.00000000    0.00000000
   12.89194393  202.37300110    0.00000000    0.00000000
   12.89499950  222.55900574    0.00000000    0.00000000
   12.89833355  214.91499329    0.00000000    0.00000000
   12.90138817  200.55299377    0.00000000    0.00000000
   12.90444374  249.83000183    0.00000000    0.00000000
   12.90527725  222.55400085    0.00000000    0.00000000
   12.90805531  224.15899658    0.00000000    0.00000000
   12.91083336  229.91200256    0.00000000    0.00000000
   12.91388893  202.38600159    0.00000000    0.00000000
   12.91750050  202.04100037    0.00000000    0.00000000
   12.92027855  184.28300476    0.00000000    0.00000000
   12.92361164  212.61599731    0.00000000    0.00000000
   12.92694473  227.85000610    0.00000000    0.00000000
   12.93083382  227.85000610    0.00000000    0.00000000
   12.93444443  213.69099426    0.00000000    0.00000000
   12.93805599  210.32699585    0.00000000    0.00000000
   12.93861103  190.79800415    0.00000000    0.00000000
   12.94083309  204.25799561    0.00000000    0.00000000
   12.94416714  201.88499451    0.00000000    0.00000000
   12.94750023  232.12100220    0.00000000    0.00000000
   12.95055580  206.77400208    0.00000000    0.00000000
   12.97027779  216.75000000    0.00000000    0.00000000
   12.97416592  216.75000000    0.00000000    0.00000000
   12.97805500  226.06300354    0.00000000    0.00000000
   12.98138809  226.78399658    0.00000000    0.00000000
   12.98444462  200.60499573    0.00000000    0.00000000
   12.98750019  204.00100708    0.00000000    0.00000000
   12.99083328  234.43200684    0.00000000    0.00000000
   12.99388885  228.43400574    0.00000000    0.00000000
   12.99694443  220.78999329    0.00000000    0.00000000
   13.00055599  226.25199890    0.00000000    0.00000000
   13.00333309  234.72500610    0.00000000    0.00000000
   13.00527763  241.09100342    0.00000000    0.00000000
   13.00638866  234.01100159    0.00000000    0.00000000
   13.01000023  264.87100220    0.00000000    0.00000000
   13.01277733  277.60598755    0.00000000    0.00000000
   13.01694393  277.60598755    0.00000000    0.00000000
   13.02111053  282.85000610    0.00000000    0.00000000
   13.02416611  289.70700073    0.00000000    0.00000000
   13.02722168  325.17700195    0.00000000    0.00000000
   13.02888870  327.20401001    0.00000000    0.00000000
   13.03055573  332.14999390    0.00000000    0.00000000
   13.03138828  353.29598999    0.00000000    0.00000000
   13.03277779  342.42800903    0.00000000    0.00000000
   13.03416729  334.51901245    0.00000000    0.00000000
   13.03555584  349.88598633    0.00000000    0.00000000
   13.03694534  363.95300293    0.00000000    0.00000000
   13.03833389  370.23599243    0.00000000    0.00000000
   13.04027843  386.15499878    0.00000000    0.00000000
   13.04111195  388.85998535    0.00000000    0.00000000
   13.04250050  394.16101074    0.00000000    0.00000000
   13.04388905  429.29998779    0.00000000    0.00000000
   13.04527855  430.75399780    0.00000000    0.00000000
   13.04666710  407.23699951    0.00000000    0.00000000
   13.04805565  427.09799194    0.00000000    0.00000000
   13.05000019  441.26098633    0.00000000    0.00000000
   13.05083370  431.62799072    0.00000000    0.00000000
   13.05222225  424.89801025    0.00000000    0.00000000
   13.05361176  417.60198975    0.00000000    0.00000000
   13.05500031  413.46899414    0.00000000    0.00000000
   13.05638885  424.17498779    0.00000000    0.00000000
   13.05777836  418.71301270    0.00000000    0.00000000
   13.05972195  399.08599854    0.00000000    0.00000000
   13.06055546  432.82299805    0.00000000    0.00000000
   13.06194496  464.45199585    0.00000000    0.00000000
   13.06333351  480.70901489    0.00000000    0.00000000
   13.06472206  446.30801392    0.00000000    0.00000000
   13.06611156  452.21200562    0.00000000    0.00000000
   13.06750011  479.07800293    0.00000000    0.00000000
   13.06944466  477.04598999    0.00000000    0.00000000
   13.07027817  461.50100708    0.00000000    0.00000000
   13.07166672  451.98498535    0.00000000    0.00000000
   13.07305527  440.43499756    0.00000000    0.00000000
   13.07444477  461.48300171    0.00000000    0.00000000
   13.07583332  453.95300293    0.00000000    0.00000000
   13.07722187  463.19601440    0.00000000    0.00000000
   13.07916641  446.74798584    0.00000000    0.00000000
   13.07999992  442.72698975    0.00000000    0.00000000
   13.08138847  470.75799561    0.00000000    0.00000000
   13.08277798  408.92001343    0.00000000    0.00000000
   13.08416653  476.56600952    0.00000000    0.00000000
   13.08555508  474.69699097    0.00000000    0.00000000
   13.08694458  441.06298828    0.00000000    0.00000000
   13.08888817  415.51800537    0.00000000    0.00000000
   13.08972168  464.98901367    0.00000000    0.00000000
   13.09111118  442.83099365    0.00000000    0.00000000
   13.09249973  427.10900879    0.00000000    0.00000000
   13.09416676  444.52801514    0.00000000    0.00000000
   13.09555531  423.04699707    0.00000000    0.00000000
   13.09694386  414.63800049    0.00000000    0.00000000
   13.09861088  430.57000732    0.00000000    0.00000000
   13.09972191  413.57800293    0.00000000    0.00000000
   13.10111141  387.00698853    0.00000000    0.00000000
   13.10249996  398.88400269    0.00000000    0.00000000
   13.10388947  449.01599121    0.00000000    0.00000000
   13.10527802  399.49200439    0.00000000    0.00000000
   13.10666752  447.35299683    0.00000000    0.00000000
   13.10833359  420.07598877    0.00000000    0.00000000
   13.10944462  425.34100342    0.00000000    0.00000000
   13.11083412  415.46600342    0.00000000    0.00000000
   13.11222267  446.11099243    0.00000000    0.00000000
   13.11361122  428.33801270    0.00000000    0.00000000
   13.11500072  433.02600098    0.00000000    0.00000000
   13.11638927  464.98199463    0.00000000    0.00000000
   13.11805534  435.29800415    0.00000000    0.00000000
   13.11916637  455.75299072    0.00000000    0.00000000
   13.12055588  481.72698975    0.00000000    0.00000000
   13.12194443  401.24700928    0.00000000    0.00000000
   13.12333393  409.52301025    0.00000000    0.00000000
   13.12472248  400.93301392    0.00000000    0.00000000
   13.12611103  400.08599854    0.00000000    0.00000000
   13.12777805  387.32400513    0.00000000    0.00000000
   13.12888908  389.41101074    0.00000000    0.00000000
   13.13027763  375.48199463    0.00000000    0.00000000
   13.13166714  382.02499390    0.00000000    0.00000000
   13.13305569  379.35998535    0.00000000    0.00000000
   13.13444424  388.37399292    0.00000000    0.00000000
   13.13583279  377.89498901    0.00000000    0.00000000
   13.13749981  366.62701416    0.00000000    0.00000000
   13.13861084  372.71899414    0.00000000    0.00000000
   13.14000034  385.53399658    0.00000000    0.00000000
   13.14138889  378.15499878    0.00000000    0.00000000
   13.14277744  370.97601318    0.00000000    0.00000000
   13.14416695  356.42001343    0.00000000    0.00000000
   13.14555550  348.35501099    0.00000000    0.00000000
   13.14722252  371.17498779    0.00000000    0.00000000
   13.14833355  374.29998779    0.00000000    0.00000000
   13.14972210  349.97500610    0.00000000    0.00000000
   13.15111065  355.32000732    0.00000000    0.00000000
   13.15249920  363.26501465    0.00000000    0.00000000
   13.15388870  363.91299438    0.00000000    0.00000000
   13.15527725  348.23498535    0.00000000    0.00000000
   13.15694427  356.80599976    0.00000000    0.00000000
   13.15805531  337.60501099    0.00000000    0.00000000
   13.15944386  334.57299805    0.00000000    0.00000000
   13.16083336  321.08999634    0.00000000    0.00000000
   13.16222191  319.23999023    0.00000000    0.00000000
   13.16361046  372.91000366    0.00000000    0.00000000
   13.16499996  329.35998535    0.00000000    0.00000000
   13.16666698  358.30599976    0.00000000    0.00000000
   13.16777802  345.78698730    0.00000000    0.00000000
   13.16916656  346.71099854    0.00000000    0.00000000
   13.17055607  307.24301147    0.00000000    0.00000000
   13.17194462  311.64498901    0.00000000    0.00000000
   13.17333412  322.80200195    0.00000000    0.00000000
   13.17472267  294.73498535    0.00000000    0.00000000
   13.17638874  309.91699219    0.00000000    0.00000000
   13.17750072  339.60000610    0.00000000    0.00000000
   13.17888927  314.59201050    0.00000000    0.00000000
   13.18027782  305.96600342    0.00000000    0.00000000
   13.18166733  312.81100464    0.00000000    0.00000000
   13.18305588  337.58999634    0.00000000    0.00000000
   13.18444443  314.87600708    0.00000000    0.00000000
   13.18611145  320.54501343    0.00000000    0.00000000
   13.18722248  293.86599731    0.00000000    0.00000000
   13.18861103  325.74499512    0.00000000    0.00000000
   13.19000053  307.73498535    0.00000000    0.00000000
   13.19138908  311.27700806    0.00000000    0.00000000
   13.19277763  300.59799194    0.00000000    0.00000000
   13.19416714  327.08898926    0.00000000    0.00000000
   13.19583321  342.22198486    0.00000000    0.00000000
   13.19694424  343.89001465    0.00000000    0.00000000
   13.19833374  323.39801025    0.00000000    0.00000000
   13.19972229  301.36300659    0.00000000    0.00000000
   13.20111084  300.34698486    0.00000000    0.00000000
   13.20249939  376.26098633    0.00000000    0.00000000
   13.20388889  303.10101318    0.00000000    0.00000000
   13.20555496  285.81298828    0.00000000    0.00000000
   13.20666695  309.95001221    0.00000000    0.00000000
   13.20805550  317.62701416    0.00000000    0.00000000
   13.20944405  282.89999390    0.00000000    0.00000000
   13.21083355  304.99398804    0.00000000    0.00000000
   13.21222210  298.91500854    0.00000000    0.00000000
   13.21361065  359.32901001    0.00000000    0.00000000
   13.21527767  335.67401123    0.00000000    0.00000000
   13.21638870  328.34600830    0.00000000    0.00000000
   13.21777725  341.12500000    0.00000000    0.00000000
   13.21916580  282.50799561    0.00000000    0.00000000
   13.22055531  304.85598755    0.00000000    0.00000000
   13.22194386  368.46798706    0.00000000    0.00000000
   13.22333336  330.33898926    0.00000000    0.00000000
   13.22499943  296.93600464    0.00000000    0.00000000
   13.22611046  307.47601318    0.00000000    0.00000000
   13.22749996  315.75900269    0.00000000    0.00000000
   13.22888851  357.20001221    0.00000000    0.00000000
   13.23027706  334.27999878    0.00000000    0.00000000
   13.23166656  329.54800415    0.00000000    0.00000000
   13.23305511  339.48098755    0.00000000    0.00000000
   13.23472214  330.67001343    0.00000000    0.00000000
   13.23583317  317.13598633    0.00000000    0.00000000
   13.23722267  348.42800903    0.00000000    0.00000000
   13.23861122  347.22000122    0.00000000    0.00000000
   13.24000072  331.18701172    0.00000000    0.00000000
   13.24138927  339.86199951    0.00000000    0.00000000
   13.24277782  340.43600464    0.00000000    0.00000000
   13.24444485  354.14700317    0.00000000    0.00000000
   13.24555588  339.20199585    0.00000000    0.00000000
   13.24694443  350.39999390    0.00000000    0.00000000
   13.24833393  336.69500732    0.00000000    0.00000000
   13.24972248  327.58700562    0.00000000    0.00000000
   13.25111103  321.55398560    0.00000000    0.00000000
   13.25249958  361.61300659    0.00000000    0.00000000
   13.25416660  346.22900391    0.00000000    0.00000000
   13.25527763  316.70300293    0.00000000    0.00000000
   13.25666714  332.09100342    0.00000000    0.00000000
   13.25805569  353.36300659    0.00000000    0.00000000
   13.25944424  365.93499756    0.00000000    0.00000000
   13.26083374  410.81100464    0.00000000    0.00000000
   13.26222229  390.87298584    0.00000000    0.00000000
   13.26388931  371.30801392    0.00000000    0.00000000
   13.26500034  360.53100586    0.00000000    0.00000000
   13.26638889  401.20199585    0.00000000    0.00000000
   13.26777744  416.46200562    0.00000000    0.00000000
   13.26916599  434.67401123    0.00000000    0.00000000
   13.27055550  451.31600952    0.00000000    0.00000000
   13.27194405  444.77801514    0.00000000    0.00000000
   13.27361107  366.45599365    0.00000000    0.00000000
   13.27472210  472.91000366    0.00000000    0.00000000
   13.27611065  434.63500977    0.00000000    0.00000000
   13.27750015  418.19400024    0.00000000    0.00000000
   13.27888870  525.35699463    0.00000000    0.00000000
   13.28027725  465.37298584    0.00000000    0.00000000
   13.28166676  494.95999146    0.00000000    0.00000000
   13.28361130  534.28399658    0.00000000    0.00000000
   13.28444481  441.10598755    0.00000000    0.00000000
   13.28583336  470.89801025    0.00000000    0.00000000
   13.28722286  453.02999878    0.00000000    0.00000000
   13.28861141  446.07901001    0.00000000    0.00000000
   13.29000092  485.63500977    0.00000000    0.00000000
   13.29138947  453.81500244    0.00000000    0.00000000
   13.29333401  485.23599243    0.00000000    0.00000000
   13.29416752  515.18402100    0.00000000    0.00000000
   13.29555607  461.67401123    0.00000000    0.00000000
   13.29694462  478.65399170    0.00000000    0.00000000
   13.29833412  451.47900391    0.00000000    0.00000000
   13.29972267  497.24398804    0.00000000    0.00000000
   13.30111122  396.90701294    0.00000000    0.00000000
   13.30305576  416.16299438    0.00000000    0.00000000
   13.30388927  450.66799927    0.00000000    0.00000000
   13.30527782  422.97601318    0.00000000    0.00000000
   13.30666733  407.96301270    0.00000000    0.00000000
   13.30805588  444.14898682    0.00000000    0.00000000
   13.30944443  462.44500732    0.00000000    0.00000000
   13.31083393  435.40899658    0.00000000    0.00000000
   13.31277752  410.47698975    0.00000000    0.00000000
   13.31361103  402.84201050    0.00000000    0.00000000
   13.31500053  428.61801147    0.00000000    0.00000000
   13.31638908  407.77999878    0.00000000    0.00000000
   13.31777763  374.51501465    0.00000000    0.00000000
   13.31916618  377.14498901    0.00000000    0.00000000
   13.32055569  330.98901367    0.00000000    0.00000000
   13.32250023  372.03201294    0.00000000    0.00000000
   13.32333374  375.58499146    0.00000000    0.00000000
   13.32472229  370.30300903    0.00000000    0.00000000
   13.32611084  397.89099121    0.00000000    0.00000000
   13.32750034  365.55499268    0.00000000    0.00000000
   13.32888889  367.75900269    0.00000000    0.00000000
   13.33027744  366.36401367    0.00000000    0.00000000
   13.33222198  309.75601196    0.00000000    0.00000000
   13.33305550  353.77700806    0.00000000    0.00000000
   13.33444405  365.28100586    0.00000000    0.00000000
   13.33583260  372.44299316    0.00000000    0.00000000
   13.33722210  364.98901367    0.00000000    0.00000000
   13.33861065  339.82299805    0.00000000    0.00000000
   13.34000015  277.94601440    0.00000000    0.00000000
   13.34194374  347.98498535    0.00000000    0.00000000
   13.34277725  331.11700439    0.00000000    0.00000000
   13.34416676  328.12298584    0.00000000    0.00000000
   13.34555531  335.28399658    0.00000000    0.00000000
   13.34694386  347.75399780    0.00000000    0.00000000
   13.34833336  368.79800415    0.00000000    0.00000000
   13.34972191  333.34500122    0.00000000    0.00000000
   13.35166740  332.15899658    0.00000000    0.00000000
   13.35249996  343.26699829    0.00000000    0.00000000
   13.35388947  335.73699951    0.00000000    0.00000000
   13.35527802  351.13800049    0.00000000    0.00000000
   13.35666752  337.29699707    0.00000000    0.00000000
   13.35805607  303.31500244    0.00000000    0.00000000
   13.35944462  311.30499268    0.00000000    0.00000000
   13.36138916  327.56799316    0.00000000    0.00000000
   13.36222267  323.38400269    0.00000000    0.00000000
   13.36361122  278.80499268    0.00000000    0.00000000
   13.36500072  355.48800659    0.00000000    0.00000000
   13.36638927  347.62200928    0.00000000    0.00000000
   13.36777782  341.76300049    0.00000000    0.00000000
   13.36916637  344.08099365    0.00000000    0.00000000
   13.37111092  355.02099609    0.00000000    0.00000000
   13.37194443  310.34698486    0.00000000    0.00000000
   13.37333393  319.80599976    0.00000000    0.00000000
   13.37472248  334.63500977    0.00000000    0.00000000
   13.37611103  376.71200562    0.00000000    0.00000000
   13.37750053  333.47799683    0.00000000    0.00000000
   13.37888908  326.68701172    0.00000000    0.00000000
   13.38083363  302.16400146    0.00000000    0.00000000
   13.38166714  306.78100586    0.00000000    0.00000000
   13.38305569  335.57800293    0.00000000    0.00000000
   13.38472176  338.58700562    0.00000000    0.00000000
   13.38583279  331.39300537    0.00000000    0.00000000
   13.38722229  356.80499268    0.00000000    0.00000000
   13.38861084  288.44000244    0.00000000    0.00000000
   13.39055538  315.81900024    0.00000000    0.00000000
   13.39138889  318.37899780    0.00000000    0.00000000
   13.39277744  303.58999634    0.00000000    0.00000000
   13.39416695  336.74398804    0.00000000    0.00000000
   13.39555550  298.07501221    0.00000000    0.00000000
   13.39694405  351.88101196    0.00000000    0.00000000
   13.39833355  342.20498657    0.00000000    0.00000000
   13.40027714  300.61700439    0.00000000    0.00000000
   13.40111065  354.58401489    0.00000000    0.00000000
   13.40277767  319.19198608    0.00000000    0.00000000
   13.40388870  308.84201050    0.00000000    0.00000000
   13.40555477  304.94699097    0.00000000    0.00000000
   13.40694427  298.87100220    0.00000000    0.00000000
   13.40833282  274.32901001    0.00000000    0.00000000
   13.40999985  326.59399414    0.00000000    0.00000000
   13.41111088  316.11499023    0.00000000    0.00000000
   13.41249943  307.23901367    0.00000000    0.00000000
   13.41388893  278.17098999    0.00000000    0.00000000
   13.41527748  330.90499878    0.00000000    0.00000000
   13.41666698  320.70800781    0.00000000    0.00000000
   13.41805553  303.85299683    0.00000000    0.00000000
   13.41972256  305.17498779    0.00000000    0.00000000
   13.42083359  321.90600586    0.00000000    0.00000000
   13.42222214  302.48098755    0.00000000    0.00000000
   13.42361164  289.93399048    0.00000000    0.00000000
   13.42500019  316.83898926    0.00000000    0.00000000
   13.42638874  291.60900879    0.00000000    0.00000000
   13.42777824  318.17498779    0.00000000    0.00000000
   13.42944431  293.80700684    0.00000000    0.00000000
   13.43055630  295.94500732    0.00000000    0.00000000
   13.43194485  313.15100098    0.00000000    0.00000000
   13.43333340  296.21798706    0.00000000    0.00000000
   13.43472195  276.05599976    0.00000000    0.00000000
   13.43611145  269.52700806    0.00000000    0.00000000
   13.43750000  323.03900146    0.00000000    0.00000000
   13.43916702  333.71099854    0.00000000    0.00000000
   13.44027805  321.67401123    0.00000000    0.00000000
   13.44166660  315.40100098    0.00000000    0.00000000
   13.44305515  305.38000488    0.00000000    0.00000000
   13.44444466  292.67401123    0.00000000    0.00000000
   13.44583321  342.61898804    0.00000000    0.00000000
   13.44722271  285.36898804    0.00000000    0.00000000
   13.44888878  352.01300049    0.00000000    0.00000000
   13.44999981  292.83099365    0.00000000    0.00000000
   13.45138836  330.86199951    0.00000000    0.00000000
   13.45277786  291.21499634    0.00000000    0.00000000
   13.45416641  301.54800415    0.00000000    0.00000000
   13.45555496  297.80700684    0.00000000    0.00000000
   13.45694447  311.25000000    0.00000000    0.00000000
   13.45861053  285.68899536    0.00000000    0.00000000
   13.45972157  297.24499512    0.00000000    0.00000000
   13.46111107  257.15200806    0.00000000    0.00000000
   13.46249962  280.98901367    0.00000000    0.00000000
   13.46388912  258.81399536    0.00000000    0.00000000
   13.46527767  224.78799438    0.00000000    0.00000000
   13.46666622  299.15100098    0.00000000    0.00000000
   13.46833324  294.27200317    0.00000000    0.00000000
   13.46944427  244.51899719    0.00000000    0.00000000
   13.47083282  243.74600220    0.00000000    0.00000000
   13.47222137  285.76998901    0.00000000    0.00000000
   13.47361088  277.83499146    0.00000000    0.00000000
   13.47499943  263.87200928    0.00000000    0.00000000
   13.47638798  252.53599548    0.00000000    0.00000000
   13.47805500  277.62500000    0.00000000    0.00000000
   13.47916603  274.01098633    0.00000000    0.00000000
   13.48055553  279.02700806    0.00000000    0.00000000
   13.48194408  278.42599487    0.00000000    0.00000000
   13.48333359  291.47000122    0.00000000    0.00000000
   13.48472214  309.11300659    0.00000000    0.00000000
   13.48611164  269.01998901    0.00000000    0.00000000
   13.48777771  261.76400757    0.00000000    0.00000000
   13.48888874  243.25199890    0.00000000    0.00000000
   13.49027824  239.03900146    0.00000000    0.00000000
   13.49166679  259.38101196    0.00000000    0.00000000
   13.49305534  267.68301392    0.00000000    0.00000000
   13.49444485  271.83300781    0.00000000    0.00000000
   13.49583340  274.54501343    0.00000000    0.00000000
   13.49750042  271.19100952    0.00000000    0.00000000
   13.49861145  263.74099731    0.00000000    0.00000000
   13.50000000  270.17300415    0.00000000    0.00000000
   13.50138855  284.12500000    0.00000000    0.00000000
   13.50277805  272.29199219    0.00000000    0.00000000
   13.50416660  295.31900024    0.00000000    0.00000000
   13.50555515  285.44799805    0.00000000    0.00000000
   13.50722218  268.05599976    0.00000000    0.00000000
   13.50833321  266.73599243    0.00000000    0.00000000
   13.50972176  287.59399414    0.00000000    0.00000000
   13.51111126  277.69400024    0.00000000    0.00000000
   13.51249981  267.67800903    0.00000000    0.00000000
   13.51388931  269.74700928    0.00000000    0.00000000
   13.51527786  274.70001221    0.00000000    0.00000000
   13.51694393  293.76998901    0.00000000    0.00000000
   13.51805496  252.84100342    0.00000000    0.00000000
   13.51944447  259.73901367    0.00000000    0.00000000
   13.52083302  264.35800171    0.00000000    0.00000000
   13.52222157  303.82901001    0.00000000    0.00000000
   13.52361107  255.03100586    0.00000000    0.00000000
   13.52499962  268.92498779    0.00000000    0.00000000
   13.52666664  221.79200745    0.00000000    0.00000000
   13.52777767  263.36599731    0.00000000    0.00000000
   13.52916622  289.04901123    0.00000000    0.00000000
   13.53055573  239.02799988    0.00000000    0.00000000
   13.53194427  242.69700623    0.00000000    0.00000000
   13.53333378  277.35299683    0.00000000    0.00000000
   13.53472233  234.40800476    0.00000000    0.00000000
   13.53638935  233.44599915    0.00000000    0.00000000
   13.53750038  240.56700134    0.00000000    0.00000000
   13.53888893  253.25799561    0.00000000    0.00000000
   13.54027843  271.92098999    0.00000000    0.00000000
   13.54166698  264.33499146    0.00000000    0.00000000
   13.54305553  273.61401367    0.00000000    0.00000000
   13.54444504  265.27099609    0.00000000    0.00000000
   13.54611111  212.07499695    0.00000000    0.00000000
   13.54611111  282.85000610    0.00000000    0.00000000
   13.54611111  289.70700073    0.00000000    0.00000000
   13.54611111  325.17700195    0.00000000    0.00000000
   13.54611111  220.78999329    0.00000000    0.00000000
   13.54611111  226.25199890    0.00000000    0.00000000
   13.54638958  234.72500610    0.00000000    0.00000000
   13.54638958  234.01100159    0.00000000    0.00000000
   13.54638958  264.87100220    0.00000000    0.00000000
   13.54638958  277.60598755    0.00000000    0.00000000
   13.54638958  233.39799500    0.00000000    0.00000000
   13.54944515  232.22200012    0.00000000    0.00000000
   13.55249977  210.30999756    0.00000000    0.00000000
   13.55611134  226.63099670    0.00000000    0.00000000
   13.55888939  237.28100586    0.00000000    0.00000000
   13.56222248  230.60200500    0.00000000    0.00000000
   13.56694412  230.60200500    0.00000000    0.00000000
   13.57083321  241.35299683    0.00000000    0.00000000
   13.57388878  230.82299805    0.00000000    0.00000000
   13.57750034  242.93899536    0.00000000    0.00000000
   13.57972240  254.49000549    0.00000000    0.00000000
   13.58027744  244.67599487    0.00000000    0.00000000
   13.58333302  216.60600281    0.00000000    0.00000000
   13.58694458  238.73199463    0.00000000    0.00000000
   13.58972168  226.78799438    0.00000000    0.00000000
   13.59305477  227.05799866    0.00000000    0.00000000
   13.59638882  211.01499939    0.00000000    0.00000000
   13.59944439  244.82200623    0.00000000    0.00000000
   13.60249996  243.16200256    0.00000000    0.00000000
   13.60583401  262.64801025    0.00000000    0.00000000
   13.60972214  262.64801025    0.00000000    0.00000000
   13.61361122  241.36000061    0.00000000    0.00000000
   13.61694431  251.76499939    0.00000000    0.00000000
   13.61999989  210.60600281    0.00000000    0.00000000
   13.62305546  211.03399658    0.00000000    0.00000000
   13.62638855  214.71600342    0.00000000    0.00000000
   13.62944412  238.95399475    0.00000000    0.00000000
   13.63249969  204.16200256    0.00000000    0.00000000
   13.63611126  299.09100342    0.00000000    0.00000000
   13.63888836  321.39898682    0.00000000    0.00000000
   13.64055538  317.26098633    0.00000000    0.00000000
   13.64194393  305.40399170    0.00000000    0.00000000
   13.64333344  292.97900391    0.00000000    0.00000000
   13.64499950  311.95098877    0.00000000    0.00000000
   13.64611053  236.86399841    0.00000000    0.00000000
   13.64750004  285.95999146    0.00000000    0.00000000
   13.64888859  293.95098877    0.00000000    0.00000000
   13.65027714  294.65899658    0.00000000    0.00000000
   13.65166664  282.92199707    0.00000000    0.00000000
   13.65305519  283.47299194    0.00000000    0.00000000
   13.65472221  242.20899963    0.00000000    0.00000000
   13.65583324  287.54998779    0.00000000    0.00000000
   13.65722179  281.25299072    0.00000000    0.00000000
   13.65861034  311.59201050    0.00000000    0.00000000
   13.65999985  314.94198608    0.00000000    0.00000000
   13.66138840  330.20901489    0.00000000    0.00000000
   13.66277695  290.02301025    0.00000000    0.00000000
   13.66444397  275.05398560    0.00000000    0.00000000
   13.66555500  257.37298584    0.00000000    0.00000000
   13.66694450  244.76499939    0.00000000    0.00000000
   13.66833401  275.16400146    0.00000000    0.00000000
   13.66972256  268.53201294    0.00000000    0.00000000
   13.67111111  305.30499268    0.00000000    0.00000000
   13.67250061  286.31399536    0.00000000    0.00000000
   13.67416668  246.36500549    0.00000000    0.00000000
   13.67527771  299.48999023    0.00000000    0.00000000
   13.67666721  296.04501343    0.00000000    0.00000000
   13.67805576  305.52398682    0.00000000    0.00000000
   13.67944431  295.37399292    0.00000000    0.00000000
   13.68083382  275.87298584    0.00000000    0.00000000
   13.68222237  279.95098877    0.00000000    0.00000000
   13.68388939  303.24899292    0.00000000    0.00000000
   13.68500042  283.79400635    0.00000000    0.00000000
   13.68638897  299.27398682    0.00000000    0.00000000
   13.68777752  312.75399780    0.00000000    0.00000000
   13.68916702  296.66299438    0.00000000    0.00000000
   13.69055557  273.56900024    0.00000000    0.00000000
   13.69194412  274.33599854    0.00000000    0.00000000
   13.69361115  273.64300537    0.00000000    0.00000000
   13.69472218  310.92098999    0.00000000    0.00000000
   13.69611073  311.57598877    0.00000000    0.00000000
   13.69750023  313.00000000    0.00000000    0.00000000
   13.69888878  263.45199585    0.00000000    0.00000000
   13.70027733  264.38699341    0.00000000    0.00000000
   13.70166683  292.48098755    0.00000000    0.00000000
   13.70333290  246.02600098    0.00000000    0.00000000
   13.70444393  225.11500549    0.00000000    0.00000000
   13.70583344  226.11599731    0.00000000    0.00000000
   13.70722198  248.17599487    0.00000000    0.00000000
   13.70861053  286.98001099    0.00000000    0.00000000
   13.71000004  249.26300049    0.00000000    0.00000000
   13.71138859  347.69500732    0.00000000    0.00000000
   13.71305561  310.11401367    0.00000000    0.00000000
   13.71416664  333.82699585    0.00000000    0.00000000
   13.71555519  310.61999512    0.00000000    0.00000000
   13.71694374  263.34698486    0.00000000    0.00000000
   13.71833324  325.89099121    0.00000000    0.00000000
   13.71972179  291.82998657    0.00000000    0.00000000
   13.72111034  234.48599243    0.00000000    0.00000000
   13.72277737  230.66099548    0.00000000    0.00000000
   13.72388840  244.49200439    0.00000000    0.00000000
   13.72527695  270.59500122    0.00000000    0.00000000
   13.72666645  270.94500732    0.00000000    0.00000000
   13.72805500  238.26199341    0.00000000    0.00000000
   13.72944355  239.92700195    0.00000000    0.00000000
   13.73083305  210.06700134    0.00000000    0.00000000
   13.73083305  241.36000061    0.00000000    0.00000000
   13.73083305  251.76499939    0.00000000    0.00000000
   13.73083305  210.60600281    0.00000000    0.00000000
   13.73083305  211.03399658    0.00000000    0.00000000
   13.73083305  214.71600342    0.00000000    0.00000000
   13.73083305  238.95399475    0.00000000    0.00000000
   13.73083305  204.16200256    0.00000000    0.00000000
   13.73083305  299.09100342    0.00000000    0.00000000
   13.73083305  321.39898682    0.00000000    0.00000000
   13.73111057  195.94700623    0.00000000    0.00000000
   13.73444462  243.96600342    0.00000000    0.00000000
   13.73750019  262.03298950    0.00000000    0.00000000
   13.74055576  229.27400208    0.00000000    0.00000000
   13.74388885  215.57600403    0.00000000    0.00000000
   13.74694443  226.63999939    0.00000000    0.00000000
   13.75111103  226.63999939    0.00000000    0.00000000
   13.75555515  220.95799255    0.00000000    0.00000000
   13.75833321  264.48400879    0.00000000    0.00000000
   13.76138878  218.81300354    0.00000000    0.00000000
   13.76472187  213.82899475    0.00000000    0.00000000
   13.76500034  218.23800659    0.00000000    0.00000000
   13.76805496  240.67300415    0.00000000    0.00000000
   13.77111053  188.80999756    0.00000000    0.00000000
   13.77472210  210.69900513    0.00000000    0.00000000
   13.77750015  208.15299988    0.00000000    0.00000000
   13.78083324  204.88200378    0.00000000    0.00000000
   13.78416729  234.09399414    0.00000000    0.00000000
   13.78722286  215.22799683    0.00000000    0.00000000
   13.79027843  218.73800659    0.00000000    0.00000000
   13.79444504  218.73800659    0.00000000    0.00000000
   13.79833412  189.31100464    0.00000000    0.00000000
   13.80138874  196.44900513    0.00000000    0.00000000
   13.80472279  220.32699585    0.00000000    0.00000000
   13.80777836  227.50599670    0.00000000    0.00000000
   13.81083393  184.57499695    0.00000000    0.00000000
   13.81444454  224.33099365    0.00000000    0.00000000
   13.81722260  205.70300293    0.00000000    0.00000000
   13.82027817  226.54600525    0.00000000    0.00000000
   13.82388878  212.65299988    0.00000000    0.00000000
   13.82666683  211.04299927    0.00000000    0.00000000
   13.82972240  199.58700562    0.00000000    0.00000000
   13.83083344  209.67999268    0.00000000    0.00000000
   13.83333302  214.52000427    0.00000000    0.00000000
   13.83694458  214.52000427    0.00000000    0.00000000
   13.84083271  206.67799377    0.00000000    0.00000000
   13.84444427  199.94099426    0.00000000    0.00000000
   13.84722233  198.27299500    0.00000000    0.00000000
   13.85027790  201.90600586    0.00000000    0.00000000
   13.85388947  202.55000305    0.00000000    0.00000000
   13.85694504  210.57000732    0.00000000    0.00000000
   13.86000061  218.49099731    0.00000000    0.00000000
   13.86333370  202.60600281    0.00000000    0.00000000
   13.86416721  218.47300720    0.00000000    0.00000000
   13.86638927  193.66400146    0.00000000    0.00000000
   13.86944485  204.94099426    0.00000000    0.00000000
   13.87305546  205.74699402    0.00000000    0.00000000
   13.87583351  196.31300354    0.00000000    0.00000000
   13.88000011  196.31300354    0.00000000    0.00000000
   13.88416672  228.99899292    0.00000000    0.00000000
   13.88694477  186.12699890    0.00000000    0.00000000
   13.89027786  213.89100647    0.00000000    0.00000000
   13.89361095  203.70700073    0.00000000    0.00000000
   13.89666653  177.66200256    0.00000000    0.00000000
   13.89750004  201.97000122    0.00000000    0.00000000
   13.89972210  193.80000305    0.00000000    0.00000000
   13.90305519  205.39999390    0.00000000    0.00000000
   13.90611076  195.32600403    0.00000000    0.00000000
   13.90916634  210.56100464    0.00000000    0.00000000
   13.91277695  184.58500671    0.00000000    0.00000000
   13.91555500  199.13200378    0.00000000    0.00000000
   13.91861153  170.80599976    0.00000000    0.00000000
   13.92472267  170.80599976    0.00000000    0.00000000
   13.92861176  200.19599915    0.00000000    0.00000000
   13.93166733  198.02099609    0.00000000    0.00000000
   13.93249989  194.13099670    0.00000000    0.00000000
   13.93527794  196.81100464    0.00000000    0.00000000
   13.93805599  205.03700256    0.00000000    0.00000000
   13.94138908  200.47900391    0.00000000    0.00000000
   13.94472218  199.26300049    0.00000000    0.00000000
   13.94777775  183.50100708    0.00000000    0.00000000
   13.95083332  203.57000732    0.00000000    0.00000000
   13.95416641  198.77400208    0.00000000    0.00000000
   13.95722198  199.72999573    0.00000000    0.00000000
   13.96027756  209.21499634    0.00000000    0.00000000
   13.96388912  207.37500000    0.00000000    0.00000000
   13.96749973  207.37500000    0.00000000    0.00000000
   13.97138882  206.64700317    0.00000000    0.00000000
   13.99138927  212.70700073    0.00000000    0.00000000
   13.99444485  227.42399597    0.00000000    0.00000000
   13.99750042  252.42500305    0.00000000    0.00000000
   13.99944496  233.77699280    0.00000000    0.00000000
   14.00083351  226.88800049    0.00000000    0.00000000
   14.00388908  225.28700256    0.00000000    0.00000000
   14.01083374  225.28700256    0.00000000    0.00000000
   14.01472187  243.63099670    0.00000000    0.00000000
   14.01777744  246.31399536    0.00000000    0.00000000
   14.02138901  287.78601074    0.00000000    0.00000000
   14.02416611  286.72500610    0.00000000    0.00000000
   14.02722168  296.72500610    0.00000000    0.00000000
   14.03083324  307.25399780    0.00000000    0.00000000
   14.03249931  336.94900513    0.00000000    0.00000000
   14.03361130  303.33700562    0.00000000    0.00000000
   14.03500080  305.69198608    0.00000000    0.00000000
   14.03638935  302.64999390    0.00000000    0.00000000
   14.03777790  313.40600586    0.00000000    0.00000000
   14.03972244  362.49600220    0.00000000    0.00000000
   14.04055595  306.82901001    0.00000000    0.00000000
   14.04194450  337.30700684    0.00000000    0.00000000
   14.04333401  308.04000854    0.00000000    0.00000000
   14.04472256  354.31600952    0.00000000    0.00000000
   14.04611111  331.79098511    0.00000000    0.00000000
   14.04750061  404.17498779    0.00000000    0.00000000
   14.04944515  356.36801147    0.00000000    0.00000000
   14.05027771  315.54400635    0.00000000    0.00000000
   14.05166721  367.80599976    0.00000000    0.00000000
   14.05305576  389.64599609    0.00000000    0.00000000
   14.05444431  357.14898682    0.00000000    0.00000000
   14.05583382  346.45001221    0.00000000    0.00000000
   14.05722237  357.32101440    0.00000000    0.00000000
   14.05916691  320.33099365    0.00000000    0.00000000
   14.06000042  327.46099854    0.00000000    0.00000000
   14.06138897  333.11300659    0.00000000    0.00000000
   14.06277752  372.91198730    0.00000000    0.00000000
   14.06416702  384.30499268    0.00000000    0.00000000
   14.06555557  372.29501343    0.00000000    0.00000000
   14.06694412  400.53799438    0.00000000    0.00000000
   14.06888866  418.36599731    0.00000000    0.00000000
   14.06972218  373.06799316    0.00000000    0.00000000
   14.07111073  415.22698975    0.00000000    0.00000000
   14.07250023  436.57800293    0.00000000    0.00000000
   14.07388878  433.28799438    0.00000000    0.00000000
   14.07527733  434.76800537    0.00000000    0.00000000
   14.07666683  459.73300171    0.00000000    0.00000000
   14.07861137  447.20199585    0.00000000    0.00000000
   14.07944393  462.81201172    0.00000000    0.00000000
   14.08083344  480.98400879    0.00000000    0.00000000
   14.08222198  432.69198608    0.00000000    0.00000000
   14.08361053  472.59799194    0.00000000    0.00000000
   14.08500004  474.96200562    0.00000000    0.00000000
   14.08638859  441.37799072    0.00000000    0.00000000
   14.08833313  453.16799927    0.00000000    0.00000000
   14.08916664  429.08700562    0.00000000    0.00000000
   14.09055519  410.46701050    0.00000000    0.00000000
   14.09194374  445.02200317    0.00000000    0.00000000
   14.09333324  425.34600830    0.00000000    0.00000000
   14.09472179  467.35699463    0.00000000    0.00000000
   14.09611034  430.42401123    0.00000000    0.00000000
   14.09805489  404.91000366    0.00000000    0.00000000
   14.09916592  430.88699341    0.00000000    0.00000000
   14.10055637  359.42898560    0.00000000    0.00000000
   14.10194492  392.52499390    0.00000000    0.00000000
   14.10333347  377.96398926    0.00000000    0.00000000
   14.10472298  357.07199097    0.00000000    0.00000000
   14.10611153  321.41198730    0.00000000    0.00000000
   14.10777855  262.08200073    0.00000000    0.00000000
   14.10888958  258.93600464    0.00000000    0.00000000
   14.11027813  225.71299744    0.00000000    0.00000000
   14.11166668  202.99400330    0.00000000    0.00000000
   14.11166668  243.63099670    0.00000000    0.00000000
   14.11166668  246.31399536    0.00000000    0.00000000
   14.11166668  287.78601074    0.00000000    0.00000000
   14.11166668  286.72500610    0.00000000    0.00000000
   14.11166668  296.72500610    0.00000000    0.00000000
   14.11166668  307.25399780    0.00000000    0.00000000
   14.11166668  252.42500305    0.00000000    0.00000000
   14.11166668  226.88800049    0.00000000    0.00000000
   14.11166668  225.28700256    0.00000000    0.00000000
   14.11194515  212.65899658    0.00000000    0.00000000
   14.11500072  181.41000366    0.00000000    0.00000000
   14.11833382  153.23500061    0.00000000    0.00000000
   14.12138939  150.80499268    0.00000000    0.00000000
   14.12444496  142.29800415    0.00000000    0.00000000
   14.12777805  161.14900208    0.00000000    0.00000000
   14.13194466  161.14900208    0.00000000    0.00000000
   14.13583279  145.06199646    0.00000000    0.00000000
   14.13916683  140.27999878    0.00000000    0.00000000
   14.14222240  138.87199402    0.00000000    0.00000000
   14.14499950  127.55799866    0.00000000    0.00000000
   14.14527798  111.82599640    0.00000000    0.00000000
   14.14888859  111.12400055    0.00000000    0.00000000
   14.15166664  117.77700043    0.00000000    0.00000000
   14.15499973  109.49299622    0.00000000    0.00000000
   14.15833282   89.70719910    0.00000000    0.00000000
   14.16138840   70.02110291    0.00000000    0.00000000
   14.16444397   85.85559845    0.00000000    0.00000000
   14.16777802   66.14250183    0.00000000    0.00000000
   14.17083359   54.54669952    0.00000000    0.00000000
   14.17472267   54.54669952    0.00000000    0.00000000
   14.17888927   45.76039886    0.00000000    0.00000000
   14.18194485   -1.00000000    0.00000000    0.00000000
   14.18500042   -1.00000000    0.00000000    0.00000000
   14.18861103   -1.00000000   -1.00000000   -1.00000000
   14.19138908   -1.00000000    0.00000000    0.00000000
   14.19444466   -1.00000000    0.00000000    0.00000000
   14.19805527   -1.00000000    0.00000000    0.00000000
   14.20083332   -1.00000000    0.00000000    0.00000000
   14.20388889   -1.00000000    0.00000000    0.00000000
   14.20749950   -1.00000000    0.00000000    0.00000000
   14.21055508   -1.00000000    0.00000000    0.00000000
   14.21361065   -1.00000000    0.00000000    0.00000000
   14.22194386   -1.00000000    0.00000000    0.00000000
   14.22499943   -1.00000000    0.00000000    0.00000000
   14.22833252   -1.00000000    0.00000000    0.00000000
   14.23138809   -1.00000000    0.00000000    0.00000000
   14.23444462   -1.00000000    0.00000000    0.00000000
   14.23777771   -1.00000000    0.00000000    0.00000000
   14.24083328   -1.00000000    0.00000000    0.00000000
   14.24388885   -1.00000000    0.00000000    0.00000000
   14.24750042   -1.00000000    0.00000000    0.00000000
   14.25027752   -1.00000000    0.00000000    0.00000000
   14.25333309   -1.00000000    0.00000000    0.00000000
   14.25694466   -1.00000000    0.00000000    0.00000000
   14.26444435   -1.00000000    0.00000000    0.00000000
   14.26805496   -1.00000000    0.00000000    0.00000000
   14.27083302   -1.00000000    0.00000000    0.00000000
   14.27388859   -1.00000000    0.00000000    0.00000000
   14.27750015   -1.00000000    0.00000000    0.00000000
   14.28027725   -1.00000000    0.00000000    0.00000000
   14.28333378   -1.00000000    0.00000000    0.00000000
   14.28694534   -1.00000000    0.00000000    0.00000000
   14.29000092   -1.00000000    0.00000000    0.00000000
   14.29305553   -1.00000000    0.00000000    0.00000000
   14.29638958   -1.00000000    0.00000000    0.00000000
   14.29944515   -1.00000000    0.00000000    0.00000000
   14.30805588   -1.00000000    0.00000000    0.00000000
   14.31138897  226.08500671    0.00000000    0.00000000
   14.31166649  185.52900696    0.00000000    0.00000000
   14.31472206  185.42700195    0.00000000    0.00000000
   14.31777763  169.96400452    0.00000000    0.00000000
   14.32083321  184.66400146    0.00000000    0.00000000
   14.32416630  197.80799866    0.00000000    0.00000000
   14.32722187  228.38200378    0.00000000    0.00000000
   14.33027744  234.46899414    0.00000000    0.00000000
   14.33388901  218.46600342    0.00000000    0.00000000
   14.33666611  197.82299805    0.00000000    0.00000000
   14.33972168  200.63600159    0.00000000    0.00000000
   14.34666634  200.63600159    0.00000000    0.00000000
   14.35055637  192.87699890    0.00000000    0.00000000
   14.35361195  191.52799988    0.00000000    0.00000000
   14.35722256  178.14599609    0.00000000    0.00000000
   14.36000061  170.45500183    0.00000000    0.00000000
   14.36305618  167.96099854    0.00000000    0.00000000
   14.36666679  175.51499939    0.00000000    0.00000000
   14.36944485  183.26800537    0.00000000    0.00000000
   14.37250042  174.71000671    0.00000000    0.00000000
   14.37611103  178.30700684    0.00000000    0.00000000
   14.37833309  165.60699463    0.00000000    0.00000000
   14.37888908  169.97099304    0.00000000    0.00000000
   14.38222218  170.54400635    0.00000000    0.00000000
   14.38555527  180.06900024    0.00000000    0.00000000
   14.38944435  180.06900024    0.00000000    0.00000000
   14.39305496  166.94400024    0.00000000    0.00000000
   14.39666653  159.17500305    0.00000000    0.00000000
   14.39972210  162.44099426    0.00000000    0.00000000
   14.40277767  166.34899902    0.00000000    0.00000000
   14.40611076  157.00399780    0.00000000    0.00000000
   14.40916634  156.04100037    0.00000000    0.00000000
   14.41194439  164.40699768    0.00000000    0.00000000
   14.41222191  152.57299805    0.00000000    0.00000000
   14.41583252  162.75700378    0.00000000    0.00000000
   14.41861153  178.30599976    0.00000000    0.00000000
   14.42194462  165.45700073    0.00000000    0.00000000
   14.42527771  171.24200439    0.00000000    0.00000000
   14.42833328  172.96800232    0.00000000    0.00000000
   14.43222237  172.96800232    0.00000000    0.00000000
   14.43638897  192.58799744    0.00000000    0.00000000
   14.43944454  191.38800049    0.00000000    0.00000000
   14.44250011  186.49000549    0.00000000    0.00000000
   14.44555569  269.84100342    0.00000000    0.00000000
   14.44611073  250.37600708    0.00000000    0.00000000
   14.44916630  239.88999939    0.00000000    0.00000000
   14.45222187  208.41600037    0.00000000    0.00000000
   14.45555496  264.29000854    0.00000000    0.00000000
   14.45861053  331.03601074    0.00000000    0.00000000
   14.46027756  275.90798950    0.00000000    0.00000000
   14.46138859  290.08200073    0.00000000    0.00000000
   14.46277714  252.78199768    0.00000000    0.00000000
   14.46472168  307.32998657    0.00000000    0.00000000
   14.46555519  338.33999634    0.00000000    0.00000000
   14.46694374  371.07000732    0.00000000    0.00000000
   14.46833324  332.20098877    0.00000000    0.00000000
   14.46972179  411.66699219    0.00000000    0.00000000
   14.47111034  349.22900391    0.00000000    0.00000000
   14.47249985  346.04901123    0.00000000    0.00000000
   14.47444439  383.45999146    0.00000000    0.00000000
   14.47555542  338.68499756    0.00000000    0.00000000
   14.47694397  425.04699707    0.00000000    0.00000000
   14.47833252  375.43701172    0.00000000    0.00000000
   14.47972202  341.10998535    0.00000000    0.00000000
   14.48111057  369.57699585    0.00000000    0.00000000
   14.48249912  307.94900513    0.00000000    0.00000000
   14.48416710  351.75799561    0.00000000    0.00000000
   14.48527813  354.93399048    0.00000000    0.00000000
   14.48666668  414.33700562    0.00000000    0.00000000
   14.48805618  410.46398926    0.00000000    0.00000000
   14.48944473  354.81298828    0.00000000    0.00000000
   14.49083328  395.89999390    0.00000000    0.00000000
   14.49222279  337.35299683    0.00000000    0.00000000
   14.49388885  367.46099854    0.00000000    0.00000000
   14.49499989  393.13101196    0.00000000    0.00000000
   14.49638939  449.70401001    0.00000000    0.00000000
   14.49777794  460.50299072    0.00000000    0.00000000
   14.49916649  404.57501221    0.00000000    0.00000000
   14.50055599  422.26300049    0.00000000    0.00000000
   14.50194454  378.17700195    0.00000000    0.00000000
   14.50361156  443.91500854    0.00000000    0.00000000
   14.50472260  371.39498901    0.00000000    0.00000000
   14.50611115  408.79598999    0.00000000    0.00000000
   14.50749969  400.17700195    0.00000000    0.00000000
   14.50888920  380.73098755    0.00000000    0.00000000
   14.51027775  344.01699829    0.00000000    0.00000000
   14.51166630  374.56100464    0.00000000    0.00000000
   14.51333332  385.09698486    0.00000000    0.00000000
   14.51444435  408.21398926    0.00000000    0.00000000
   14.51583290  408.02301025    0.00000000    0.00000000
   14.51722240  395.82501221    0.00000000    0.00000000
   14.51861095  402.20401001    0.00000000    0.00000000
   14.51999950  390.07299805    0.00000000    0.00000000
   14.52138901  378.37200928    0.00000000    0.00000000
   14.52305508  388.38500977    0.00000000    0.00000000
   14.52416611  323.39001465    0.00000000    0.00000000
   14.52555561  290.55499268    0.00000000    0.00000000
   14.52694416  385.27099609    0.00000000    0.00000000
   14.52833271  393.81900024    0.00000000    0.00000000
   14.52972221  371.31100464    0.00000000    0.00000000
   14.53111076  340.29501343    0.00000000    0.00000000
   14.53277779  332.13299561    0.00000000    0.00000000
   14.53388977  322.10101318    0.00000000    0.00000000
   14.53527832  318.41500854    0.00000000    0.00000000
   14.53666687  390.53100586    0.00000000    0.00000000
   14.53805637  323.16900635    0.00000000    0.00000000
   14.53944492  367.39599609    0.00000000    0.00000000
   14.54083347  344.69400024    0.00000000    0.00000000
   14.54250050  345.26901245    0.00000000    0.00000000
   14.54361153  346.25601196    0.00000000    0.00000000
   14.54500008  315.41500854    0.00000000    0.00000000
   14.54638958  311.88699341    0.00000000    0.00000000
   14.54777813  356.11300659    0.00000000    0.00000000
   14.54916668  375.76400757    0.00000000    0.00000000
   14.55055618  307.24899292    0.00000000    0.00000000
   14.55222225  370.76400757    0.00000000    0.00000000
   14.55333328  359.52398682    0.00000000    0.00000000
   14.55472279  359.22799683    0.00000000    0.00000000
   14.55611134  334.39498901    0.00000000    0.00000000
   14.55749989  341.73999023    0.00000000    0.00000000
   14.55888939  306.47000122    0.00000000    0.00000000
   14.56027794  335.70300293    0.00000000    0.00000000
   14.56194496  326.98999023    0.00000000    0.00000000
   14.56305599  324.50399780    0.00000000    0.00000000
   14.56444454  357.50601196    0.00000000    0.00000000
   14.56583309  346.81799316    0.00000000    0.00000000
   14.56722260  326.49301147    0.00000000    0.00000000
   14.56861115  302.07699585    0.00000000    0.00000000
   14.56999969  210.20799255    0.00000000    0.00000000
   14.56999969  191.38800049    0.00000000    0.00000000
   14.56999969  186.49000549    0.00000000    0.00000000
   14.56999969  250.37600708    0.00000000    0.00000000
   14.56999969  239.88999939    0.00000000    0.00000000
   14.56999969  208.41600037    0.00000000    0.00000000
   14.56999969  264.29000854    0.00000000    0.00000000
   14.56999969  331.03601074    0.00000000    0.00000000
   14.56999969  172.96800232    0.00000000    0.00000000
   14.56999969  192.58799744    0.00000000    0.00000000
   14.57027817  315.24200439    0.00000000    0.00000000
   14.57222176  331.08898926    0.00000000    0.00000000
   14.57305527  282.04501343    0.00000000    0.00000000
   14.57444477  301.52499390    0.00000000    0.00000000
   14.57583332  294.17498779    0.00000000    0.00000000
   14.57722187  321.75399780    0.00000000    0.00000000
   14.57861137  326.98199463    0.00000000    0.00000000
   14.57999992  295.77899170    0.00000000    0.00000000
   14.58194447  295.52700806    0.00000000    0.00000000
   14.58277798  303.04699707    0.00000000    0.00000000
   14.58416653  314.59799194    0.00000000    0.00000000
   14.58555508  303.68798828    0.00000000    0.00000000
   14.58694458  309.22000122    0.00000000    0.00000000
   14.58833313  252.40299988    0.00000000    0.00000000
   14.58972168  271.80999756    0.00000000    0.00000000
   14.59166622  305.27600098    0.00000000    0.00000000
   14.59249973  291.92999268    0.00000000    0.00000000
   14.59388828  281.62600708    0.00000000    0.00000000
   14.59527779  255.32400513    0.00000000    0.00000000
   14.59666634  284.55700684    0.00000000    0.00000000
   14.59805489  268.70199585    0.00000000    0.00000000
   14.59944439  256.52999878    0.00000000    0.00000000
   14.60138893  253.14599609    0.00000000    0.00000000
   14.60222244  242.51899719    0.00000000    0.00000000
   14.60361195  284.87100220    0.00000000    0.00000000
   14.60500050  257.50201416    0.00000000    0.00000000
   14.60638905  268.96899414    0.00000000    0.00000000
   14.60777855  269.12298584    0.00000000    0.00000000
   14.60916710  279.34799194    0.00000000    0.00000000
   14.61111164  238.89100647    0.00000000    0.00000000
   14.61194515  283.49499512    0.00000000    0.00000000
   14.61333370  235.53199768    0.00000000    0.00000000
   14.61472225  251.47099304    0.00000000    0.00000000
   14.61611176  232.83099365    0.00000000    0.00000000
   14.61750031  264.59201050    0.00000000    0.00000000
   14.61888885  236.48199463    0.00000000    0.00000000
   14.62083340  217.14399719    0.00000000    0.00000000
   14.62083340  315.24200439    0.00000000    0.00000000
   14.62111092  254.61700439    0.00000000    0.00000000
   14.62388897  227.47599792    0.00000000    0.00000000
   14.62722206  234.60299683    0.00000000    0.00000000
   14.63055611  232.52299500    0.00000000    0.00000000
   14.63361073  211.91299438    0.00000000    0.00000000
   14.63666630  253.52699280    0.00000000    0.00000000
   14.64166641  253.52699280    0.00000000    0.00000000
   14.64555550  213.19799805    0.00000000    0.00000000
   14.64861107  213.08299255    0.00000000    0.00000000
   14.65194416  237.15199280    0.00000000    0.00000000
   14.65416622  196.51499939    0.00000000    0.00000000
   14.65499973  219.29699707    0.00000000    0.00000000
   14.65805531  243.79400635    0.00000000    0.00000000
   14.66138840  216.67999268    0.00000000    0.00000000
   14.66444397  217.71200562    0.00000000    0.00000000
   14.66750050  267.74099731    0.00000000    0.00000000
   14.67111111  235.69299316    0.00000000    0.00000000
   14.67388916  205.77999878    0.00000000    0.00000000
   14.67694473  244.77499390    0.00000000    0.00000000
   14.68055630  257.48699951    0.00000000    0.00000000
   14.68416691  257.48699951    0.00000000    0.00000000
   14.68805599  232.41000366    0.00000000    0.00000000
   14.69166660  245.58000183    0.00000000    0.00000000
   14.69444466  230.12100220    0.00000000    0.00000000
   14.69750023  234.88800049    0.00000000    0.00000000
   14.70111084  216.33200073    0.00000000    0.00000000
   14.70416641  242.52699280    0.00000000    0.00000000
   14.70722198  213.16299438    0.00000000    0.00000000
   14.71055508  215.62600708    0.00000000    0.00000000
   14.71361065  217.92199707    0.00000000    0.00000000
   14.71666622  225.61000061    0.00000000    0.00000000
   14.71999931  215.91700745    0.00000000    0.00000000
   14.72083282  211.31100464    0.00000000    0.00000000
   14.72305489  199.30900574    0.00000000    0.00000000
   14.72722149  199.30900574    0.00000000    0.00000000
   14.73138809  195.70100403    0.00000000    0.00000000
   14.73416710  207.63099670    0.00000000    0.00000000
   14.73722267  225.21800232    0.00000000    0.00000000
   14.74083328  218.92500305    0.00000000    0.00000000
   14.74388885  210.59199524    0.00000000    0.00000000
   14.74694443  191.94299316    0.00000000    0.00000000
   14.75027752  203.17799377    0.00000000    0.00000000
   14.75333309  202.35499573    0.00000000    0.00000000
   14.75416660  197.57099915    0.00000000    0.00000000
   14.75638866  181.77400208    0.00000000    0.00000000
   14.75972176  199.39100647    0.00000000    0.00000000
   14.76277733  185.35299683    0.00000000    0.00000000
   14.76583290  213.95300293    0.00000000    0.00000000
   14.77027798  213.95300293    0.00000000    0.00000000
   14.77416611  195.02600098    0.00000000    0.00000000
