    HOUR (UT)   FLARE FACTOR    SKY TESTER    SUN TESTER
   11.67555618   -1.00000000   -1.00000000   -1.00000000
   11.71305561  151.03300476    0.00000000    0.00000000
   11.71611118  150.12899780    0.00000000    0.00000000
   11.71916580  148.99200439    0.00000000    0.00000000
   11.72249985  180.29899597    0.00000000    0.00000000
   11.72555542  160.10200500    0.00000000    0.00000000
   11.72861099  169.14300537    0.00000000    0.00000000
   11.73333359  169.14300537    0.00000000    0.00000000
   11.73722267  159.17999268    0.00000000    0.00000000
   11.74027824  199.08700562    0.00000000    0.00000000
   11.74333382  186.58500671    0.00000000    0.00000000
   11.74638939  186.44799805    0.00000000    0.00000000
   11.74666691  222.38400269    0.00000000    0.00000000
   12.02861118  191.99800110    0.00000000    0.00000000
   12.03166676  185.03799438    0.00000000    0.00000000
   12.03500080  192.03500366    0.00000000    0.00000000
   12.03805637  189.23899841    0.00000000    0.00000000
   12.04111195  195.20300293    0.00000000    0.00000000
   12.04416752  185.20599365    0.00000000    0.00000000
   12.04888916  185.20599365    0.00000000    0.00000000
   12.05277824  191.77799988    0.00000000    0.00000000
   12.05583382  179.25300598    0.00000000    0.00000000
   12.05888939  185.90600586    0.00000000    0.00000000
   12.06194496  182.40899658    0.00000000    0.00000000
   12.06222248  183.64999390    0.00000000    0.00000000
   12.16750050   -1.00000000   -1.00000000   -1.00000000
   12.28027725   -1.00000000   -1.00000000   -1.00000000
   12.42250061   -1.00000000   -1.00000000   -1.00000000
   12.62833309   86.18789673    0.00000000    0.00000000
   12.63138866  152.41799927    0.00000000    0.00000000
   12.63444424  152.19799805    0.00000000    0.00000000
   12.63777733  144.40299988    0.00000000    0.00000000
   12.64083290  142.07200623    0.00000000    0.00000000
   12.64388847  148.35499573    0.00000000    0.00000000
   12.64861107  148.35499573    0.00000000    0.00000000
   12.65249920  141.13600159    0.00000000    0.00000000
   12.65555477  146.42100525    0.00000000    0.00000000
   12.65861034  144.94799805    0.00000000    0.00000000
   12.66166592  154.35899353    0.00000000    0.00000000
   12.66194439  139.92599487    0.00000000    0.00000000
   12.66499996  151.70899963    0.00000000    0.00000000
   12.66805553  143.20500183    0.00000000    0.00000000
   12.67111111  140.23399353    0.00000000    0.00000000
   12.67416668  154.09500122    0.00000000    0.00000000
   12.67722225  151.16000366    0.00000000    0.00000000
   12.68055630  139.22700500    0.00000000    0.00000000
   12.68361092  150.74099731    0.00000000    0.00000000
   12.68666649  144.27600098    0.00000000    0.00000000
   12.69138908  144.27600098    0.00000000    0.00000000
   12.69527817  135.91400146    0.00000000    0.00000000
   12.69833374  139.53199768    0.00000000    0.00000000
   12.70138836  140.65400696    0.00000000    0.00000000
   12.70472240  139.29100037    0.00000000    0.00000000
   12.70777798  133.44599915    0.00000000    0.00000000
   12.71083355  141.86099243    0.00000000    0.00000000
   12.71388912  135.31300354    0.00000000    0.00000000
   12.71694374  143.13999939    0.00000000    0.00000000
   12.71999931  143.55900574    0.00000000    0.00000000
   12.72333336  144.25799561    0.00000000    0.00000000
   12.72638798  146.79800415    0.00000000    0.00000000
   12.72833252  153.55299377    0.00000000    0.00000000
   12.72944355  150.55200195    0.00000000    0.00000000
   12.73444462  150.55200195    0.00000000    0.00000000
   12.73805618  151.23100281    0.00000000    0.00000000
   12.74138927  149.35899353    0.00000000    0.00000000
   12.74444485  149.53300476    0.00000000    0.00000000
   12.74750042  153.13999939    0.00000000    0.00000000
   12.75055599  147.14199829    0.00000000    0.00000000
   12.75361156  151.92900085    0.00000000    0.00000000
   12.75666714  147.90499878    0.00000000    0.00000000
   12.75972176  137.84300232    0.00000000    0.00000000
   12.76166630  146.88900757    0.00000000    0.00000000
   12.76305580  148.50700378    0.00000000    0.00000000
   12.76611137  141.57499695    0.00000000    0.00000000
   12.76916599  150.78300476    0.00000000    0.00000000
   12.77222157  140.15800476    0.00000000    0.00000000
   12.77722168  140.15800476    0.00000000    0.00000000
   12.78111076  174.01899719    0.00000000    0.00000000
   12.78416729  202.33799744    0.00000000    0.00000000
   12.78722286  300.84600830    0.00000000    0.00000000
   12.79027843  226.00599670    0.00000000    0.00000000
   12.79333401   -1.00000000    0.00000000    0.00000000
   12.79500008   97.17530060    0.00000000    0.00000000
   12.79666710   89.19100189    0.00000000    0.00000000
   12.79972267   -1.00000000   -1.00000000   -1.00000000
   12.80277824   -1.00000000    0.00000000    0.00000000
   12.80583382   -1.00000000   -1.00000000   -1.00000000
   12.80888939   -1.00000000    0.00000000    0.00000000
   12.81194496   -1.00000000    0.00000000    0.00000000
   12.81527805   -1.00000000    0.00000000    0.00000000
   12.82388878   -1.00000000    0.00000000    0.00000000
   12.82694435   23.57019997    0.00000000    0.00000000
   12.82999992   -1.00000000    0.00000000    0.00000000
   12.83305550   -1.00000000    0.00000000    0.00000000
   12.83611107  119.42800140    0.00000000    0.00000000
   12.83944416   -1.00000000   -1.00000000   -1.00000000
   12.84249973  136.12399292    0.00000000    0.00000000
   12.84555531  100.48100281    0.00000000    0.00000000
   12.84861088   -1.00000000    0.00000000    0.00000000
   12.85166740   -1.00000000    0.00000000    0.00000000
   12.85472298   -1.00000000    0.00000000    0.00000000
   12.85777855   -1.00000000   -1.00000000   -1.00000000
   12.86666679   -1.00000000    0.00000000    0.00000000
   12.86972237   -1.00000000    0.00000000    0.00000000
   12.87277794   -1.00000000    0.00000000    0.00000000
   12.87583351   -1.00000000    0.00000000    0.00000000
   12.87916660  198.12500000    0.00000000    0.00000000
   12.88222218  341.64700317    0.00000000    0.00000000
   12.88361073  313.04598999    0.00000000    0.00000000
   12.88500023  201.55499268    0.00000000    0.00000000
   12.88500023   -1.00000000    0.00000000    0.00000000
   12.88500023   -1.00000000   -1.00000000   -1.00000000
   12.88500023   -1.00000000    0.00000000    0.00000000
   12.88500023   -1.00000000    0.00000000    0.00000000
   12.88500023   -1.00000000    0.00000000    0.00000000
   12.88500023   -1.00000000    0.00000000    0.00000000
   12.88500023  198.12500000    0.00000000    0.00000000
   12.88500023  341.64700317    0.00000000    0.00000000
   12.88527775   -1.00000000    0.00000000    0.00000000
   12.88527775  199.33200073    0.00000000    0.00000000
   12.88833332  236.04200745    0.00000000    0.00000000
   12.89138889  202.80499268    0.00000000    0.00000000
   12.89444447  378.81500244    0.00000000    0.00000000
   12.89611053  232.27999878    0.00000000    0.00000000
   12.89611053  199.33200073    0.00000000    0.00000000
   12.89611053  236.04200745    0.00000000    0.00000000
   12.89611053  202.80499268    0.00000000    0.00000000
   12.89611053  378.81500244    0.00000000    0.00000000
   12.89777756  128.37100220    0.00000000    0.00000000
   12.90083313   -1.00000000    0.00000000    0.00000000
   12.90388870   -1.00000000    0.00000000    0.00000000
   12.90694427   -1.00000000   -1.00000000   -1.00000000
   12.90999985  184.10000610    0.00000000    0.00000000
   12.91666698  184.10000610    0.00000000    0.00000000
   12.92027855   -1.00000000    0.00000000    0.00000000
   12.92361164  137.62500000    0.00000000    0.00000000
   12.92666721   87.72290039    0.00000000    0.00000000
   12.92972279  217.08900452    0.00000000    0.00000000
   12.92972279  211.22300720    0.00000000    0.00000000
   12.93277836  312.20001221    0.00000000    0.00000000
   12.93583298  185.33200073    0.00000000    0.00000000
   12.93888855  210.82600403    0.00000000    0.00000000
   12.94222260  248.30999756    0.00000000    0.00000000
   12.94527817  170.92599487    0.00000000    0.00000000
   12.94833374  165.77099609    0.00000000    0.00000000
   12.95138836   -1.00000000    0.00000000    0.00000000
   12.95444393   -1.00000000    0.00000000    0.00000000
   12.95944405   -1.00000000    0.00000000    0.00000000
   12.96333313   -1.00000000    0.00000000    0.00000000
   12.96638870   -1.00000000    0.00000000    0.00000000
   12.96944427   -1.00000000    0.00000000    0.00000000
   12.97249985   -1.00000000    0.00000000    0.00000000
   12.97555542   -1.00000000    0.00000000    0.00000000
   12.97861099   -1.00000000    0.00000000    0.00000000
   12.98194408   -1.00000000    0.00000000    0.00000000
   12.98500061   -1.00000000    0.00000000    0.00000000
   12.98805618   -1.00000000    0.00000000    0.00000000
   12.99111176   -1.00000000    0.00000000    0.00000000
   12.99416733   -1.00000000    0.00000000    0.00000000
   12.99722290   -1.00000000    0.00000000    0.00000000
   13.00611115   -1.00000000    0.00000000    0.00000000
   13.00916672   -1.00000000    0.00000000    0.00000000
   13.01222229   -1.00000000    0.00000000    0.00000000
   13.01527786   -1.00000000    0.00000000    0.00000000
   13.01833344   -1.00000000    0.00000000    0.00000000
   13.02166653   -1.00000000    0.00000000    0.00000000
   13.02472210   -1.00000000    0.00000000    0.00000000
   13.02777767   -1.00000000    0.00000000    0.00000000
   13.03083324   -1.00000000    0.00000000    0.00000000
   13.03388977   -1.00000000    0.00000000    0.00000000
   13.03694534   -1.00000000    0.00000000    0.00000000
   13.04000092   -1.00000000    0.00000000    0.00000000
   13.04888916   -1.00000000    0.00000000    0.00000000
   13.05194473   -1.00000000    0.00000000    0.00000000
   13.05500031   -1.00000000    0.00000000    0.00000000
   13.05805588   -1.00000000    0.00000000    0.00000000
   13.06138897   -1.00000000    0.00000000    0.00000000
   13.06444454   -1.00000000    0.00000000    0.00000000
   13.06750011   -1.00000000    0.00000000    0.00000000
   13.07055569   -1.00000000    0.00000000    0.00000000
   13.07388878   -1.00000000    0.00000000    0.00000000
   13.07694435   -1.00000000    0.00000000    0.00000000
   13.07999992   -1.00000000    0.00000000    0.00000000
   13.08305550   -1.00000000    0.00000000    0.00000000
   13.09166622   -1.00000000    0.00000000    0.00000000
   13.09472179   -1.00000000    0.00000000    0.00000000
   13.09777737   -1.00000000    0.00000000    0.00000000
   13.10111141   -1.00000000    0.00000000    0.00000000
   13.10416698   -1.00000000    0.00000000    0.00000000
   13.10722256   -1.00000000    0.00000000    0.00000000
   13.11027813   -1.00000000    0.00000000    0.00000000
   13.11333370   -1.00000000    0.00000000    0.00000000
   13.11638927   -1.00000000    0.00000000    0.00000000
   13.11972237   -1.00000000    0.00000000    0.00000000
   13.12277794   -1.00000000    0.00000000    0.00000000
   13.12583351   -1.00000000    0.00000000    0.00000000
   13.13444424   -1.00000000    0.00000000    0.00000000
   13.13777733   -1.00000000    0.00000000    0.00000000
   13.14083290   -1.00000000    0.00000000    0.00000000
   13.14388847   -1.00000000    0.00000000    0.00000000
   13.14694405   -1.00000000    0.00000000    0.00000000
   13.14999962   -1.00000000    0.00000000    0.00000000
   13.15305519   -1.00000000    0.00000000    0.00000000
   13.15611076   -1.00000000    0.00000000    0.00000000
   13.15944386   -1.00000000    0.00000000    0.00000000
   13.16249943   -1.00000000    0.00000000    0.00000000
   13.16555500   -1.00000000    0.00000000    0.00000000
   13.16861153   -1.00000000    0.00000000    0.00000000
   13.17750072   -1.00000000    0.00000000    0.00000000
   13.18055630   -1.00000000    0.00000000    0.00000000
   13.18361092   -1.00000000    0.00000000    0.00000000
   13.18666649   -1.00000000    0.00000000    0.00000000
   13.18972206   -1.00000000    0.00000000    0.00000000
   13.19277763   -1.00000000    0.00000000    0.00000000
   13.19583321   -1.00000000    0.00000000    0.00000000
   13.19916630   -1.00000000    0.00000000    0.00000000
   13.20222187   -1.00000000    0.00000000    0.00000000
   13.20527744   -1.00000000    0.00000000    0.00000000
   13.20833302   -1.00000000    0.00000000    0.00000000
   13.21138859   -1.00000000    0.00000000    0.00000000
   13.22027779   -1.00000000    0.00000000    0.00000000
   13.22333336   -1.00000000    0.00000000    0.00000000
   13.22638798   -1.00000000    0.00000000    0.00000000
   13.22944355   -1.00000000    0.00000000    0.00000000
   13.23249912   -1.00000000    0.00000000    0.00000000
   13.23583317   -1.00000000    0.00000000    0.00000000
   15.05972195  132.38600159    0.00000000    0.00000000
   15.06277752  135.69400024    0.00000000    0.00000000
   15.06583309  133.07699585    0.00000000    0.00000000
   15.06888866  134.96099854    0.00000000    0.00000000
   15.07194424  138.13200378    0.00000000    0.00000000
   15.07499981  140.21099854    0.00000000    0.00000000
   15.07972240  140.21099854    0.00000000    0.00000000
   15.08361053  135.53700256    0.00000000    0.00000000
   15.08666611  134.14700317    0.00000000    0.00000000
   15.08972168  132.10600281    0.00000000    0.00000000
   15.09277725  135.01600647    0.00000000    0.00000000
   15.09277725  135.11399841    0.00000000    0.00000000
   15.09611034  133.52699280    0.00000000    0.00000000
   15.09916592  133.08099365    0.00000000    0.00000000
   15.10222244  137.20199585    0.00000000    0.00000000
   15.10527802  138.78900146    0.00000000    0.00000000
   15.10833359  144.52799988    0.00000000    0.00000000
   15.11138916  142.18800354    0.00000000    0.00000000
   15.11444473  169.91299438    0.00000000    0.00000000
   15.11777782  152.17500305    0.00000000    0.00000000
   15.12250042  152.17500305    0.00000000    0.00000000
   15.12638855  138.22300720    0.00000000    0.00000000
   15.12944412  139.22799683    0.00000000    0.00000000
   15.13249969  135.38299561    0.00000000    0.00000000
   15.13555527  136.61300659    0.00000000    0.00000000
   15.13888836  136.38400269    0.00000000    0.00000000
   15.14194393  142.85499573    0.00000000    0.00000000
   15.14499950  135.68099976    0.00000000    0.00000000
   15.14805508  130.18699646    0.00000000    0.00000000
   15.15111065  137.95300293    0.00000000    0.00000000
   15.15416622  137.13800049    0.00000000    0.00000000
   15.15722179  136.96400452    0.00000000    0.00000000
   15.15944386  135.59399414    0.00000000    0.00000000
   15.16055489  135.25199890    0.00000000    0.00000000
   15.16527748  135.25199890    0.00000000    0.00000000
   15.16916656  137.94299316    0.00000000    0.00000000
   15.17222214  140.34700012    0.00000000    0.00000000
   15.17527771  139.16799927    0.00000000    0.00000000
   15.17861176  135.19999695    0.00000000    0.00000000
   15.18166733  140.86700439    0.00000000    0.00000000
   15.18472195  135.58399963    0.00000000    0.00000000
   15.18777752  135.22900391    0.00000000    0.00000000
   15.19083309  132.97300720    0.00000000    0.00000000
   15.19277763  138.30200195    0.00000000    0.00000000
   15.19388866  139.58299255    0.00000000    0.00000000
   15.19722271  138.10099792    0.00000000    0.00000000
   15.20027733  139.33700562    0.00000000    0.00000000
   15.20333290  136.58900452    0.00000000    0.00000000
   15.20833302  136.58900452    0.00000000    0.00000000
   15.21194458  143.16099548    0.00000000    0.00000000
   15.21527767  134.90899658    0.00000000    0.00000000
   15.21833324  135.43099976    0.00000000    0.00000000
   15.22138882  141.75599670    0.00000000    0.00000000
   15.22444439  132.73800659    0.00000000    0.00000000
   15.22611046  134.17300415    0.00000000    0.00000000
   15.22749996  133.11300659    0.00000000    0.00000000
   15.23083305  133.10899353    0.00000000    0.00000000
   15.23388958  135.21499634    0.00000000    0.00000000
   15.23694515  130.95100403    0.00000000    0.00000000
   15.24000072  134.98399353    0.00000000    0.00000000
   15.24305534  136.15100098    0.00000000    0.00000000
   15.24611092  137.93600464    0.00000000    0.00000000
   15.25111103  137.93600464    0.00000000    0.00000000
   15.25500011  131.13999939    0.00000000    0.00000000
   15.25805569  135.22399902    0.00000000    0.00000000
   15.25944424  134.35699463    0.00000000    0.00000000
   15.26111126  134.30200195    0.00000000    0.00000000
   15.26416683  135.56599426    0.00000000    0.00000000
   15.26722240  132.55099487    0.00000000    0.00000000
   15.27027798  133.55700684    0.00000000    0.00000000
   15.27361107  136.69400024    0.00000000    0.00000000
   15.27666664  134.95700073    0.00000000    0.00000000
   15.27972221  132.65100098    0.00000000    0.00000000
   15.28277779  140.70100403    0.00000000    0.00000000
   15.28583336  135.10899353    0.00000000    0.00000000
   15.28888893  139.36999512    0.00000000    0.00000000
   15.29388905  139.36999512    0.00000000    0.00000000
   15.29777813  138.83700562    0.00000000    0.00000000
   15.30083370  141.82899475    0.00000000    0.00000000
   15.30388927  139.91200256    0.00000000    0.00000000
   15.30694485  142.61000061    0.00000000    0.00000000
   15.31000042  138.17500305    0.00000000    0.00000000
   15.31333351  139.36199951    0.00000000    0.00000000
   15.31638908  125.45899963    0.00000000    0.00000000
   15.31944466  136.36799622    0.00000000    0.00000000
   15.32250023  134.19999695    0.00000000    0.00000000
   15.32555580  140.25100708    0.00000000    0.00000000
   15.32611084  134.58500671    0.00000000    0.00000000
   15.32888889  140.01600647    0.00000000    0.00000000
   15.33194447  135.74499512    0.00000000    0.00000000
   15.33666611  135.74499512    0.00000000    0.00000000
   15.34055519  132.29100037    0.00000000    0.00000000
   15.34361076  138.90100098    0.00000000    0.00000000
   15.34666634  131.61099243    0.00000000    0.00000000
   15.34972191  131.35499573    0.00000000    0.00000000
   15.35305595  136.29800415    0.00000000    0.00000000
   15.35611153  135.70399475    0.00000000    0.00000000
   15.35916710  135.86300659    0.00000000    0.00000000
   15.35944462  133.60299683    0.00000000    0.00000000
   15.36222267  129.23100281    0.00000000    0.00000000
   15.36527824  139.77200317    0.00000000    0.00000000
   15.36833382  134.41299438    0.00000000    0.00000000
   15.37138939  133.05599976    0.00000000    0.00000000
   15.37472248  135.92100525    0.00000000    0.00000000
   15.37944412  135.92100525    0.00000000    0.00000000
   15.38333321  137.20300293    0.00000000    0.00000000
   15.38638878  132.43099976    0.00000000    0.00000000
   15.38944435  136.32299805    0.00000000    0.00000000
   15.39277744  137.75599670    0.00000000    0.00000000
   15.39277744  132.97300720    0.00000000    0.00000000
   15.39583302  137.41400146    0.00000000    0.00000000
   15.39888859  131.41999817    0.00000000    0.00000000
   15.40194416  130.70599365    0.00000000    0.00000000
   15.40499973  129.76300049    0.00000000    0.00000000
   15.40805531  133.95199585    0.00000000    0.00000000
   15.41138840  133.82299805    0.00000000    0.00000000
   15.41444397  134.11599731    0.00000000    0.00000000
   15.41750050  135.00100708    0.00000000    0.00000000
   15.42250061  135.00100708    0.00000000    0.00000000
   15.42611122  138.19500732    0.00000000    0.00000000
   15.42944431  132.38000488    0.00000000    0.00000000
   15.43249989  138.93899536    0.00000000    0.00000000
   15.43555546  138.26499939    0.00000000    0.00000000
   15.43861103  130.36599731    0.00000000    0.00000000
   15.44166660  135.33999634    0.00000000    0.00000000
   15.44472218  136.44400024    0.00000000    0.00000000
   15.44777775  133.94099426    0.00000000    0.00000000
   15.45111084  140.32099915    0.00000000    0.00000000
   15.45416641  127.87000275    0.00000000    0.00000000
   15.45722198  138.77299500    0.00000000    0.00000000
   15.45944405  138.66900635    0.00000000    0.00000000
   15.46027756  136.33599854    0.00000000    0.00000000
   15.46527767  136.33599854    0.00000000    0.00000000
   15.46916580  143.62600708    0.00000000    0.00000000
   15.47222137  139.92999268    0.00000000    0.00000000
   15.47527695  138.34800720    0.00000000    0.00000000
   15.47833252  134.77900696    0.00000000    0.00000000
   15.48138809  129.14300537    0.00000000    0.00000000
   15.48444462  123.27999878    0.00000000    0.00000000
   15.48750019  133.62199402    0.00000000    0.00000000
   15.49083328  130.19000244    0.00000000    0.00000000
   15.49277782  132.93299866    0.00000000    0.00000000
   15.49388885  127.21700287    0.00000000    0.00000000
   15.49694443  128.97000122    0.00000000    0.00000000
   15.50000000  134.36300659    0.00000000    0.00000000
   15.50305557  136.67799377    0.00000000    0.00000000
   15.50805569  136.67799377    0.00000000    0.00000000
   15.51194477  132.82699585    0.00000000    0.00000000
   15.51500034  129.83700562    0.00000000    0.00000000
   15.51805496  133.76499939    0.00000000    0.00000000
   15.52111053  132.52299500    0.00000000    0.00000000
   15.52416611  134.47599792    0.00000000    0.00000000
   15.52611065  136.11700439    0.00000000    0.00000000
   15.52750015  131.35000610    0.00000000    0.00000000
   15.53055573  129.82000732    0.00000000    0.00000000
   15.53361130  130.56399536    0.00000000    0.00000000
   15.53666687  132.50100708    0.00000000    0.00000000
   15.53972244  134.84599304    0.00000000    0.00000000
   15.54277802  133.27699280    0.00000000    0.00000000
   15.54611111  132.53999329    0.00000000    0.00000000
   15.55083370  132.53999329    0.00000000    0.00000000
   15.55472279  139.67100525    0.00000000    0.00000000
   15.55777836  136.93800354    0.00000000    0.00000000
   15.55944443  137.83000183    0.00000000    0.00000000
   15.56111145  141.39199829    0.00000000    0.00000000
   15.56416702  141.49800110    0.00000000    0.00000000
   15.56722260  132.86000061    0.00000000    0.00000000
   15.57027817  137.88200378    0.00000000    0.00000000
   15.57333374  123.60500336    0.00000000    0.00000000
   15.57638836  133.16200256    0.00000000    0.00000000
   15.57944393  128.09399414    0.00000000    0.00000000
   15.58277798  131.59800720    0.00000000    0.00000000
   15.58583260  130.69299316    0.00000000    0.00000000
   15.58888817  132.78300476    0.00000000    0.00000000
   15.59361076  132.78300476    0.00000000    0.00000000
   15.59749985  136.75199890    0.00000000    0.00000000
   15.60055637  135.57400513    0.00000000    0.00000000
   15.60361195  135.44900513    0.00000000    0.00000000
   15.60694504  135.77299500    0.00000000    0.00000000
   15.61000061  128.52299500    0.00000000    0.00000000
   15.61305618  140.41400146    0.00000000    0.00000000
   15.61611176  137.04200745    0.00000000    0.00000000
   15.61916637  131.69599915    0.00000000    0.00000000
   15.62222195  133.15600586    0.00000000    0.00000000
   15.62555599  139.19000244    0.00000000    0.00000000
   15.62611103  132.33399963    0.00000000    0.00000000
   15.62861156  140.93800354    0.00000000    0.00000000
   15.63166714  137.14300537    0.00000000    0.00000000
   15.63666630  137.14300537    0.00000000    0.00000000
   15.64027786  133.05000305    0.00000000    0.00000000
   15.64361095  131.45100403    0.00000000    0.00000000
   15.64666653  147.23899841    0.00000000    0.00000000
   15.64972210  134.56900024    0.00000000    0.00000000
   15.65277767  131.97599792    0.00000000    0.00000000
   15.65583324  138.35600281    0.00000000    0.00000000
   15.65888882  129.86900330    0.00000000    0.00000000
   15.65944386  138.19900513    0.00000000    0.00000000
   15.66222191  148.86799622    0.00000000    0.00000000
   15.66527748  136.58900452    0.00000000    0.00000000
   15.66833401  124.81099701    0.00000000    0.00000000
   15.67138958  122.15200043    0.00000000    0.00000000
   15.67444515  133.62300110    0.00000000    0.00000000
   15.67944431  133.62300110    0.00000000    0.00000000
   15.68333340  123.73400116    0.00000000    0.00000000
   15.68638897  139.66400146    0.00000000    0.00000000
   15.68944454  133.50999451    0.00000000    0.00000000
   15.69250011  132.17399597    0.00000000    0.00000000
   15.69277763  126.56999969    0.00000000    0.00000000
   15.69583321  143.01300049    0.00000000    0.00000000
   15.69888878  137.64500427    0.00000000    0.00000000
   15.70194435  132.63499451    0.00000000    0.00000000
   15.70499992  139.50399780    0.00000000    0.00000000
   15.70805550  140.73699951    0.00000000    0.00000000
   15.71111107  138.35899353    0.00000000    0.00000000
   15.71444416  134.60699463    0.00000000    0.00000000
   15.71749973  172.48100281    0.00000000    0.00000000
   15.72222137  172.48100281    0.00000000    0.00000000
   15.72611046  139.83200073    0.00000000    0.00000000
   15.72611046  137.60499573    0.00000000    0.00000000
   15.72916603  134.91400146    0.00000000    0.00000000
   15.73222160  134.44400024    0.00000000    0.00000000
   15.73527813  140.25100708    0.00000000    0.00000000
   15.73833370  132.69799805    0.00000000    0.00000000
   15.74166679  139.78500366    0.00000000    0.00000000
   15.74472237  190.14999390    0.00000000    0.00000000
   15.74777794  147.89500427    0.00000000    0.00000000
   15.75083351  122.99900055    0.00000000    0.00000000
   15.75388908  140.14500427    0.00000000    0.00000000
   15.75694466  142.90699768    0.00000000    0.00000000
   15.75944424  137.21099854    0.00000000    0.00000000
   15.76027775  137.98500061    0.00000000    0.00000000
   15.76500034  137.98500061    0.00000000    0.00000000
   15.76888847  146.76400757    0.00000000    0.00000000
   15.77194405  136.60499573    0.00000000    0.00000000
   15.77499962  149.63699341    0.00000000    0.00000000
   15.77833271  126.44200134    0.00000000    0.00000000
   15.78138828  138.69500732    0.00000000    0.00000000
   15.78444481  143.28199768    0.00000000    0.00000000
   15.78750038  127.87300110    0.00000000    0.00000000
   15.79055595  134.44299316    0.00000000    0.00000000
   15.79277802  123.52799988    0.00000000    0.00000000
   15.79388905  136.30900574    0.00000000    0.00000000
   15.79694462  142.46000671    0.00000000    0.00000000
   15.80000019  178.82600403    0.00000000    0.00000000
   15.80305576  145.73300171    0.00000000    0.00000000
   15.80777836  145.73300171    0.00000000    0.00000000
   15.81166649  126.37200165    0.00000000    0.00000000
   15.81472206  133.78799438    0.00000000    0.00000000
   15.81805515  130.23300171    0.00000000    0.00000000
   15.82111073  130.23300171    0.00000000    0.00000000
   15.82416630  137.16400146    0.00000000    0.00000000
   15.82611084  123.99900055    0.00000000    0.00000000
   15.82722187  123.52400208    0.00000000    0.00000000
   15.83027744  137.56500244    0.00000000    0.00000000
   15.83333302  124.32800293    0.00000000    0.00000000
   15.83638859  132.86399841    0.00000000    0.00000000
   15.83972168  129.45799255    0.00000000    0.00000000
   15.84277725  128.16600037    0.00000000    0.00000000
   15.84583282  133.68200684    0.00000000    0.00000000
   15.85083389  133.68200684    0.00000000    0.00000000
   15.85444450  127.35299683    0.00000000    0.00000000
   15.85777855  130.14799500    0.00000000    0.00000000
   15.85944462  135.64599609    0.00000000    0.00000000
   15.86083412  127.83499908    0.00000000    0.00000000
   15.86388969  130.36399841    0.00000000    0.00000000
   15.86694431  121.74299622    0.00000000    0.00000000
   15.86999989  127.18800354    0.00000000    0.00000000
   15.87305546  125.99199677    0.00000000    0.00000000
   15.87638855  133.53599548    0.00000000    0.00000000
   15.87944412  126.56900024    0.00000000    0.00000000
   15.88249969  130.52999878    0.00000000    0.00000000
   15.88555527  129.77600098    0.00000000    0.00000000
   15.88861084  137.06300354    0.00000000    0.00000000
   15.89361095  137.06300354    0.00000000    0.00000000
   15.89750004  131.13400269    0.00000000    0.00000000
   15.90055561  134.82600403    0.00000000    0.00000000
   15.90361118  132.81799316    0.00000000    0.00000000
   15.90666676  129.22000122    0.00000000    0.00000000
   15.90972137  124.37799835    0.00000000    0.00000000
   15.91277695  128.36500549    0.00000000    0.00000000
   15.91611099  121.37799835    0.00000000    0.00000000
   15.91916656  121.32599640    0.00000000    0.00000000
   15.92222214  128.36199951    0.00000000    0.00000000
   15.92527771  119.97399902    0.00000000    0.00000000
   15.92611122  112.97899628    0.00000000    0.00000000
   15.92833328  117.94699860    0.00000000    0.00000000
   15.93138885  126.30500031    0.00000000    0.00000000
   15.93638897  126.30500031    0.00000000    0.00000000
   15.94027805  123.33499908    0.00000000    0.00000000
   15.94333363  120.71199799    0.00000000    0.00000000
   15.94638920  122.98200226    0.00000000    0.00000000
   15.94944477  125.98000336    0.00000000    0.00000000
   15.95277786  132.32499695    0.00000000    0.00000000
   15.95583344  129.83000183    0.00000000    0.00000000
   15.95888901  133.43099976    0.00000000    0.00000000
   15.95944405  136.09199524    0.00000000    0.00000000
   15.96194458  133.03599548    0.00000000    0.00000000
   15.96500015  130.21299744    0.00000000    0.00000000
   15.96805477  135.00199890    0.00000000    0.00000000
   15.97111034  129.88000488    0.00000000    0.00000000
   15.97444439  128.76499939    0.00000000    0.00000000
   15.97916603  128.76499939    0.00000000    0.00000000
   15.98305511  125.19499969    0.00000000    0.00000000
   15.98611164  123.56600189    0.00000000    0.00000000
   15.98916721  133.53999329    0.00000000    0.00000000
   15.99250031  128.34199524    0.00000000    0.00000000
   15.99277782  125.90799713    0.00000000    0.00000000
   15.99555588  125.45800018    0.00000000    0.00000000
   15.99861145  129.07099915    0.00000000    0.00000000
   16.00166702  121.90100098    0.00000000    0.00000000
   16.00472260  121.92099762    0.00000000    0.00000000
   16.00805473  128.64999390    0.00000000    0.00000000
   16.01111031  131.60699463    0.00000000    0.00000000
   16.01416588  127.91000366    0.00000000    0.00000000
   16.01722145  122.77200317    0.00000000    0.00000000
   16.02222252  122.77200317    0.00000000    0.00000000
   16.02583313  128.61500549    0.00000000    0.00000000
   16.02611160  127.08499908    0.00000000    0.00000000
   16.02888870  132.25300598    0.00000000    0.00000000
   16.03222275  132.61000061    0.00000000    0.00000000
   16.03527641  131.46600342    0.00000000    0.00000000
   16.03833199  122.58699799    0.00000000    0.00000000
   16.04138756  135.87699890    0.00000000    0.00000000
   16.04444313  130.96899414    0.00000000    0.00000000
   16.04749870  165.33500671    0.00000000    0.00000000
   16.05083275  121.72399902    0.00000000    0.00000000
   16.05388832  233.06799316    0.00000000    0.00000000
   16.05694389  123.24700165    0.00000000    0.00000000
   16.05944443  156.32600403    0.00000000    0.00000000
   16.07638931  172.36300659    0.00000000    0.00000000
   16.08000183  172.36300659    0.00000000    0.00000000
   16.08388901  153.77600098    0.00000000    0.00000000
   16.08694458  143.79800415    0.00000000    0.00000000
   16.09000015  142.34199524    0.00000000    0.00000000
   16.09277916  142.38499451    0.00000000    0.00000000
   16.09333420  140.05299377    0.00000000    0.00000000
   16.09638977  136.28799438    0.00000000    0.00000000
   16.09944534  132.65100098    0.00000000    0.00000000
   16.10250092  147.96499634    0.00000000    0.00000000
   16.10555649  137.24600220    0.00000000    0.00000000
   16.10888863  130.48899841    0.00000000    0.00000000
   16.11194420  146.53700256    0.00000000    0.00000000
   16.11499977  203.02400208    0.00000000    0.00000000
   16.11805534  182.69500732    0.00000000    0.00000000
   16.12305641  182.69500732    0.00000000    0.00000000
   16.12666702   23.57019997    0.00000000    0.00000000
   16.13000107  150.15699768    0.00000000    0.00000000
   16.13305473  276.41799927    0.00000000    0.00000000
   16.13611031  214.87399292    0.00000000    0.00000000
   16.13916588   -1.00000000    0.00000000    0.00000000
   16.14222145   -1.00000000    0.00000000    0.00000000
   16.14527702   -1.00000000    0.00000000    0.00000000
   16.14833260   -1.00000000    0.00000000    0.00000000
   16.15166664   -1.00000000    0.00000000    0.00000000
   16.15472221  124.89900208    0.00000000    0.00000000
   16.15777779   -1.00000000    0.00000000    0.00000000
   16.15944481  243.92300415    0.00000000    0.00000000
   16.16083336  201.44999695    0.00000000    0.00000000
   16.16583252  201.44999695    0.00000000    0.00000000
   16.16972160  172.27600098    0.00000000    0.00000000
   16.17277718  154.20500183    0.00000000    0.00000000
   16.17583275  178.32600403    0.00000000    0.00000000
   16.17888832  201.05599976    0.00000000    0.00000000
   16.18194389  271.15701294    0.00000000    0.00000000
   16.18499947  272.41101074    0.00000000    0.00000000
   16.18805504  203.40800476    0.00000000    0.00000000
   16.19138718  203.36900330    0.00000000    0.00000000
   16.19277763  286.24099731    0.00000000    0.00000000
   16.19444275  270.34399414    0.00000000    0.00000000
   16.19749832  228.92900085    0.00000000    0.00000000
   16.20055580  222.71400452    0.00000000    0.00000000
   16.20361137  170.74099731    0.00000000    0.00000000
   16.20861244  170.74099731    0.00000000    0.00000000
   16.21250153  167.18400574    0.00000000    0.00000000
   16.21555710  179.76899719    0.00000000    0.00000000
   16.21861076  160.50599670    0.00000000    0.00000000
   16.22166634  165.85499573    0.00000000    0.00000000
   16.22472191  176.58700562    0.00000000    0.00000000
   16.22611237  176.87699890    0.00000000    0.00000000
   16.22805595  188.70199585    0.00000000    0.00000000
   16.23111153  189.32600403    0.00000000    0.00000000
   16.23416710  317.91000366    0.00000000    0.00000000
   16.23722267  252.49899292    0.00000000    0.00000000
   16.24055672  200.82800293    0.00000000    0.00000000
   16.24361229  151.44999695    0.00000000    0.00000000
   16.24666786  197.94200134    0.00000000    0.00000000
   16.25138855  197.94200134    0.00000000    0.00000000
   16.25527763  256.85998535    0.00000000    0.00000000
   16.25833321  203.36500549    0.00000000    0.00000000
   16.25944519  216.68400574    0.00000000    0.00000000
   16.26138878  210.15499878    0.00000000    0.00000000
   16.26444435  290.65899658    0.00000000    0.00000000
   16.26777840  302.53100586    0.00000000    0.00000000
   16.27083397  153.40899658    0.00000000    0.00000000
   16.27388954  114.99299622    0.00000000    0.00000000
   16.27694511  331.53298950    0.00000000    0.00000000
   16.27861023  270.89599609    0.00000000    0.00000000
   16.28000069  249.49800110    0.00000000    0.00000000
   16.28138924  239.69599915    0.00000000    0.00000000
   16.28138924  302.53100586    0.00000000    0.00000000
   16.28138924  153.40899658    0.00000000    0.00000000
   16.28138924  114.99299622    0.00000000    0.00000000
   16.28138924  331.53298950    0.00000000    0.00000000
   16.28138924  197.94200134    0.00000000    0.00000000
   16.28138924  256.85998535    0.00000000    0.00000000
   16.28138924  203.36500549    0.00000000    0.00000000
   16.28138924  210.15499878    0.00000000    0.00000000
   16.28138924  290.65899658    0.00000000    0.00000000
   16.28166580  212.40100098    0.00000000    0.00000000
   16.28472137  153.19900513    0.00000000    0.00000000
   16.28777695  243.59800720    0.00000000    0.00000000
   16.29083252  223.00000000    0.00000000    0.00000000
   16.29388809   99.16909790    0.00000000    0.00000000
   16.29694366   -1.00000000    0.00000000    0.00000000
   16.30166626   -1.00000000    0.00000000    0.00000000
   16.30555534  102.19699860    0.00000000    0.00000000
   16.30861092  316.74398804    0.00000000    0.00000000
   16.31166649  324.08599854    0.00000000    0.00000000
   16.31333351  244.31199646    0.00000000    0.00000000
   16.31472206  207.54400635    0.00000000    0.00000000
   16.31472206  212.40100098    0.00000000    0.00000000
   16.31472206  153.19900513    0.00000000    0.00000000
   16.31472206  243.59800720    0.00000000    0.00000000
   16.31472206  223.00000000    0.00000000    0.00000000
   16.31472206   99.16909790    0.00000000    0.00000000
   16.31472206   -1.00000000    0.00000000    0.00000000
   16.31472206  102.19699860    0.00000000    0.00000000
   16.31472206  316.74398804    0.00000000    0.00000000
   16.31472206  324.08599854    0.00000000    0.00000000
   16.31499863  185.43699646    0.00000000    0.00000000
   16.31805611  131.60499573    0.00000000    0.00000000
   16.32111168  126.93499756    0.00000000    0.00000000
   16.32416725  156.00300598    0.00000000    0.00000000
   16.32722282   -1.00000000    0.00000000    0.00000000
   16.33027840  109.34899902    0.00000000    0.00000000
   16.33500099  109.34899902    0.00000000    0.00000000
   16.33889008  178.30299377    0.00000000    0.00000000
   16.34194565  143.99800110    0.00000000    0.00000000
   16.34500122  157.25799561    0.00000000    0.00000000
   16.34805679  285.14999390    0.00000000    0.00000000
   16.34805679  299.13699341    0.00000000    0.00000000
   16.35138893  164.38600159    0.00000000    0.00000000
   16.35444450  173.40600586    0.00000000    0.00000000
   16.35750008  125.40299988    0.00000000    0.00000000
   16.36055565  149.55599976    0.00000000    0.00000000
   16.36361122  259.53698730    0.00000000    0.00000000
   16.36666679  170.59199524    0.00000000    0.00000000
   16.36972237  148.95799255    0.00000000    0.00000000
   16.37305641  169.44799805    0.00000000    0.00000000
   16.37777710  169.44799805    0.00000000    0.00000000
   16.38166618  193.79699707    0.00000000    0.00000000
   16.38472176  146.82499695    0.00000000    0.00000000
   16.38777733  143.91700745    0.00000000    0.00000000
   16.39083290  158.24299622    0.00000000    0.00000000
   16.39416695  160.50000000    0.00000000    0.00000000
   16.39722252  149.48300171    0.00000000    0.00000000
   16.40027809  195.39599609    0.00000000    0.00000000
   16.40333366  253.80599976    0.00000000    0.00000000
   16.40638924  216.46800232    0.00000000    0.00000000
   16.40944481  145.39999390    0.00000000    0.00000000
   16.41277695  153.95899963    0.00000000    0.00000000
   16.41472244  137.23500061    0.00000000    0.00000000
   16.41583252  137.42500305    0.00000000    0.00000000
   16.42055511  137.42500305    0.00000000    0.00000000
   16.42444420  153.42999268    0.00000000    0.00000000
   16.42749977  128.94200134    0.00000000    0.00000000
   16.43083191  130.68099976    0.00000000    0.00000000
   16.43388748  138.21899414    0.00000000    0.00000000
   16.43694305  128.25700378    0.00000000    0.00000000
   16.43999863  138.21600342    0.00000000    0.00000000
   16.44305420  132.81399536    0.00000000    0.00000000
   16.44610977  136.43800354    0.00000000    0.00000000
   16.44805527  126.91400146    0.00000000    0.00000000
   16.44916534  139.18600464    0.00000000    0.00000000
   16.45250130  129.07699585    0.00000000    0.00000000
   16.45555687  128.08799744    0.00000000    0.00000000
   16.45861244  134.39100647    0.00000000    0.00000000
   16.46361160  134.39100647    0.00000000    0.00000000
   16.46722221  121.87799835    0.00000000    0.00000000
   16.47055626  118.74199677    0.00000000    0.00000000
   16.47361183  120.51799774    0.00000000    0.00000000
   16.47666740  122.23899841    0.00000000    0.00000000
   16.47972298  129.20599365    0.00000000    0.00000000
   16.48139000  120.73200226    0.00000000    0.00000000
   16.48305511  121.75900269    0.00000000    0.00000000
   16.48611069  121.65799713    0.00000000    0.00000000
   16.48916626  118.57499695    0.00000000    0.00000000
   16.49222183  126.44200134    0.00000000    0.00000000
   16.49527740  131.66900635    0.00000000    0.00000000
   16.49833298  122.45300293    0.00000000    0.00000000
   16.50138855  119.44400024    0.00000000    0.00000000
   16.50638962  119.44400024    0.00000000    0.00000000
   16.51027870  129.23399353    0.00000000    0.00000000
   16.51333427  126.32700348    0.00000000    0.00000000
   16.51472282  129.47799683    0.00000000    0.00000000
   16.51638794  128.39599609    0.00000000    0.00000000
   16.51944351  126.51399994    0.00000000    0.00000000
   16.52249908  148.06799316    0.00000000    0.00000000
   16.52555466  138.96499634    0.00000000    0.00000000
   16.52888870  133.12800598    0.00000000    0.00000000
   16.53194427  139.67300415    0.00000000    0.00000000
   16.53499985  129.47500610    0.00000000    0.00000000
   16.53805542  132.97200012    0.00000000    0.00000000
   16.54111099  156.79200745    0.00000000    0.00000000
   16.54416656  184.93899536    0.00000000    0.00000000
   16.54916573  184.93899536    0.00000000    0.00000000
   16.55305481  261.26800537    0.00000000    0.00000000
   16.55611038  304.96301270    0.00000000    0.00000000
   16.55916595  227.96600342    0.00000000    0.00000000
   16.56222153  163.41099548    0.00000000    0.00000000
   16.56527710  135.43899536    0.00000000    0.00000000
   16.56861115  130.87600708    0.00000000    0.00000000
   16.57166672  136.29899597    0.00000000    0.00000000
   16.57472229  130.74800110    0.00000000    0.00000000
   16.57777786  136.25700378    0.00000000    0.00000000
   16.58083344  122.68699646    0.00000000    0.00000000
   16.58139038  125.00299835    0.00000000    0.00000000
   16.58416748  135.88600159    0.00000000    0.00000000
   16.58722305  125.34600067    0.00000000    0.00000000
   16.59194565  125.34600067    0.00000000    0.00000000
   16.59583473  129.76600647    0.00000000    0.00000000
   16.59889030  137.44599915    0.00000000    0.00000000
   16.60194397  128.79499817    0.00000000    0.00000000
   16.60499954  158.46499634    0.00000000    0.00000000
   16.60833359  134.52400208    0.00000000    0.00000000
   16.61138916  131.19400024    0.00000000    0.00000000
   16.61444473  134.00700378    0.00000000    0.00000000
   16.61472321  139.58099365    0.00000000    0.00000000
   16.61750031  139.69200134    0.00000000    0.00000000
   16.62055588  123.82800293    0.00000000    0.00000000
   16.62361145  120.61799622    0.00000000    0.00000000
   16.62694550  147.18099976    0.00000000    0.00000000
   16.63000107  132.82699585    0.00000000    0.00000000
   16.63500023  132.82699585    0.00000000    0.00000000
   16.63861084  205.26899719    0.00000000    0.00000000
   16.64166641  148.10600281    0.00000000    0.00000000
   16.64500046  173.08000183    0.00000000    0.00000000
   16.64805603  182.65199280    0.00000000    0.00000000
   16.64805603  167.49200439    0.00000000    0.00000000
   16.65111160  144.51400757    0.00000000    0.00000000
   16.65416718  178.03700256    0.00000000    0.00000000
   16.65722275  176.06799316    0.00000000    0.00000000
   16.66027832  154.33799744    0.00000000    0.00000000
   16.66361046  134.74299622    0.00000000    0.00000000
   16.66666603  179.61500549    0.00000000    0.00000000
   16.66972160  149.89300537    0.00000000    0.00000000
   16.67277718  173.14900208    0.00000000    0.00000000
   16.67777634  173.14900208    0.00000000    0.00000000
   16.68138885  152.87800598    0.00000000    0.00000000
   16.68166542  132.62600708    0.00000000    0.00000000
   16.68472099  154.10699463    0.00000000    0.00000000
   16.68777657  153.07200623    0.00000000    0.00000000
   16.69083214  114.98500061    0.00000000    0.00000000
   16.69388771   85.69280243    0.00000000    0.00000000
   16.69694328  107.80200195    0.00000000    0.00000000
   16.70027924   55.26309967    0.00000000    0.00000000
   16.70333481   23.57019997    0.00000000    0.00000000
   16.70639038  232.73800659    0.00000000    0.00000000
   16.70944595  177.26600647    0.00000000    0.00000000
   16.71250153  176.42199707    0.00000000    0.00000000
   16.71472359  165.50900269    0.00000000    0.00000000
   16.71583366  146.83299255    0.00000000    0.00000000
   16.72055626  146.83299255    0.00000000    0.00000000
   16.72444534  160.34500122    0.00000000    0.00000000
   16.72750092  167.67500305    0.00000000    0.00000000
   16.73055649  169.36500549    0.00000000    0.00000000
   16.73361206  221.05900574    0.00000000    0.00000000
   16.73666763  235.88800049    0.00000000    0.00000000
   16.73972321  213.39100647    0.00000000    0.00000000
   16.74305534  218.52799988    0.00000000    0.00000000
   16.74611092  307.14401245    0.00000000    0.00000000
   16.74805641  324.29098511    0.00000000    0.00000000
   16.74916649  317.48599243    0.00000000    0.00000000
   16.75222206  305.06298828    0.00000000    0.00000000
   16.75527763  168.41799927    0.00000000    0.00000000
   16.75833321  153.25500488    0.00000000    0.00000000
   16.76333427  153.25500488    0.00000000    0.00000000
   16.76722145  233.52099609    0.00000000    0.00000000
   16.77027702   -1.00000000    0.00000000    0.00000000
   16.77333260   -1.00000000    0.00000000    0.00000000
   16.77638817   -1.00000000    0.00000000    0.00000000
   16.77972221   -1.00000000    0.00000000    0.00000000
   16.78277779   -1.00000000    0.00000000    0.00000000
   16.78583336   -1.00000000    0.00000000    0.00000000
   16.78888893   -1.00000000    0.00000000    0.00000000
   16.79194450   -1.00000000    0.00000000    0.00000000
   16.79500008   -1.00000000    0.00000000    0.00000000
   16.79805565   -1.00000000    0.00000000    0.00000000
   16.80138779   -1.00000000    0.00000000    0.00000000
   16.80999947   -1.00000000    0.00000000    0.00000000
   16.81305504   -1.00000000    0.00000000    0.00000000
   16.81638718   -1.00000000    0.00000000    0.00000000
   16.81944466   -1.00000000    0.00000000    0.00000000
   16.82250023   -1.00000000    0.00000000    0.00000000
   16.82555580  244.08200073    0.00000000    0.00000000
   16.82861137  276.49099731    0.00000000    0.00000000
   16.83194542  242.34700012    0.00000000    0.00000000
   16.83500099   -1.00000000    0.00000000    0.00000000
   16.83805656   -1.00000000    0.00000000    0.00000000
   16.84111214   -1.00000000    0.00000000    0.00000000
   16.84416771   -1.00000000    0.00000000    0.00000000
   16.85277748   -1.00000000    0.00000000    0.00000000
   16.85583305   -1.00000000    0.00000000    0.00000000
   16.85916710   -1.00000000    0.00000000    0.00000000
   16.86222267   -1.00000000    0.00000000    0.00000000
   16.86527824   -1.00000000    0.00000000    0.00000000
   16.86833382   -1.00000000    0.00000000    0.00000000
   16.87138939   -1.00000000    0.00000000    0.00000000
   16.87444496   -1.00000000    0.00000000    0.00000000
   16.87777710   -1.00000000    0.00000000    0.00000000
   16.88083267   -1.00000000    0.00000000    0.00000000
   16.88388824   -1.00000000    0.00000000    0.00000000
   16.88694382   -1.00000000    0.00000000    0.00000000
   16.89583397   -1.00000000    0.00000000    0.00000000
   16.89888954   -1.00000000    0.00000000    0.00000000
   16.90194321   -1.00000000    0.00000000    0.00000000
   16.90499878   -1.00000000    0.00000000    0.00000000
   16.90805435   -1.00000000    0.00000000    0.00000000
   16.91110992   -1.00000000    0.00000000    0.00000000
   16.91416550   -1.00000000    0.00000000    0.00000000
   16.91749954   -1.00000000    0.00000000    0.00000000
   16.92055511   -1.00000000    0.00000000    0.00000000
   16.92361069   -1.00000000    0.00000000    0.00000000
   16.92666626   -1.00000000    0.00000000    0.00000000
   16.92972183   -1.00000000    0.00000000    0.00000000
   16.93861008   -1.00000000    0.00000000    0.00000000
   16.94166565   -1.00000000    0.00000000    0.00000000
   16.94472122   -1.00000000    0.00000000    0.00000000
   16.94777679   -1.00000000    0.00000000    0.00000000
   16.95083427   -1.00000000    0.00000000    0.00000000
   16.95416832   -1.00000000    0.00000000    0.00000000
   16.95722389   -1.00000000    0.00000000    0.00000000
   16.96027946   -1.00000000    0.00000000    0.00000000
   16.96333504   -1.00000000    0.00000000    0.00000000
   16.96638870   -1.00000000    0.00000000    0.00000000
   16.96944427   -1.00000000    0.00000000    0.00000000
   16.97249985   -1.00000000    0.00000000    0.00000000
   16.98139000   -1.00000000    0.00000000    0.00000000
   16.98444557   -1.00000000    0.00000000    0.00000000
   16.98750114   -1.00000000    0.00000000    0.00000000
   16.99055672   -1.00000000    0.00000000    0.00000000
   16.99388885   -1.00000000    0.00000000    0.00000000
   16.99694443   -1.00000000    0.00000000    0.00000000
   17.00000000   -1.00000000    0.00000000    0.00000000
   17.00305557   -1.00000000    0.00000000    0.00000000
   17.00611115   -1.00000000    0.00000000    0.00000000
   17.00916672   -1.00000000    0.00000000    0.00000000
   17.01250076   -1.00000000    0.00000000    0.00000000
   17.01555634   -1.00000000    0.00000000    0.00000000
   17.02416611   -1.00000000    0.00000000    0.00000000
   17.02722168   -1.00000000    0.00000000    0.00000000
   17.03027725   -1.00000000    0.00000000    0.00000000
   17.03361130   -1.00000000    0.00000000    0.00000000
   17.03666687   -1.00000000    0.00000000    0.00000000
   17.03972244   -1.00000000    0.00000000    0.00000000
   17.04277802   -1.00000000    0.00000000    0.00000000
   17.04583359   -1.00000000    0.00000000    0.00000000
   17.04888916   -1.00000000    0.00000000    0.00000000
   17.05222130   -1.00000000    0.00000000    0.00000000
   17.05527687   -1.00000000    0.00000000    0.00000000
   17.05833244   -1.00000000    0.00000000    0.00000000
   17.06694603   -1.00000000    0.00000000    0.00000000
   17.07027817   -1.00000000    0.00000000    0.00000000
   17.07333374   -1.00000000    0.00000000    0.00000000
   17.07638931   -1.00000000    0.00000000    0.00000000
   17.09583473   -1.00000000    0.00000000    0.00000000
   17.09889030   -1.00000000    0.00000000    0.00000000
   17.10194397   -1.00000000    0.00000000    0.00000000
   17.11000061   -1.00000000    0.00000000    0.00000000
   17.11333466   -1.00000000    0.00000000    0.00000000
   17.11638832   -1.00000000    0.00000000    0.00000000
   17.11944389   -1.00000000    0.00000000    0.00000000
   17.12249947   -1.00000000    0.00000000    0.00000000
   17.12555504   -1.00000000    0.00000000    0.00000000
   17.12861061   -1.00000000    0.00000000    0.00000000
   17.13194466   -1.00000000    0.00000000    0.00000000
   17.13500023   -1.00000000    0.00000000    0.00000000
   17.13805580   -1.00000000    0.00000000    0.00000000
   17.14111137   -1.00000000    0.00000000    0.00000000
   17.14416695   -1.00000000    0.00000000    0.00000000
   17.15305519   -1.00000000    0.00000000    0.00000000
   17.15611076   -1.00000000    0.00000000    0.00000000
   17.15916634   -1.00000000    0.00000000    0.00000000
   17.16222191   -1.00000000    0.00000000    0.00000000
   17.16527748   -1.00000000    0.00000000    0.00000000
   17.16860962   -1.00000000    0.00000000    0.00000000
   17.17166519   -1.00000000    0.00000000    0.00000000
   17.17472076   -1.00000000    0.00000000    0.00000000
   17.17777634   -1.00000000    0.00000000    0.00000000
   17.18083191   -1.00000000    0.00000000    0.00000000
   17.18388748   -1.00000000    0.00000000    0.00000000
   17.18722153   -1.00000000    0.00000000    0.00000000
   17.19583321   -1.00000000    0.00000000    0.00000000
   17.19888878   -1.00000000    0.00000000    0.00000000
   17.20194435   -1.00000000    0.00000000    0.00000000
   17.20499992   -1.00000000    0.00000000    0.00000000
   17.20833397   -1.00000000    0.00000000    0.00000000
   17.21138954   -1.00000000    0.00000000    0.00000000
   17.21444511   -1.00000000    0.00000000    0.00000000
   17.21750069   -1.00000000    0.00000000    0.00000000
   17.22055626   -1.00000000    0.00000000    0.00000000
   17.22361183   -1.00000000    0.00000000    0.00000000
   17.22666740   -1.00000000    0.00000000    0.00000000
   17.23000145   -1.00000000    0.00000000    0.00000000
   17.23861122   -1.00000000    0.00000000    0.00000000
   17.24166679   -1.00000000    0.00000000    0.00000000
   17.24472237   -1.00000000    0.00000000    0.00000000
   17.24805641   -1.00000000    0.00000000    0.00000000
   17.25111198   -1.00000000    0.00000000    0.00000000
   17.25416756   -1.00000000    0.00000000    0.00000000
   17.25722313   -1.00000000    0.00000000    0.00000000
   17.26027870   -1.00000000    0.00000000    0.00000000
   17.26333427   -1.00000000    0.00000000    0.00000000
   17.26666641   -1.00000000    0.00000000    0.00000000
   17.26972198   -1.00000000    0.00000000    0.00000000
   17.27277756   -1.00000000    0.00000000    0.00000000
   17.28138924   -1.00000000    0.00000000    0.00000000
   17.28444481   -1.00000000    0.00000000    0.00000000
   17.28777695   -1.00000000    0.00000000    0.00000000
   17.29083252   -1.00000000    0.00000000    0.00000000
   17.29388809   -1.00000000    0.00000000    0.00000000
   17.29694366   -1.00000000    0.00000000    0.00000000
   17.29999924   -1.00000000    0.00000000    0.00000000
   17.30305481   -1.00000000    0.00000000    0.00000000
   17.30638885   -1.00000000    0.00000000    0.00000000
   17.30944443   -1.00000000    0.00000000    0.00000000
   17.31250000   -1.00000000    0.00000000    0.00000000
   17.31555557   -1.00000000    0.00000000    0.00000000
   17.32444572   -1.00000000    0.00000000    0.00000000
   17.32750130   -1.00000000    0.00000000    0.00000000
   17.33055687   -1.00000000    0.00000000    0.00000000
   17.33361244   -1.00000000    0.00000000    0.00000000
   17.33666801   -1.00000000    0.00000000    0.00000000
   17.34000015   -1.00000000    0.00000000    0.00000000
   17.34305573   -1.00000000    0.00000000    0.00000000
   17.34611130   -1.00000000    0.00000000    0.00000000
   17.34916687   -1.00000000    0.00000000    0.00000000
   17.35222244   -1.00000000    0.00000000    0.00000000
   17.35527802   -1.00000000    0.00000000    0.00000000
   17.35833359   -1.00000000    0.00000000    0.00000000
   17.36722183   -1.00000000    0.00000000    0.00000000
   17.37027740   -1.00000000    0.00000000    0.00000000
   17.37333298   -1.00000000    0.00000000    0.00000000
   17.37638855   -1.00000000    0.00000000    0.00000000
   17.37944412   -1.00000000    0.00000000    0.00000000
   17.38277817   -1.00000000    0.00000000    0.00000000
   17.38583374   -1.00000000    0.00000000    0.00000000
   17.38888931   -1.00000000    0.00000000    0.00000000
   17.39194489   -1.00000000    0.00000000    0.00000000
   17.39500046   -1.00000000    0.00000000    0.00000000
   17.39805603   -1.00000000    0.00000000    0.00000000
