    HOUR (UT)   FLARE FACTOR    SKY TESTER    SUN TESTER
   13.74361134   -1.00000000   -1.00000000   -1.00000000
   13.76361084   93.55020142    0.00000000    0.00000000
   13.76888847  105.94699860    0.00000000    0.00000000
   13.77250004   97.43119812    0.00000000    0.00000000
   13.77555561   96.21769714    0.00000000    0.00000000
   13.77861118   98.72090149    0.00000000    0.00000000
   13.78277779   98.94740295    0.00000000    0.00000000
   13.78583336  101.09899902    0.00000000    0.00000000
   13.78888893   96.32350159    0.00000000    0.00000000
   13.79194450   99.35669708    0.00000000    0.00000000
   13.79527855  100.67199707    0.00000000    0.00000000
   13.79666710   94.12390137    0.00000000    0.00000000
   13.79833412  102.40399933    0.00000000    0.00000000
   13.80138874  100.18499756    0.00000000    0.00000000
   13.80444431  100.90699768    0.00000000    0.00000000
   13.80749989  103.16799927    0.00000000    0.00000000
   13.81055546  101.23999786    0.00000000    0.00000000
   13.81388950  101.29699707    0.00000000    0.00000000
   13.81694412  102.77400208    0.00000000    0.00000000
   13.81999969  105.01100159    0.00000000    0.00000000
   13.82527733  100.80899811    0.00000000    0.00000000
   13.82833290   95.41780090    0.00000000    0.00000000
   13.82999992   95.86509705    0.00000000    0.00000000
   13.83166695   97.93650055    0.00000000    0.00000000
   13.83472157  100.97499847    0.00000000    0.00000000
   13.83777714  100.86299896    0.00000000    0.00000000
   13.84083271   99.70790100    0.00000000    0.00000000
   13.84388828   97.03630066    0.00000000    0.00000000
   13.84694386   99.61039734    0.00000000    0.00000000
   13.85000038   94.85749817    0.00000000    0.00000000
   13.85333347   94.99250031    0.00000000    0.00000000
   13.85638905   96.87449646    0.00000000    0.00000000
   13.85944462   96.98329926    0.00000000    0.00000000
   13.86250019   97.21089935    0.00000000    0.00000000
   13.86333370   96.69640350    0.00000000    0.00000000
   13.86583328   92.19940186    0.00000000    0.00000000
   13.86888885   98.64720154    0.00000000    0.00000000
   13.87194443   92.14579773    0.00000000    0.00000000
   13.87500000  102.59500122    0.00000000    0.00000000
   13.87805557   96.11039734    0.00000000    0.00000000
   13.88111115   99.15879822    0.00000000    0.00000000
   13.88416672   99.30239868    0.00000000    0.00000000
   13.88749981   95.90100098    0.00000000    0.00000000
   13.89055538  103.11000061    0.00000000    0.00000000
   13.89361095   96.43920135    0.00000000    0.00000000
   13.89666653   97.18399811    0.00000000    0.00000000
   13.89666653   96.30100250    0.00000000    0.00000000
   13.89999962   98.26059723    0.00000000    0.00000000
   13.90305519   95.56120300    0.00000000    0.00000000
   13.90611076   98.79740143    0.00000000    0.00000000
   13.90916634  103.35500336    0.00000000    0.00000000
   13.91222191   99.62819672    0.00000000    0.00000000
   13.91527748   95.92839813    0.00000000    0.00000000
   13.91861153   92.49150085    0.00000000    0.00000000
   13.92166710   95.38099670    0.00000000    0.00000000
   13.92472267   97.31310272    0.00000000    0.00000000
   13.92777824   91.57990265    0.00000000    0.00000000
   13.93000031  100.22399902    0.00000000    0.00000000
   13.93111134   98.47209930    0.00000000    0.00000000
   13.93416691   95.39330292    0.00000000    0.00000000
   13.93722248  102.39399719    0.00000000    0.00000000
   13.94027805  103.25900269    0.00000000    0.00000000
   13.94333363   95.11479950    0.00000000    0.00000000
   13.94638920   93.64520264    0.00000000    0.00000000
   13.94944477   93.20680237    0.00000000    0.00000000
   13.95277786   96.50060272    0.00000000    0.00000000
   13.95583344   99.72180176    0.00000000    0.00000000
   13.95888901   95.42140198    0.00000000    0.00000000
   13.96194458   91.61260223    0.00000000    0.00000000
   13.96333313   95.39920044    0.00000000    0.00000000
   13.96527767   91.23590088    0.00000000    0.00000000
   13.96833324   94.84899902    0.00000000    0.00000000
   13.97138882   94.23500061    0.00000000    0.00000000
   13.97444439  101.81500244    0.00000000    0.00000000
   13.97749996   96.29530334    0.00000000    0.00000000
   13.98055553   91.81909943    0.00000000    0.00000000
   13.98361111  102.65799713    0.00000000    0.00000000
   13.98694515   96.77010345    0.00000000    0.00000000
   13.99000072   94.80010223    0.00000000    0.00000000
   13.99305534   99.82520294    0.00000000    0.00000000
   13.99611092   97.01490021    0.00000000    0.00000000
   13.99666691   93.47440338    0.00000000    0.00000000
   13.99944496   97.59829712    0.00000000    0.00000000
   14.00249958   90.25820160    0.00000000    0.00000000
   14.00555515   92.32160187    0.00000000    0.00000000
   14.00861073   95.94159698    0.00000000    0.00000000
   14.01166630   91.68859863    0.00000000    0.00000000
   14.01472187   93.24559784    0.00000000    0.00000000
   14.01805496   90.63890076    0.00000000    0.00000000
   14.02111053   87.98880005    0.00000000    0.00000000
   14.02416611   91.29260254    0.00000000    0.00000000
   14.02722168   91.04270172    0.00000000    0.00000000
   14.02999973   91.22989655    0.00000000    0.00000000
   14.03055573   89.61440277    0.00000000    0.00000000
   14.03361130   91.88050079    0.00000000    0.00000000
   14.03666687   91.35160065    0.00000000    0.00000000
   14.03972244   97.57080078    0.00000000    0.00000000
   14.04277802   93.31340027    0.00000000    0.00000000
   14.04583359   91.49160004    0.00000000    0.00000000
   14.04888916   92.51820374    0.00000000    0.00000000
   14.05222225   90.87999725    0.00000000    0.00000000
   14.05527782   93.21269989    0.00000000    0.00000000
   14.05833340   95.24160004    0.00000000    0.00000000
   14.06138897   88.13500214    0.00000000    0.00000000
   14.06333351   93.52459717    0.00000000    0.00000000
   14.06472206   93.33329773    0.00000000    0.00000000
   14.06777763   91.55110168    0.00000000    0.00000000
   14.07083321   90.72660065    0.00000000    0.00000000
   14.07388878   95.90640259    0.00000000    0.00000000
   14.07694435   90.95880127    0.00000000    0.00000000
   14.07999992   91.23580170    0.00000000    0.00000000
   14.08305550   92.55069733    0.00000000    0.00000000
   14.08638859   90.71320343    0.00000000    0.00000000
   14.08944416   92.89450073    0.00000000    0.00000000
   14.09249973   96.75689697    0.00000000    0.00000000
   14.09555531   96.61440277    0.00000000    0.00000000
   14.09666634   92.74669647    0.00000000    0.00000000
   14.09888840   93.17880249    0.00000000    0.00000000
   14.10194492   91.28600311    0.00000000    0.00000000
   14.10500050   90.71900177    0.00000000    0.00000000
   14.10805607   90.10970306    0.00000000    0.00000000
   14.11111164   91.81690216    0.00000000    0.00000000
   14.11416721   89.17900085    0.00000000    0.00000000
   14.11750031   92.96849823    0.00000000    0.00000000
   14.12055588   91.26080322    0.00000000    0.00000000
   14.12361145   89.28939819    0.00000000    0.00000000
   14.12666702   92.14880371    0.00000000    0.00000000
   14.12972260   90.69879913    0.00000000    0.00000000
   14.13000011   90.24990082    0.00000000    0.00000000
   14.13305569   90.90679932    0.00000000    0.00000000
   14.13611126   89.48739624    0.00000000    0.00000000
   14.13916683   90.59580231    0.00000000    0.00000000
   14.14222240   93.52410126    0.00000000    0.00000000
   14.14527798   93.92189789    0.00000000    0.00000000
   14.14833355   94.08319855    0.00000000    0.00000000
   14.15166664   94.19090271    0.00000000    0.00000000
   14.15472221   92.38680267    0.00000000    0.00000000
   14.15777779   99.56980133    0.00000000    0.00000000
   14.16083336   92.78820038    0.00000000    0.00000000
   14.16333294   90.29250336    0.00000000    0.00000000
   14.16416645   89.82099915    0.00000000    0.00000000
   14.16722298   93.62760162    0.00000000    0.00000000
   14.17027855   92.07700348    0.00000000    0.00000000
   14.17333412   92.82469940    0.00000000    0.00000000
   14.17638874   94.92169952    0.00000000    0.00000000
   14.17944431   93.35849762    0.00000000    0.00000000
   14.18249989   89.07959747    0.00000000    0.00000000
   14.18583298   92.69039917    0.00000000    0.00000000
   14.18888855   94.01619720    0.00000000    0.00000000
   14.19194412   87.54979706    0.00000000    0.00000000
   14.19499969   87.41320038    0.00000000    0.00000000
   14.19666672   92.45310211    0.00000000    0.00000000
   14.19833374   89.81199646    0.00000000    0.00000000
   14.20138836   87.65110016    0.00000000    0.00000000
   14.20444393   89.72480011    0.00000000    0.00000000
   14.20749950   90.78040314    0.00000000    0.00000000
   14.21055508   90.99420166    0.00000000    0.00000000
   14.21361065   91.64649963    0.00000000    0.00000000
   14.21694374   91.62709808    0.00000000    0.00000000
   14.21999931   92.19100189    0.00000000    0.00000000
   14.22305489   88.83630371    0.00000000    0.00000000
   14.22611046   90.38919830    0.00000000    0.00000000
   14.22916603   90.10269928    0.00000000    0.00000000
   14.22999954   86.35800171    0.00000000    0.00000000
   14.23249912   89.93199921    0.00000000    0.00000000
   14.23555565   89.27500153    0.00000000    0.00000000
   14.23861122   96.55609894    0.00000000    0.00000000
   14.24166679   87.25330353    0.00000000    0.00000000
   14.24472237   90.77480316    0.00000000    0.00000000
   14.24777794   89.51899719    0.00000000    0.00000000
   14.25111103   92.57769775    0.00000000    0.00000000
   14.25416660   89.73030090    0.00000000    0.00000000
   14.25722218   93.02110291    0.00000000    0.00000000
   14.26027775   96.17070007    0.00000000    0.00000000
   14.26333332   90.14669800    0.00000000    0.00000000
   14.26361084   93.62390137    0.00000000    0.00000000
   14.26666641   97.98480225    0.00000000    0.00000000
   14.26972198   91.69159698    0.00000000    0.00000000
   14.27277756   95.79070282    0.00000000    0.00000000
   14.27583313   90.45040131    0.00000000    0.00000000
   14.27888870   90.30280304    0.00000000    0.00000000
   14.28194427   88.93029785    0.00000000    0.00000000
   14.28527832   90.96189880    0.00000000    0.00000000
   14.28833389   86.05370331    0.00000000    0.00000000
   14.29138947   97.68869781    0.00000000    0.00000000
   14.29444504   90.53639984    0.00000000    0.00000000
   14.29666710   84.55930328    0.00000000    0.00000000
   14.29777813   88.79160309    0.00000000    0.00000000
   14.30083370   84.96829987    0.00000000    0.00000000
   14.30388927   86.84780121    0.00000000    0.00000000
   14.30694485   86.06670380    0.00000000    0.00000000
   14.31000042   88.42350006    0.00000000    0.00000000
   14.31305599   85.00399780    0.00000000    0.00000000
   14.31638908   84.42479706    0.00000000    0.00000000
   14.31944466   86.93759918    0.00000000    0.00000000
   14.32250023   91.02130127    0.00000000    0.00000000
   14.32555580   86.79730225    0.00000000    0.00000000
   14.32861137   92.03780365    0.00000000    0.00000000
   14.32999992   90.34179688    0.00000000    0.00000000
   14.33194447   85.13929749    0.00000000    0.00000000
   14.33500004   91.77480316    0.00000000    0.00000000
   14.33805561   86.79299927    0.00000000    0.00000000
   14.34111118   93.93540192    0.00000000    0.00000000
   14.34416676   86.24569702    0.00000000    0.00000000
   14.34722233   89.80709839    0.00000000    0.00000000
   14.35055637   91.78119659    0.00000000    0.00000000
   14.35361195   92.94409943    0.00000000    0.00000000
   14.35666752   90.54900360    0.00000000    0.00000000
   14.35972214   92.87529755    0.00000000    0.00000000
   14.36277771   92.14009857    0.00000000    0.00000000
   14.36333370   84.48930359    0.00000000    0.00000000
   14.36611176   83.36409760    0.00000000    0.00000000
   14.36916637   82.67780304    0.00000000    0.00000000
   14.37222195   86.66760254    0.00000000    0.00000000
   14.37527752   85.76229858    0.00000000    0.00000000
   14.37833309   89.20240021    0.00000000    0.00000000
   14.38166714   83.33380127    0.00000000    0.00000000
   14.38472176   82.37860107    0.00000000    0.00000000
   14.38777733   82.80030060    0.00000000    0.00000000
   14.39083290   85.07499695    0.00000000    0.00000000
   14.39388847   84.83020020    0.00000000    0.00000000
   14.39666653   87.34980011    0.00000000    0.00000000
   14.39722252   86.06220245    0.00000000    0.00000000
   14.40027714   85.24590302    0.00000000    0.00000000
   14.40333271   84.09480286    0.00000000    0.00000000
   14.40638828   83.93579865    0.00000000    0.00000000
   14.40944386   88.91690063    0.00000000    0.00000000
   14.41249943   83.29669952    0.00000000    0.00000000
   14.41583252   83.84279633    0.00000000    0.00000000
   14.41888905   85.45320129    0.00000000    0.00000000
   14.42194462   91.95290375    0.00000000    0.00000000
   14.42500019   86.87640381    0.00000000    0.00000000
   14.42805576   86.15570068    0.00000000    0.00000000
   14.43000031   85.84529877    0.00000000    0.00000000
   14.43138885   89.60430145    0.00000000    0.00000000
   14.43444443   83.70300293    0.00000000    0.00000000
   14.43750000   84.39109802    0.00000000    0.00000000
   14.44055557   87.78029633    0.00000000    0.00000000
   14.44361115   85.94280243    0.00000000    0.00000000
   14.44666672   89.63839722    0.00000000    0.00000000
   14.44999981   82.38929749    0.00000000    0.00000000
   14.45305538   87.46610260    0.00000000    0.00000000
   14.45611095   85.06210327    0.00000000    0.00000000
   14.45916653   82.83840179    0.00000000    0.00000000
   14.46222210   83.00830078    0.00000000    0.00000000
   14.46333313   85.29570007    0.00000000    0.00000000
   14.46555519   80.95269775    0.00000000    0.00000000
   14.46861076   82.84449768    0.00000000    0.00000000
   14.47166634   89.76029968    0.00000000    0.00000000
   14.47472191   88.14540100    0.00000000    0.00000000
   14.47777748   84.90090179    0.00000000    0.00000000
   14.48111057   86.29049683    0.00000000    0.00000000
   14.48416710   89.21469879    0.00000000    0.00000000
   14.48722267   88.47350311    0.00000000    0.00000000
   14.49027824   87.07920074    0.00000000    0.00000000
   14.49333382   87.34400177    0.00000000    0.00000000
   14.49638939   81.04499817    0.00000000    0.00000000
   14.49666691   84.37760162    0.00000000    0.00000000
   14.49972248   86.23139954    0.00000000    0.00000000
   14.50277805   86.22100067    0.00000000    0.00000000
   14.50583363   87.81210327    0.00000000    0.00000000
   14.50888920   87.12840271    0.00000000    0.00000000
   14.51194477   87.67160034    0.00000000    0.00000000
   14.51527786   85.51490021    0.00000000    0.00000000
   14.51833344   84.65460205    0.00000000    0.00000000
   14.52138901   81.42359924    0.00000000    0.00000000
   14.52444458   85.23880005    0.00000000    0.00000000
   14.52750015   86.32520294    0.00000000    0.00000000
   14.52999973   85.41139984    0.00000000    0.00000000
   14.53083324   84.10310364    0.00000000    0.00000000
   14.53388977   88.94339752    0.00000000    0.00000000
   14.53694534   84.85610199    0.00000000    0.00000000
   14.54000092   88.92890167    0.00000000    0.00000000
   14.54305553   88.12439728    0.00000000    0.00000000
   14.54638958   85.37100220    0.00000000    0.00000000
   14.54944515   87.77600098    0.00000000    0.00000000
   14.55249977   90.80449677    0.00000000    0.00000000
   14.55555534   84.50499725    0.00000000    0.00000000
   14.55861092   83.50140381    0.00000000    0.00000000
   14.56166649   81.92209625    0.00000000    0.00000000
   14.56333351   81.51149750    0.00000000    0.00000000
   14.56500053   81.82469940    0.00000000    0.00000000
   14.56805515   87.30370331    0.00000000    0.00000000
   14.57111073   84.86440277    0.00000000    0.00000000
   14.57416630   87.07530212    0.00000000    0.00000000
   14.57722187   90.35829926    0.00000000    0.00000000
   14.58055592   86.96189880    0.00000000    0.00000000
   14.58361053   83.34580231    0.00000000    0.00000000
   14.58666611   88.25499725    0.00000000    0.00000000
   14.58972168   85.81990051    0.00000000    0.00000000
   14.59277725   84.79160309    0.00000000    0.00000000
   14.59583282   85.06279755    0.00000000    0.00000000
   14.59666634   85.60389709    0.00000000    0.00000000
   14.59916592   85.30840302    0.00000000    0.00000000
   14.60222244   88.40399933    0.00000000    0.00000000
   14.60527802   87.64160156    0.00000000    0.00000000
   14.60833359   85.02239990    0.00000000    0.00000000
   14.61138916   89.35720062    0.00000000    0.00000000
   14.61472225   85.42330170    0.00000000    0.00000000
   14.61777782   85.30349731    0.00000000    0.00000000
   14.62083340   81.93479919    0.00000000    0.00000000
   14.62388897   85.53510284    0.00000000    0.00000000
   14.62694454   85.09549713    0.00000000    0.00000000
   14.63000011   81.60769653    0.00000000    0.00000000
   14.63027763   87.31050110    0.00000000    0.00000000
   14.63333321   89.00019836    0.00000000    0.00000000
   14.63638878   82.81120300    0.00000000    0.00000000
   14.63944435   83.12270355    0.00000000    0.00000000
   14.64249992   85.31220245    0.00000000    0.00000000
   14.64583302   80.56719971    0.00000000    0.00000000
   14.64888859   84.18299866    0.00000000    0.00000000
   14.65194416   87.55210114    0.00000000    0.00000000
   14.65499973   80.68609619    0.00000000    0.00000000
   14.65805531   82.56919861    0.00000000    0.00000000
   14.66111088   82.06890106    0.00000000    0.00000000
   14.66333294   82.84570313    0.00000000    0.00000000
   14.66444397   86.27619934    0.00000000    0.00000000
   14.66750050   86.47339630    0.00000000    0.00000000
   14.67055607   81.47000122    0.00000000    0.00000000
   14.67361164   83.78479767    0.00000000    0.00000000
   14.67666721   82.46859741    0.00000000    0.00000000
   14.68000031   82.90350342    0.00000000    0.00000000
   14.68305588   79.73449707    0.00000000    0.00000000
   14.68611145   81.29180145    0.00000000    0.00000000
   14.68916702   80.99160004    0.00000000    0.00000000
   14.69222260   82.36789703    0.00000000    0.00000000
   14.69527817   80.68340302    0.00000000    0.00000000
   14.69666672   86.72609711    0.00000000    0.00000000
   14.69861126   84.17130280    0.00000000    0.00000000
   14.70166683   85.85109711    0.00000000    0.00000000
   14.70472240   85.44969940    0.00000000    0.00000000
   14.70777798   83.61679840    0.00000000    0.00000000
   14.71111107   83.85649872    0.00000000    0.00000000
   14.71416664   82.55750275    0.00000000    0.00000000
   14.71722221   86.20559692    0.00000000    0.00000000
   14.72027779   87.70120239    0.00000000    0.00000000
   14.72333336   90.27960205    0.00000000    0.00000000
   14.72638798   91.51850128    0.00000000    0.00000000
   14.72944355   86.35060120    0.00000000    0.00000000
   14.72999954   91.91699982    0.00000000    0.00000000
   14.73277760   93.29170227    0.00000000    0.00000000
   14.73583317   89.36720276    0.00000000    0.00000000
   14.73888874   94.15249634    0.00000000    0.00000000
   14.74194431   95.54920197    0.00000000    0.00000000
   14.74527836   88.90059662    0.00000000    0.00000000
   14.74833393   85.60759735    0.00000000    0.00000000
   14.75138855   89.91300201    0.00000000    0.00000000
   14.75444412   96.09590149    0.00000000    0.00000000
   14.75749969   96.61129761    0.00000000    0.00000000
   14.76055527   98.05829620    0.00000000    0.00000000
   14.77999973   90.00620270    0.00000000    0.00000000
   14.78055573   89.21109772    0.00000000    0.00000000
   14.78361130   85.87860107    0.00000000    0.00000000
   14.78666687   84.12059784    0.00000000    0.00000000
   14.78972244   85.68640137    0.00000000    0.00000000
   14.79277802   89.81839752    0.00000000    0.00000000
   14.79611111   82.31449890    0.00000000    0.00000000
   14.79916668   80.48719788    0.00000000    0.00000000
   14.80222225   81.05130005    0.00000000    0.00000000
   14.80527782   82.54679871    0.00000000    0.00000000
   14.80833340   83.84619904    0.00000000    0.00000000
   14.81138897   87.09960175    0.00000000    0.00000000
   14.81333351   82.83670044    0.00000000    0.00000000
   14.81472206   82.17220306    0.00000000    0.00000000
   14.81777763   83.01010132    0.00000000    0.00000000
   14.82083321   79.58850098    0.00000000    0.00000000
   14.82388878   86.76599884    0.00000000    0.00000000
   14.82694435   84.43430328    0.00000000    0.00000000
   14.82999992   83.08640289    0.00000000    0.00000000
   14.83305550   85.01940155    0.00000000    0.00000000
   14.83638859   86.38120270    0.00000000    0.00000000
   14.83944416   87.20290375    0.00000000    0.00000000
   14.84249973   82.57920074    0.00000000    0.00000000
   14.84555531   84.69660187    0.00000000    0.00000000
   14.84666634   85.11170197    0.00000000    0.00000000
   14.84888840   82.66269684    0.00000000    0.00000000
   14.85194492   79.90180206    0.00000000    0.00000000
   14.85500050   81.29119873    0.00000000    0.00000000
   14.85805607   81.08550262    0.00000000    0.00000000
   14.86111164   84.20140076    0.00000000    0.00000000
   14.86416721   77.83820343    0.00000000    0.00000000
   14.86750031   82.76139832    0.00000000    0.00000000
   14.87055588   82.92079926    0.00000000    0.00000000
   14.87361145   81.15730286    0.00000000    0.00000000
   14.87666702   80.46880341    0.00000000    0.00000000
   14.87972260   82.52239990    0.00000000    0.00000000
   14.88000011   82.15290070    0.00000000    0.00000000
   14.88305569   85.10079956    0.00000000    0.00000000
   14.88611126   82.20619965    0.00000000    0.00000000
   14.88916683   81.87560272    0.00000000    0.00000000
   14.89222240   85.12760162    0.00000000    0.00000000
   14.89527798   83.21189880    0.00000000    0.00000000
   14.89833355   85.49890137    0.00000000    0.00000000
   14.90166664   81.70110321    0.00000000    0.00000000
   14.90472221   84.45999908    0.00000000    0.00000000
   14.90777779   86.54239655    0.00000000    0.00000000
   14.91083336   84.45469666    0.00000000    0.00000000
   14.91333294   81.14810181    0.00000000    0.00000000
   14.91416645   79.55359650    0.00000000    0.00000000
   14.91722298   81.95939636    0.00000000    0.00000000
   14.92027855   83.83689880    0.00000000    0.00000000
   14.92333412   83.10600281    0.00000000    0.00000000
   14.92638874   81.76689911    0.00000000    0.00000000
   14.92944431   80.77760315    0.00000000    0.00000000
   14.93249989   86.16580200    0.00000000    0.00000000
   14.93583298   80.24199677    0.00000000    0.00000000
   14.93888855   81.56510162    0.00000000    0.00000000
   14.94194412   81.06150055    0.00000000    0.00000000
   14.94499969   79.94869995    0.00000000    0.00000000
   14.94666672   80.04429626    0.00000000    0.00000000
   14.94833374   80.86340332    0.00000000    0.00000000
   14.95138836   80.11589813    0.00000000    0.00000000
   14.95444393   81.22599792    0.00000000    0.00000000
   14.95749950   79.62789917    0.00000000    0.00000000
   14.96055508   78.89830017    0.00000000    0.00000000
   14.96361065   79.33879852    0.00000000    0.00000000
   14.96694374   82.15709686    0.00000000    0.00000000
   14.96999931   78.55200195    0.00000000    0.00000000
   14.97305489   80.20050049    0.00000000    0.00000000
   14.97611046   79.98400116    0.00000000    0.00000000
   14.97916603   84.41280365    0.00000000    0.00000000
   14.97999954   83.09929657    0.00000000    0.00000000
   14.98249912   81.18190002    0.00000000    0.00000000
   14.98555565   82.12460327    0.00000000    0.00000000
   14.98861122   81.86499786    0.00000000    0.00000000
   14.99166679   82.67659760    0.00000000    0.00000000
   14.99472237   80.31780243    0.00000000    0.00000000
   14.99777794   83.37719727    0.00000000    0.00000000
   15.00111103   80.41259766    0.00000000    0.00000000
   15.00416660   79.17559814    0.00000000    0.00000000
   15.00722218   81.88749695    0.00000000    0.00000000
   15.01027775   79.39050293    0.00000000    0.00000000
   15.01333332   79.13939667    0.00000000    0.00000000
   15.01361084   83.54180145    0.00000000    0.00000000
   15.01666641   79.79530334    0.00000000    0.00000000
   15.01972198   79.10379791    0.00000000    0.00000000
   15.02277756   80.55509949    0.00000000    0.00000000
   15.02583313   84.41899872    0.00000000    0.00000000
   15.02888870   80.75710297    0.00000000    0.00000000
   15.03222179   79.45619965    0.00000000    0.00000000
   15.03527832   80.13320160    0.00000000    0.00000000
   15.03833389   81.92710114    0.00000000    0.00000000
   15.04138947   80.23259735    0.00000000    0.00000000
   15.04444504   82.17710114    0.00000000    0.00000000
   15.04666710   86.97200012    0.00000000    0.00000000
   15.04777813   82.88099670    0.00000000    0.00000000
   15.05083370   80.07109833    0.00000000    0.00000000
