    HOUR (UT)   FLARE FACTOR    SKY TESTER    SUN TESTER
   11.91249943   -1.00000000   -1.00000000   -1.00000000
   12.20222187  116.12599945    0.00000000    0.00000000
   12.20527744  110.60399628    0.00000000    0.00000000
   12.20833302  125.95800018    0.00000000    0.00000000
   12.21138859  102.15299988    0.00000000    0.00000000
   12.21444416  105.09400177    0.00000000    0.00000000
   12.21777725   98.01799774    0.00000000    0.00000000
   12.22249985   98.01799774    0.00000000    0.00000000
   12.22638798   96.84519958    0.00000000    0.00000000
   12.22972202  101.85600281    0.00000000    0.00000000
   12.23277760  103.36599731    0.00000000    0.00000000
   12.23583317   94.03060150    0.00000000    0.00000000
   12.23611164   98.76589966    0.00000000    0.00000000
   12.23916721  101.67900085    0.00000000    0.00000000
   12.24222279  119.10700226    0.00000000    0.00000000
   12.24527836  112.84700012    0.00000000    0.00000000
   12.24861145  109.44200134    0.00000000    0.00000000
   12.25166702  104.59500122    0.00000000    0.00000000
   12.25472260  104.06999969    0.00000000    0.00000000
   12.25777817  104.12699890    0.00000000    0.00000000
   12.26083374   99.95200348    0.00000000    0.00000000
   12.26527786   99.95200348    0.00000000    0.00000000
   12.27055550   96.90589905    0.00000000    0.00000000
   12.27361107  101.26399994    0.00000000    0.00000000
   12.27666664  100.70899963    0.00000000    0.00000000
   12.27999973   99.37640381    0.00000000    0.00000000
   12.28305531  104.21499634    0.00000000    0.00000000
   12.28611183  102.94599915    0.00000000    0.00000000
   12.28916740  138.27499390    0.00000000    0.00000000
   12.29222298  212.55299377    0.00000000    0.00000000
   12.29527855  212.48300171    0.00000000    0.00000000
   12.29861164  176.70500183    0.00000000    0.00000000
   12.30166721   -1.00000000    0.00000000    0.00000000
   12.31222248   -1.00000000    0.00000000    0.00000000
   12.31527805   -1.00000000    0.00000000    0.00000000
   12.31833363   59.64920044    0.00000000    0.00000000
   12.32138920   -1.00000000    0.00000000    0.00000000
   12.32444477   -1.00000000    0.00000000    0.00000000
   12.32777786   -1.00000000    0.00000000    0.00000000
   12.33083344   -1.00000000    0.00000000    0.00000000
   12.33388901   -1.00000000    0.00000000    0.00000000
   12.33749962   -1.00000000    0.00000000    0.00000000
   12.34055519   -1.00000000    0.00000000    0.00000000
   12.34361076   -1.00000000    0.00000000    0.00000000
   12.34666634   -1.00000000    0.00000000    0.00000000
   12.35111141   -1.00000000    0.00000000    0.00000000
   12.35527802   -1.00000000    0.00000000    0.00000000
   12.35833359   -1.00000000    0.00000000    0.00000000
   12.36138916   -1.00000000    0.00000000    0.00000000
   12.36555576   -1.00000000    0.00000000    0.00000000
   12.36861134   23.57019997    0.00000000    0.00000000
   12.36916637   23.57019997    0.00000000    0.00000000
   12.37194443  211.35000610    0.00000000    0.00000000
   12.37500000   99.49030304    0.00000000    0.00000000
   12.37805557  113.15699768    0.00000000    0.00000000
   12.38138866   98.32820129    0.00000000    0.00000000
   12.38444424  106.59300232    0.00000000    0.00000000
   12.38861084   90.17829895    0.00000000    0.00000000
   12.39388847   90.17829895    0.00000000    0.00000000
   12.39777756   95.55889893    0.00000000    0.00000000
   12.40111065   94.34059906    0.00000000    0.00000000
   12.40249920   95.20200348    0.00000000    0.00000000
   12.40416622   97.23370361    0.00000000    0.00000000
   12.40722179  101.22399902    0.00000000    0.00000000
   12.41138840   92.39099884    0.00000000    0.00000000
   12.41444397   93.51059723    0.00000000    0.00000000
   12.41750050   97.88500214    0.00000000    0.00000000
   12.42055607   92.91929626    0.00000000    0.00000000
   12.42388916   91.89610291    0.00000000    0.00000000
   12.42694473   92.52629852    0.00000000    0.00000000
   12.43000031   88.41400146    0.00000000    0.00000000
   12.43305588   91.30809784    0.00000000    0.00000000
   12.43694496   91.30809784    0.00000000    0.00000000
   12.44083309  101.08799744    0.00000000    0.00000000
   12.44388866   93.41049957    0.00000000    0.00000000
   12.44694424   99.92749786    0.00000000    0.00000000
   12.45027733   90.92970276    0.00000000    0.00000000
   12.45333290   91.85710144    0.00000000    0.00000000
   12.45638847  101.22399902    0.00000000    0.00000000
   12.45944405   90.84429932    0.00000000    0.00000000
   12.46249962   91.96739960    0.00000000    0.00000000
   12.46555519   91.83059692    0.00000000    0.00000000
   12.46861076   89.07579803    0.00000000    0.00000000
   12.46999931   89.70349884    0.00000000    0.00000000
   12.47277737   88.44419861    0.00000000    0.00000000
   12.47611046   91.93479919    0.00000000    0.00000000
   12.47972202   91.93479919    0.00000000    0.00000000
   12.48388958   89.95010376    0.00000000    0.00000000
   12.48694515   85.68630219    0.00000000    0.00000000
   12.49000072   87.63559723    0.00000000    0.00000000
   12.49305534   86.43039703    0.00000000    0.00000000
   12.49611092   88.68000031    0.00000000    0.00000000
   12.49916649   87.33910370    0.00000000    0.00000000
   12.50249958   91.42810059    0.00000000    0.00000000
   12.50277805   90.41259766    0.00000000    0.00000000
   12.50583363   90.45040131    0.00000000    0.00000000
   12.50888920   90.16680145    0.00000000    0.00000000
   12.51194477  102.79100037    0.00000000    0.00000000
   12.51500034   95.11789703    0.00000000    0.00000000
   12.51833344   92.69100189    0.00000000    0.00000000
   12.52250004   92.69100189    0.00000000    0.00000000
   12.52777767   90.24970245    0.00000000    0.00000000
   12.53083324   90.90070343    0.00000000    0.00000000
   12.53388977   93.76249695    0.00000000    0.00000000
   12.53583336  106.21900177    0.00000000    0.00000000
   12.53722286   92.83969879    0.00000000    0.00000000
   12.54027843   93.58070374    0.00000000    0.00000000
   12.54333401   87.04630280    0.00000000    0.00000000
   12.54666710   91.07900238    0.00000000    0.00000000
   12.54972267  101.57299805    0.00000000    0.00000000
   12.55277824   89.52960205    0.00000000    0.00000000
   12.55583382   88.99729919    0.00000000    0.00000000
   12.55888939   95.39430237    0.00000000    0.00000000
   12.56555557   95.39430237    0.00000000    0.00000000
   12.56944466   89.02929688    0.00000000    0.00000000
   12.57250023   90.56520081    0.00000000    0.00000000
   12.57555580   89.14409637    0.00000000    0.00000000
   12.57888889   87.16940308    0.00000000    0.00000000
   12.58194447   90.96330261    0.00000000    0.00000000
   12.58500004   87.47309875    0.00000000    0.00000000
   12.58805561   93.60379791    0.00000000    0.00000000
   12.59111118   94.66210175    0.00000000    0.00000000
   12.59416676   94.38860321    0.00000000    0.00000000
   12.59749985   94.19899750    0.00000000    0.00000000
   12.60055637   91.37020111    0.00000000    0.00000000
   12.60249996   93.25299835    0.00000000    0.00000000
   12.60361195   93.40859985    0.00000000    0.00000000
   12.60833359   93.40859985    0.00000000    0.00000000
   12.61222267   92.20040131    0.00000000    0.00000000
   12.61555576   87.24310303    0.00000000    0.00000000
   12.61861134   94.15650177    0.00000000    0.00000000
   12.62166691   97.11710358    0.00000000    0.00000000
   12.62472248   90.44660187    0.00000000    0.00000000
   12.62777805   87.52529907    0.00000000    0.00000000
   12.63083363   86.89430237    0.00000000    0.00000000
   12.63388920   95.49220276    0.00000000    0.00000000
   12.63583279   88.75910187    0.00000000    0.00000000
   12.63722229   88.07810211    0.00000000    0.00000000
   12.64138889   91.34159851    0.00000000    0.00000000
   12.64444447   97.65409851    0.00000000    0.00000000
   12.65111065   97.65409851    0.00000000    0.00000000
   12.65527725   94.82189941    0.00000000    0.00000000
   12.65833282   95.92009735    0.00000000    0.00000000
   12.66166592   87.97640228    0.00000000    0.00000000
   12.66472149   90.06629944    0.00000000    0.00000000
   12.66777802   98.28199768    0.00000000    0.00000000
   12.66916656   94.07569885    0.00000000    0.00000000
   12.67083359   96.65070343    0.00000000    0.00000000
   12.67388916   94.94200134    0.00000000    0.00000000
   12.67694473   97.07319641    0.00000000    0.00000000
   12.68027782  102.04199982    0.00000000    0.00000000
   12.68333340   97.26349640    0.00000000    0.00000000
   12.68638897   97.69159698    0.00000000    0.00000000
   12.68944454   95.30889893    0.00000000    0.00000000
   12.69388866   95.30889893    0.00000000    0.00000000
   12.69777775  104.93199921    0.00000000    0.00000000
   12.70111084  114.82299805    0.00000000    0.00000000
   12.70249939  108.92800140    0.00000000    0.00000000
   12.70416641  100.60199738    0.00000000    0.00000000
   12.70722198   92.42859650    0.00000000    0.00000000
   12.71027756   90.66899872    0.00000000    0.00000000
   12.71333313   91.11450195    0.00000000    0.00000000
   12.71666622   88.55069733    0.00000000    0.00000000
   12.71972179   91.16899872    0.00000000    0.00000000
   12.72277737   89.17559814    0.00000000    0.00000000
   12.72583294   87.36969757    0.00000000    0.00000000
   12.72888851   82.86019897    0.00000000    0.00000000
   12.73194408   86.19529724    0.00000000    0.00000000
   12.73694515   86.19529724    0.00000000    0.00000000
   12.74055576   87.19960022    0.00000000    0.00000000
   12.74388885   85.66359711    0.00000000    0.00000000
   12.74694443   87.31739807    0.00000000    0.00000000
   12.75000000   87.39869690    0.00000000    0.00000000
   12.75305557   94.07399750    0.00000000    0.00000000
   12.75611115   88.93779755    0.00000000    0.00000000
   12.75916672   86.98960114    0.00000000    0.00000000
   12.76249981   91.89540100    0.00000000    0.00000000
   12.76555538   93.76119995    0.00000000    0.00000000
   12.76861095   95.52130127    0.00000000    0.00000000
   12.76916599   89.36669922    0.00000000    0.00000000
   12.77166653   90.20310211    0.00000000    0.00000000
   12.77472210   92.52069855    0.00000000    0.00000000
   12.77972221   92.52069855    0.00000000    0.00000000
   12.78361130   93.00399780    0.00000000    0.00000000
   12.78666687   95.31749725    0.00000000    0.00000000
   12.78972244   91.88710022    0.00000000    0.00000000
   12.79277802   89.20290375    0.00000000    0.00000000
   12.79583359   92.94539642    0.00000000    0.00000000
   12.79916668  109.22899628    0.00000000    0.00000000
   12.80222225  108.38899994    0.00000000    0.00000000
   12.80249977  110.09300232    0.00000000    0.00000000
   12.80527782  109.59100342    0.00000000    0.00000000
   12.80833340   91.07980347    0.00000000    0.00000000
   12.81138897   87.99530029    0.00000000    0.00000000
   12.81444454   88.86769867    0.00000000    0.00000000
   12.81750011   89.93280029    0.00000000    0.00000000
   12.82250023   89.93280029    0.00000000    0.00000000
   12.82638836   94.73370361    0.00000000    0.00000000
   12.82944393   90.70739746    0.00000000    0.00000000
   12.83249950   86.45020294    0.00000000    0.00000000
   12.83555508   83.67530060    0.00000000    0.00000000
   12.83583260   83.74780273    0.00000000    0.00000000
   12.83888817   89.32430267    0.00000000    0.00000000
   12.84194374   83.87500000    0.00000000    0.00000000
   12.84499931   85.27919769    0.00000000    0.00000000
   12.84805489   81.73079681    0.00000000    0.00000000
   12.85111141   84.06919861    0.00000000    0.00000000
   12.85444450   85.88809967    0.00000000    0.00000000
   12.85750008   83.79519653    0.00000000    0.00000000
   12.86055565   87.31590271    0.00000000    0.00000000
   12.86527824   87.31590271    0.00000000    0.00000000
   12.86916637   86.17289734    0.00000000    0.00000000
   12.86944485   89.45140076    0.00000000    0.00000000
   12.87250042   88.66169739    0.00000000    0.00000000
   12.87555599   87.98020172    0.00000000    0.00000000
   12.87861156   90.76999664    0.00000000    0.00000000
   12.88166714  134.79899597    0.00000000    0.00000000
   12.88472176  138.17599487    0.00000000    0.00000000
   12.88805580  132.70899963    0.00000000    0.00000000
   12.89111137  101.34300232    0.00000000    0.00000000
   12.89416695   93.09729767    0.00000000    0.00000000
   12.89722252   -1.00000000    0.00000000    0.00000000
   12.90027714  147.90199280    0.00000000    0.00000000
   12.90249920  128.02400208    0.00000000    0.00000000
   12.90361118  108.26399994    0.00000000    0.00000000
   12.90833282  108.26399994    0.00000000    0.00000000
   12.91222191   91.13639832    0.00000000    0.00000000
   12.91527748  103.69400024    0.00000000    0.00000000
   12.91833401   -1.00000000    0.00000000    0.00000000
   12.92138958   -1.00000000    0.00000000    0.00000000
   12.92444515   32.86059952    0.00000000    0.00000000
   12.92750072   -1.00000000    0.00000000    0.00000000
   12.93055630   -1.00000000    0.00000000    0.00000000
   12.93388939  110.42199707    0.00000000    0.00000000
   12.93583298  101.30400085    0.00000000    0.00000000
   12.93694496   95.90149689    0.00000000    0.00000000
   12.94000053  102.75199890    0.00000000    0.00000000
   12.94305515   91.97779846    0.00000000    0.00000000
   12.94611073   96.73690033    0.00000000    0.00000000
   12.95111084   96.73690033    0.00000000    0.00000000
   12.95499992  105.17299652    0.00000000    0.00000000
   12.95805550  106.25099945    0.00000000    0.00000000
   12.96111107   90.32109833    0.00000000    0.00000000
   12.96416664   90.56620026    0.00000000    0.00000000
   12.96722221   90.38059998    0.00000000    0.00000000
   12.96916580   88.38690186    0.00000000    0.00000000
   12.97055531   91.21859741    0.00000000    0.00000000
   12.97361088   89.15129852    0.00000000    0.00000000
   12.97666645   87.99980164    0.00000000    0.00000000
   12.97972202   81.44689941    0.00000000    0.00000000
   12.98277760   82.60540009    0.00000000    0.00000000
   12.98611164   92.32790375    0.00000000    0.00000000
   12.98916721   87.60970306    0.00000000    0.00000000
   12.99388885   87.60970306    0.00000000    0.00000000
   12.99777794   92.42179871    0.00000000    0.00000000
   13.00083351   98.55950165    0.00000000    0.00000000
   13.00249958  124.40100098    0.00000000    0.00000000
   13.00416660  144.51100159    0.00000000    0.00000000
   13.00722218  100.95099640    0.00000000    0.00000000
   13.01027775   99.98020172    0.00000000    0.00000000
   13.01333332   93.61440277    0.00000000    0.00000000
   13.01638889  134.99000549    0.00000000    0.00000000
   13.01972198  157.65100098    0.00000000    0.00000000
   13.02277756  118.95800018    0.00000000    0.00000000
   13.02583313   90.58489990    0.00000000    0.00000000
   13.02888870   91.77739716    0.00000000    0.00000000
   13.03194427   83.16089630    0.00000000    0.00000000
   13.03694534   83.16089630    0.00000000    0.00000000
   13.04055595   86.28029633    0.00000000    0.00000000
   13.04388905   85.18949890    0.00000000    0.00000000
   13.04694462   85.81539917    0.00000000    0.00000000
   13.05000019   89.45040131    0.00000000    0.00000000
   13.05305576   91.61660004    0.00000000    0.00000000
   13.05611134   88.84690094    0.00000000    0.00000000
   13.05916691   85.89440155    0.00000000    0.00000000
   13.06222248   87.99770355    0.00000000    0.00000000
   13.06555557   83.67169952    0.00000000    0.00000000
   13.06861115   83.19000244    0.00000000    0.00000000
   13.06916618   84.25289917    0.00000000    0.00000000
   13.07166672   91.00830078    0.00000000    0.00000000
   13.07472229   87.23249817    0.00000000    0.00000000
   13.07972240   87.23249817    0.00000000    0.00000000
   13.08361053   97.77120209    0.00000000    0.00000000
   13.08666611   91.29830170    0.00000000    0.00000000
   13.08972168   95.69159698    0.00000000    0.00000000
   13.09277725   93.47820282    0.00000000    0.00000000
   13.09583282   89.11419678    0.00000000    0.00000000
   13.09888840   90.41449738    0.00000000    0.00000000
   13.10222244   86.43849945    0.00000000    0.00000000
   13.10249996   89.38420105    0.00000000    0.00000000
   13.10527802   96.82440186    0.00000000    0.00000000
   13.10833359   87.12429810    0.00000000    0.00000000
   13.11138916  107.23600006    0.00000000    0.00000000
   13.11444473  205.77699280    0.00000000    0.00000000
   13.11750031   -1.00000000    0.00000000    0.00000000
   13.12250042   -1.00000000    0.00000000    0.00000000
   13.12638855   86.76280212    0.00000000    0.00000000
   13.12944412  204.07099915    0.00000000    0.00000000
   13.13249969   -1.00000000    0.00000000    0.00000000
   13.13555527   -1.00000000    0.00000000    0.00000000
   13.13888836   -1.00000000    0.00000000    0.00000000
   13.14194393   -1.00000000    0.00000000    0.00000000
   13.14499950  180.22599792    0.00000000    0.00000000
   13.14805508   88.00389862    0.00000000    0.00000000
   13.15111065   -1.00000000    0.00000000    0.00000000
   13.15444374   -1.00000000    0.00000000    0.00000000
   13.15749931   -1.00000000    0.00000000    0.00000000
   13.16055489   -1.00000000    0.00000000    0.00000000
   13.16916656   -1.00000000    0.00000000    0.00000000
   13.17222214   -1.00000000    0.00000000    0.00000000
   13.17527771   -1.00000000    0.00000000    0.00000000
   13.17861176   -1.00000000    0.00000000    0.00000000
   13.18166733   -1.00000000    0.00000000    0.00000000
   13.18472195   -1.00000000    0.00000000    0.00000000
   13.18777752  113.33999634    0.00000000    0.00000000
   13.19083309  102.97599792    0.00000000    0.00000000
   13.19388866  130.28300476    0.00000000    0.00000000
   13.19722271   -1.00000000    0.00000000    0.00000000
   13.20027733  204.23300171    0.00000000    0.00000000
   13.22694397   -1.00000000    0.00000000    0.00000000
   13.22999954   -1.00000000    0.00000000    0.00000000
   13.23305511   -1.00000000    0.00000000    0.00000000
   13.23611164   -1.00000000    0.00000000    0.00000000
   13.23916721   53.60440063    0.00000000    0.00000000
   13.24222279   -1.00000000    0.00000000    0.00000000
   13.24555588   -1.00000000    0.00000000    0.00000000
   13.24861145   -1.00000000    0.00000000    0.00000000
   13.25166702   -1.00000000    0.00000000    0.00000000
   13.25472260   -1.00000000    0.00000000    0.00000000
   13.25777817   -1.00000000    0.00000000    0.00000000
   13.26083374   -1.00000000    0.00000000    0.00000000
   13.26583290   -1.00000000    0.00000000    0.00000000
   13.26972198   -1.00000000    0.00000000    0.00000000
   13.27277756   -1.00000000    0.00000000    0.00000000
   13.27583313  152.02000427    0.00000000    0.00000000
   13.27888870  108.75399780    0.00000000    0.00000000
   13.28222179  144.06199646    0.00000000    0.00000000
   13.28527832   -1.00000000    0.00000000    0.00000000
   13.28833389   -1.00000000    0.00000000    0.00000000
   13.29138947   -1.00000000    0.00000000    0.00000000
   13.29444504   -1.00000000    0.00000000    0.00000000
   13.29750061   -1.00000000    0.00000000    0.00000000
   13.30055618   -1.00000000    0.00000000    0.00000000
   13.30388927   -1.00000000    0.00000000    0.00000000
   13.30861092   -1.00000000    0.00000000    0.00000000
   13.31250000   -1.00000000    0.00000000    0.00000000
   13.31555557   -1.00000000    0.00000000    0.00000000
   13.31888866  103.20600128    0.00000000    0.00000000
   13.31916618  215.55299377    0.00000000    0.00000000
   13.32194424  155.64100647    0.00000000    0.00000000
   13.32499981  200.65699768    0.00000000    0.00000000
   13.32805538   -1.00000000    0.00000000    0.00000000
   13.33111095   -1.00000000    0.00000000    0.00000000
   13.33416653   -1.00000000    0.00000000    0.00000000
   13.33722210  107.90399933    0.00000000    0.00000000
   13.34055519  170.20700073    0.00000000    0.00000000
   13.34361076   -1.00000000   -1.00000000   -1.00000000
   13.34666634  177.30700684    0.00000000    0.00000000
   13.35166740  177.30700684    0.00000000    0.00000000
   13.35527802  145.56599426    0.00000000    0.00000000
   13.35861111  102.02300262    0.00000000    0.00000000
   13.36166668  100.11399841    0.00000000    0.00000000
   13.36472225   87.01789856    0.00000000    0.00000000
   13.36777782   92.62590027    0.00000000    0.00000000
   13.37083340   94.44539642    0.00000000    0.00000000
   13.37388897   93.75319672    0.00000000    0.00000000
   13.37722206   92.12200165    0.00000000    0.00000000
   13.38027763   92.00430298    0.00000000    0.00000000
   13.38333321   93.43090057    0.00000000    0.00000000
   13.38611126   95.43859863    0.00000000    0.00000000
   13.38638878   96.68450165    0.00000000    0.00000000
   13.38944435   91.54709625    0.00000000    0.00000000
   13.39444447   91.54709625    0.00000000    0.00000000
   13.39833355   87.51499939    0.00000000    0.00000000
   13.40138817   86.37079620    0.00000000    0.00000000
   13.40444374   89.87819672    0.00000000    0.00000000
   13.40749931   85.16059875    0.00000000    0.00000000
   13.41055489   91.59249878    0.00000000    0.00000000
   13.41388893   84.08239746    0.00000000    0.00000000
   13.41694450   84.67849731    0.00000000    0.00000000
   13.41944504   90.63200378    0.00000000    0.00000000
   13.42000008   87.40920258    0.00000000    0.00000000
   13.42305565   87.38659668    0.00000000    0.00000000
   13.42611122   84.08409882    0.00000000    0.00000000
   13.42916679   87.95330048    0.00000000    0.00000000
   13.43222237   90.75479889    0.00000000    0.00000000
   13.43722248   90.75479889    0.00000000    0.00000000
   13.44111156   94.78669739    0.00000000    0.00000000
   13.44416714   88.25479889    0.00000000    0.00000000
   13.44722271   90.01589966    0.00000000    0.00000000
   13.45027733   85.46610260    0.00000000    0.00000000
   13.45305538   91.95429993    0.00000000    0.00000000
   13.45361137   87.71620178    0.00000000    0.00000000
   13.45666695   92.98500061    0.00000000    0.00000000
   13.45972157   96.27610016    0.00000000    0.00000000
   13.46277714   92.33989716    0.00000000    0.00000000
   13.46583271  101.98899841    0.00000000    0.00000000
   13.46888828   93.99690247    0.00000000    0.00000000
   13.47222137   91.01439667    0.00000000    0.00000000
   13.47527695  100.95400238    0.00000000    0.00000000
   13.47999954  100.95400238    0.00000000    0.00000000
   13.48388958   87.25499725    0.00000000    0.00000000
   13.48638916   83.45149994    0.00000000    0.00000000
   13.48722267   85.40720367    0.00000000    0.00000000
   13.49027824   83.42430115    0.00000000    0.00000000
   13.49333382   86.70059967    0.00000000    0.00000000
   13.49638939   83.03679657    0.00000000    0.00000000
   13.49944496   80.06230164    0.00000000    0.00000000
   13.50249958   85.26619720    0.00000000    0.00000000
   13.50583363   87.75299835    0.00000000    0.00000000
   13.50888920   88.48410034    0.00000000    0.00000000
   13.51194477   88.88990021    0.00000000    0.00000000
   13.51500034   96.87729645    0.00000000    0.00000000
   13.51805496   90.74109650    0.00000000    0.00000000
   13.52305508   90.74109650    0.00000000    0.00000000
   13.52694416   90.56289673    0.00000000    0.00000000
   13.52999973   87.97450256    0.00000000    0.00000000
   13.53305531   88.94960022    0.00000000    0.00000000
   13.53611183   84.62159729    0.00000000    0.00000000
   13.53916740   85.36799622    0.00000000    0.00000000
   13.54222298   84.64710236    0.00000000    0.00000000
   13.54527855   90.29170227    0.00000000    0.00000000
   13.54861164   94.59200287    0.00000000    0.00000000
   13.55166721   87.25340271    0.00000000    0.00000000
   13.55388927   85.08390045    0.00000000    0.00000000
   13.55472279   85.17990112    0.00000000    0.00000000
   13.55777836   83.87760162    0.00000000    0.00000000
   13.56083393   85.81359863    0.00000000    0.00000000
   13.56583309   85.81359863    0.00000000    0.00000000
   13.56972218   86.84500122    0.00000000    0.00000000
   13.57277775   83.05359650    0.00000000    0.00000000
   13.57583332   84.31490326    0.00000000    0.00000000
   13.57888889   82.09259796    0.00000000    0.00000000
   13.58194447   86.68009949    0.00000000    0.00000000
   13.58527756   85.71759796    0.00000000    0.00000000
   13.58722210   88.72419739    0.00000000    0.00000000
   13.58833313   83.82319641    0.00000000    0.00000000
   13.59138870   94.37339783    0.00000000    0.00000000
   13.59444427   87.98030090    0.00000000    0.00000000
   13.59749985   90.26450348    0.00000000    0.00000000
   13.60055637   93.46340179    0.00000000    0.00000000
   13.60388947   90.97550201    0.00000000    0.00000000
   13.60861111   90.97550201    0.00000000    0.00000000
   13.61250019   98.64939880    0.00000000    0.00000000
   13.61555576   93.54260254    0.00000000    0.00000000
   13.61861134   92.10859680    0.00000000    0.00000000
   13.62083340   87.67019653    0.00000000    0.00000000
   13.62194443   91.37229919    0.00000000    0.00000000
   13.62500000   88.68260193    0.00000000    0.00000000
   13.62805557   85.39710236    0.00000000    0.00000000
   13.63111115   90.43779755    0.00000000    0.00000000
   13.63416672   93.50520325    0.00000000    0.00000000
   13.63722229   83.74590302    0.00000000    0.00000000
   13.64027786   86.05809784    0.00000000    0.00000000
   13.64361095   82.29799652    0.00000000    0.00000000
   13.64666653   87.42829895    0.00000000    0.00000000
   13.65166664   87.42829895    0.00000000    0.00000000
   13.65527725   86.78859711    0.00000000    0.00000000
   13.65861034   91.59590149    0.00000000    0.00000000
   13.66166592   92.46839905    0.00000000    0.00000000
   13.66472149   82.66290283    0.00000000    0.00000000
   13.66777802   85.09359741    0.00000000    0.00000000
   13.67083359   89.41660309    0.00000000    0.00000000
   13.67388916   81.34400177    0.00000000    0.00000000
   13.67694473   80.63390350    0.00000000    0.00000000
   13.68027782   83.79209900    0.00000000    0.00000000
   13.68333340   89.54920197    0.00000000    0.00000000
   13.68638897   83.55229950    0.00000000    0.00000000
   13.68750000   85.29119873    0.00000000    0.00000000
   13.68944454   82.76519775    0.00000000    0.00000000
   13.69444466   82.76519775    0.00000000    0.00000000
   13.69833374   82.42520142    0.00000000    0.00000000
   13.70138836   80.19819641    0.00000000    0.00000000
   13.70444393   83.35820007    0.00000000    0.00000000
   13.70749950   80.66480255    0.00000000    0.00000000
   13.71055508   80.81330109    0.00000000    0.00000000
   13.71361065   89.48280334    0.00000000    0.00000000
   13.71694374   84.15059662    0.00000000    0.00000000
   13.71999931   87.60420227    0.00000000    0.00000000
   13.72083282   84.72660065    0.00000000    0.00000000
   13.72305489   82.94080353    0.00000000    0.00000000
   13.72611046   83.99739838    0.00000000    0.00000000
   13.72944355   83.85669708    0.00000000    0.00000000
   13.73249912   82.83830261    0.00000000    0.00000000
   13.73722267   82.83830261    0.00000000    0.00000000
   13.74111176   82.96739960    0.00000000    0.00000000
   13.74416733   84.58719635    0.00000000    0.00000000
   13.74722290   82.54080200    0.00000000    0.00000000
   13.75027752   83.29640198    0.00000000    0.00000000
   13.75361156   90.75879669    0.00000000    0.00000000
   13.75416660  104.80500031    0.00000000    0.00000000
   13.75666714   -1.00000000    0.00000000    0.00000000
   13.75972176   93.15989685    0.00000000    0.00000000
   13.76277733   81.93800354    0.00000000    0.00000000
   13.76583290   86.09329987    0.00000000    0.00000000
   13.76888847   83.31400299    0.00000000    0.00000000
   13.77194405   80.80039978    0.00000000    0.00000000
   13.77527714   81.43370056    0.00000000    0.00000000
   13.77999973   81.43370056    0.00000000    0.00000000
   13.78388977   83.52919769    0.00000000    0.00000000
   13.78694534   86.18569946    0.00000000    0.00000000
   13.78750038   89.23960114    0.00000000    0.00000000
   13.79027843   90.35040283    0.00000000    0.00000000
   13.79333401   84.77020264    0.00000000    0.00000000
   13.79638958   90.84030151    0.00000000    0.00000000
   13.79944515   88.29779816    0.00000000    0.00000000
   13.80249977   87.34750366    0.00000000    0.00000000
   13.80555534   87.55740356    0.00000000    0.00000000
   13.80861092   84.59459686    0.00000000    0.00000000
   13.81194496   84.83869934    0.00000000    0.00000000
   13.81500053   88.70999908    0.00000000    0.00000000
   13.81805515   88.71959686    0.00000000    0.00000000
   13.82305527   88.71959686    0.00000000    0.00000000
   13.82666683   88.98410034    0.00000000    0.00000000
   13.82999992   85.54540253    0.00000000    0.00000000
   13.83305550   98.73860168    0.00000000    0.00000000
   13.83611107   88.03890228    0.00000000    0.00000000
   13.83916664   86.47640228    0.00000000    0.00000000
   13.84222221   86.59760284    0.00000000    0.00000000
   13.84527779   86.88510132    0.00000000    0.00000000
   13.84861088   83.75270081    0.00000000    0.00000000
   13.85166740   91.21839905    0.00000000    0.00000000
   13.85416698   96.82640076    0.00000000    0.00000000
   13.85472298   92.64749908    0.00000000    0.00000000
   13.85777855   90.51229858    0.00000000    0.00000000
   13.86111164   93.43150330    0.00000000    0.00000000
   13.86583328   93.43150330    0.00000000    0.00000000
   13.86972237   87.01139832    0.00000000    0.00000000
   13.87277794   90.08699799    0.00000000    0.00000000
   13.87583351   87.08260345    0.00000000    0.00000000
   13.87888908   90.11930084    0.00000000    0.00000000
   13.88194466   91.81390381    0.00000000    0.00000000
   13.88527775   99.99849701    0.00000000    0.00000000
   13.88749981   90.73290253    0.00000000    0.00000000
   13.88833332   89.27890015    0.00000000    0.00000000
   13.89138889   92.84719849    0.00000000    0.00000000
   13.89444447   93.05639648    0.00000000    0.00000000
   13.89750004   82.19349670    0.00000000    0.00000000
   13.90055561   86.43280029    0.00000000    0.00000000
   13.90361118   89.13150024    0.00000000    0.00000000
   13.90861034   89.13150024    0.00000000    0.00000000
   13.91249943   86.23889923    0.00000000    0.00000000
   13.91555500   89.83280182    0.00000000    0.00000000
   13.91861153   89.87229919    0.00000000    0.00000000
   13.92111111   85.08190155    0.00000000    0.00000000
   13.92166710   83.73410034    0.00000000    0.00000000
   13.92500019   87.39140320    0.00000000    0.00000000
   13.92805576   87.91840363    0.00000000    0.00000000
   13.93111134   85.83429718    0.00000000    0.00000000
   13.93416691   85.52729797    0.00000000    0.00000000
   13.93722248   85.24839783    0.00000000    0.00000000
   13.94027805   88.54100037    0.00000000    0.00000000
   13.94361115   91.33679962    0.00000000    0.00000000
   13.94666672   87.27010345    0.00000000    0.00000000
   13.95166683   87.27010345    0.00000000    0.00000000
   13.95527744   84.72039795    0.00000000    0.00000000
   13.95861053   88.44719696    0.00000000    0.00000000
   13.96166611   91.99230194    0.00000000    0.00000000
   13.96472168   83.67890167    0.00000000    0.00000000
   13.96777725   83.38510132    0.00000000    0.00000000
   13.97166634   87.06279755    0.00000000    0.00000000
   13.97444439   85.90830231    0.00000000    0.00000000
   13.97749996   81.88469696    0.00000000    0.00000000
   13.98055553   84.23999786    0.00000000    0.00000000
   13.98388958   88.18699646    0.00000000    0.00000000
   13.98694515   81.59290314    0.00000000    0.00000000
   13.98833370   83.20110321    0.00000000    0.00000000
   13.99055576   80.89710236    0.00000000    0.00000000
   13.99444485   80.89710236    0.00000000    0.00000000
   13.99833393   85.39530182    0.00000000    0.00000000
   14.00138855   85.62400055    0.00000000    0.00000000
   14.00444412   80.92829895    0.00000000    0.00000000
   14.00777817   87.26020050    0.00000000    0.00000000
   14.01083374   85.08460236    0.00000000    0.00000000
   14.01388931   83.75610352    0.00000000    0.00000000
   14.01694393   80.29509735    0.00000000    0.00000000
   14.01999950   82.73280334    0.00000000    0.00000000
   14.02111053   90.33339691    0.00000000    0.00000000
   14.02333355   82.50890350    0.00000000    0.00000000
   14.02638817   87.03330231    0.00000000    0.00000000
   14.02944374   82.48999786    0.00000000    0.00000000
   14.03249931   83.52159882    0.00000000    0.00000000
   14.03722286   83.52159882    0.00000000    0.00000000
   14.04111195   86.84470367    0.00000000    0.00000000
   14.04444504   83.52220154    0.00000000    0.00000000
   14.04750061   81.07450104    0.00000000    0.00000000
   14.05055618   80.45439911    0.00000000    0.00000000
   14.05361176   82.89759827    0.00000000    0.00000000
   14.05527782   80.43229675    0.00000000    0.00000000
   14.05777836   82.11419678    0.00000000    0.00000000
   14.06083393   83.78549957    0.00000000    0.00000000
   14.06388950   80.10679626    0.00000000    0.00000000
   14.06722260   83.18900299    0.00000000    0.00000000
   14.07027817   78.79989624    0.00000000    0.00000000
   14.07333374   77.83119965    0.00000000    0.00000000
   14.07638836   83.57489777    0.00000000    0.00000000
   14.08027744   83.57489777    0.00000000    0.00000000
   14.08416653   80.17209625    0.00000000    0.00000000
   14.08722210   83.86859894    0.00000000    0.00000000
   14.08777714   84.71859741    0.00000000    0.00000000
   14.09027767   85.80490112    0.00000000    0.00000000
   14.09333324   80.53589630    0.00000000    0.00000000
   14.09638882   81.91359711    0.00000000    0.00000000
   14.09972191   82.64219666    0.00000000    0.00000000
   14.10277843   83.62419891    0.00000000    0.00000000
   14.10583401   82.22669983    0.00000000    0.00000000
   14.10888958   84.21859741    0.00000000    0.00000000
   14.11194515   85.57969666    0.00000000    0.00000000
   14.11500072   87.35820007    0.00000000    0.00000000
   14.11833382   86.02690125    0.00000000    0.00000000
   14.12305546   86.02690125    0.00000000    0.00000000
   14.12694454   79.51719666    0.00000000    0.00000000
   14.13000011   80.63890076    0.00000000    0.00000000
   14.13305569   79.86990356    0.00000000    0.00000000
   14.13638878   87.08689880    0.00000000    0.00000000
   14.13944435   86.39579773    0.00000000    0.00000000
   14.14249992   81.37670135    0.00000000    0.00000000
   14.14555550   80.44860077    0.00000000    0.00000000
   14.14861107   86.88520050    0.00000000    0.00000000
   14.15305519   83.43260193    0.00000000    0.00000000
   14.15444374   84.82929993    0.00000000    0.00000000
   14.15611076   80.69470215    0.00000000    0.00000000
   14.15916634   81.27790070    0.00000000    0.00000000
   14.16583252   81.27790070    0.00000000    0.00000000
   14.16972256   82.69619751    0.00000000    0.00000000
   14.17277813   85.04199982    0.00000000    0.00000000
   14.17611122   83.55239868    0.00000000    0.00000000
   14.17916679   88.08039856    0.00000000    0.00000000
   14.18222237   85.19619751    0.00000000    0.00000000
   14.18527794   85.75720215    0.00000000    0.00000000
   14.18777752   89.94770050    0.00000000    0.00000000
   14.18861103   81.12059784    0.00000000    0.00000000
   14.19166660   82.03099823    0.00000000    0.00000000
   14.19472218   84.18150330    0.00000000    0.00000000
   14.19916630   84.62740326    0.00000000    0.00000000
   14.20194435   85.00360107    0.00000000    0.00000000
   14.20861053   85.00360107    0.00000000    0.00000000
   14.21277714   82.30210114    0.00000000    0.00000000
   14.21583271   85.18470001    0.00000000    0.00000000
   14.21888828   85.07350159    0.00000000    0.00000000
   14.23666668   83.63390350    0.00000000    0.00000000
   14.23888874   80.93119812    0.00000000    0.00000000
   14.24194431   81.14140320    0.00000000    0.00000000
   14.24499989   84.30439758    0.00000000    0.00000000
   14.25166702   84.30439758    0.00000000    0.00000000
   14.25583363   80.41059875    0.00000000    0.00000000
   14.25888920   82.67500305    0.00000000    0.00000000
   14.26194477   82.31790161    0.00000000    0.00000000
   14.26500034   80.31990051    0.00000000    0.00000000
   14.26805496   83.45839691    0.00000000    0.00000000
   14.26972198   84.10990143    0.00000000    0.00000000
   14.27138901   79.90650177    0.00000000    0.00000000
   14.27583313   78.83090210    0.00000000    0.00000000
   14.27861118   84.89679718    0.00000000    0.00000000
   14.28166676   84.69960022    0.00000000    0.00000000
   14.28500080   85.99629974    0.00000000    0.00000000
   14.28944492   84.46440125    0.00000000    0.00000000
   14.29472256   84.46440125    0.00000000    0.00000000
   14.29861164   79.57379913    0.00000000    0.00000000
   14.30166721   82.70999908    0.00000000    0.00000000
   14.30305576   83.92579651    0.00000000    0.00000000
   14.30500031   81.14510345    0.00000000    0.00000000
   14.30805588   80.29799652    0.00000000    0.00000000
   14.31111145   84.21849823    0.00000000    0.00000000
   14.31416702   77.28620148    0.00000000    0.00000000
   14.31722260   81.98519897    0.00000000    0.00000000
   14.32055569   83.24330139    0.00000000    0.00000000
   14.32361126   82.83760071    0.00000000    0.00000000
   14.32666683   78.88469696    0.00000000    0.00000000
   14.32972240   76.78070068    0.00000000    0.00000000
   14.33277798   79.19860077    0.00000000    0.00000000
   14.33749962   79.19860077    0.00000000    0.00000000
   14.34138870   82.30100250    0.00000000    0.00000000
   14.34583282   74.85240173    0.00000000    0.00000000
   14.34861088   77.46410370    0.00000000    0.00000000
   14.35166740   85.82749939    0.00000000    0.00000000
   14.35500050   79.89929962    0.00000000    0.00000000
   14.35805607   83.21209717    0.00000000    0.00000000
   14.36111164   83.87300110    0.00000000    0.00000000
   14.36416721   81.61689758    0.00000000    0.00000000
   14.36722279   81.89469910    0.00000000    0.00000000
   14.36972237   77.80770111    0.00000000    0.00000000
   14.37138939   84.98970032    0.00000000    0.00000000
   14.37444496   80.52149963    0.00000000    0.00000000
   14.38027763   80.52149963    0.00000000    0.00000000
   14.38416672   81.98760223    0.00000000    0.00000000
   14.38749981   90.31680298    0.00000000    0.00000000
   14.39055538   83.38539886    0.00000000    0.00000000
   14.39361095   87.26100159    0.00000000    0.00000000
   14.39805508   78.11699677    0.00000000    0.00000000
   14.40083313   78.28649902    0.00000000    0.00000000
   14.40305519   82.94599915    0.00000000    0.00000000
   14.40416622   80.75900269    0.00000000    0.00000000
   14.40722179   83.89179993    0.00000000    0.00000000
   14.51472187   -1.00000000   -1.00000000   -1.00000000
   14.60833359   -1.00000000   -1.00000000   -1.00000000
   14.71472168   -1.00000000   -1.00000000   -1.00000000
   14.75277805   80.35510254    0.00000000    0.00000000
   14.75583363   86.15299988    0.00000000    0.00000000
   14.75888920   87.03839874    0.00000000    0.00000000
   14.76194477   87.40660095    0.00000000    0.00000000
   14.76527786  118.27500153    0.00000000    0.00000000
   14.76833344  108.74800110    0.00000000    0.00000000
   14.77305508  108.74800110    0.00000000    0.00000000
   14.77722168   79.79530334    0.00000000    0.00000000
   14.78027725   78.58380127    0.00000000    0.00000000
   14.78333378   90.27279663    0.00000000    0.00000000
   14.78611183   89.07089996    0.00000000    0.00000000
   14.78638935   84.49919891    0.00000000    0.00000000
   14.78944492   91.30319977    0.00000000    0.00000000
   14.79250050   82.70390320    0.00000000    0.00000000
   14.79555607   77.77169800    0.00000000    0.00000000
   14.79888916   88.19259644    0.00000000    0.00000000
   14.80194473   85.67749786    0.00000000    0.00000000
   14.80500031   82.39340210    0.00000000    0.00000000
   14.80805588   86.03440094    0.00000000    0.00000000
   14.81111145   91.57379913    0.00000000    0.00000000
   14.81583309   91.57379913    0.00000000    0.00000000
   14.81999969  130.11799622    0.00000000    0.00000000
   14.82305527   84.94619751    0.00000000    0.00000000
   14.82611084   76.23049927    0.00000000    0.00000000
   14.82916641   78.89610291    0.00000000    0.00000000
   14.83249950   82.03710175    0.00000000    0.00000000
   14.83555508   82.48750305    0.00000000    0.00000000
   14.83861065   81.86830139    0.00000000    0.00000000
   14.84166622   79.54479980    0.00000000    0.00000000
   14.84472179  107.40200043    0.00000000    0.00000000
   14.84777737   90.82569885    0.00000000    0.00000000
   14.85111141   82.65989685    0.00000000    0.00000000
   14.85277843   80.56099701    0.00000000    0.00000000
   14.85444450   80.48190308    0.00000000    0.00000000
   14.85888958   80.48190308    0.00000000    0.00000000
   14.86277771   85.52680206    0.00000000    0.00000000
   14.86611176   87.36920166    0.00000000    0.00000000
   14.86916637   91.51830292    0.00000000    0.00000000
   14.87222195   85.87470245    0.00000000    0.00000000
   14.87527752   81.72740173    0.00000000    0.00000000
   14.87833309   87.12380219    0.00000000    0.00000000
   14.88138866   83.16649628    0.00000000    0.00000000
   14.88472176   93.38950348    0.00000000    0.00000000
   14.88611126  110.21199799    0.00000000    0.00000000
   14.88805580  105.25599670    0.00000000    0.00000000
   14.89111137  118.03600311    0.00000000    0.00000000
   14.89416695   92.31990051    0.00000000    0.00000000
   14.89722252  109.91300201    0.00000000    0.00000000
   14.90166664  109.91300201    0.00000000    0.00000000
   14.90583324   98.44259644    0.00000000    0.00000000
   14.90888882   86.37850189    0.00000000    0.00000000
   14.91194439   83.04969788    0.00000000    0.00000000
   14.91499996   86.08399963    0.00000000    0.00000000
   14.91833401   91.30480194    0.00000000    0.00000000
   14.91944504   85.98049927    0.00000000    0.00000000
   14.92166710   92.27950287    0.00000000    0.00000000
   14.92472267  114.14199829    0.00000000    0.00000000
   14.92777824   82.96219635    0.00000000    0.00000000
   14.93083382   79.37950134    0.00000000    0.00000000
   14.93416691   82.07920074    0.00000000    0.00000000
   14.93722248   86.42680359    0.00000000    0.00000000
   14.94027805  105.76499939    0.00000000    0.00000000
   14.94472218  105.76499939    0.00000000    0.00000000
   14.94888878  117.71399689    0.00000000    0.00000000
   14.95194435  109.92400360    0.00000000    0.00000000
   14.95305538  169.50399780    0.00000000    0.00000000
   14.95527744   85.16300201    0.00000000    0.00000000
   14.95861053   86.53389740    0.00000000    0.00000000
   14.96166611  110.08399963    0.00000000    0.00000000
   14.96500015   86.08080292    0.00000000    0.00000000
   14.96805477   84.27100372    0.00000000    0.00000000
   14.97111034   82.15619659    0.00000000    0.00000000
   14.97416592   91.60099792    0.00000000    0.00000000
   14.97722149   80.35209656    0.00000000    0.00000000
   14.98027706   80.22399902    0.00000000    0.00000000
   14.98333359   81.78579712    0.00000000    0.00000000
   14.98750019   81.78579712    0.00000000    0.00000000
   14.99138927   83.70069885    0.00000000    0.00000000
   14.99472237   90.04180145    0.00000000    0.00000000
   14.99777794   91.00270081    0.00000000    0.00000000
   15.00083351  131.94799805    0.00000000    0.00000000
   15.00388908  124.45700073    0.00000000    0.00000000
   15.00694466   63.90129852    0.00000000    0.00000000
   15.01027775  165.68400574    0.00000000    0.00000000
   15.01333332   88.96289825    0.00000000    0.00000000
   15.01638889   76.09149933    0.00000000    0.00000000
   15.01944447   76.54360199    0.00000000    0.00000000
   15.01972198   79.62560272    0.00000000    0.00000000
   15.02277756   84.22270203    0.00000000    0.00000000
   15.02611065  236.84399414    0.00000000    0.00000000
   15.03027725  236.84399414    0.00000000    0.00000000
   15.03444481  107.38800049    0.00000000    0.00000000
   15.03888893  101.80799866    0.00000000    0.00000000
   15.04166698   88.22100067    0.00000000    0.00000000
   15.04500008   87.68109894    0.00000000    0.00000000
   15.04805565   85.23179626    0.00000000    0.00000000
   15.05111122   81.81320190    0.00000000    0.00000000
   15.05416679   88.76999664    0.00000000    0.00000000
   15.05583382  105.92500305    0.00000000    0.00000000
   15.05888939  172.78100586    0.00000000    0.00000000
   15.06222248   90.61560059    0.00000000    0.00000000
   15.06527805   81.24449921    0.00000000    0.00000000
   15.06833363   83.17009735    0.00000000    0.00000000
   15.07305527   83.17009735    0.00000000    0.00000000
   15.07722187   97.40049744    0.00000000    0.00000000
   15.08027744   89.58650208    0.00000000    0.00000000
   15.08333302   81.50450134    0.00000000    0.00000000
   15.08638859   81.79370117    0.00000000    0.00000000
   15.08749962   82.81369781    0.00000000    0.00000000
   15.08972168   80.28119659    0.00000000    0.00000000
   15.09333324   81.72519684    0.00000000    0.00000000
   15.09611034   83.05439758    0.00000000    0.00000000
   15.09916592   78.37270355    0.00000000    0.00000000
   15.10249996   78.88659668    0.00000000    0.00000000
   15.10555553   78.06420135    0.00000000    0.00000000
   15.10861111   92.60070038    0.00000000    0.00000000
   15.11166668   81.66369629    0.00000000    0.00000000
   15.11611176   81.66369629    0.00000000    0.00000000
   15.11999989   80.40149689    0.00000000    0.00000000
   15.12083340   81.45839691    0.00000000    0.00000000
   15.12333393   74.55819702    0.00000000    0.00000000
   15.12638855   75.76429749    0.00000000    0.00000000
   15.12944412   76.96679688    0.00000000    0.00000000
   15.13388920   77.26989746    0.00000000    0.00000000
   15.13666630   76.11160278    0.00000000    0.00000000
   15.13972187   78.40969849    0.00000000    0.00000000
   15.14305496   82.15809631    0.00000000    0.00000000
   15.14611053   79.83779907    0.00000000    0.00000000
   15.14916611   77.37619781    0.00000000    0.00000000
   15.15222168   82.85820007    0.00000000    0.00000000
   15.15416622   82.47579956    0.00000000    0.00000000
   15.15888882   82.47579956    0.00000000    0.00000000
   15.16277695   77.99220276    0.00000000    0.00000000
   15.16611099   79.67330170    0.00000000    0.00000000
   15.16916656   85.74569702    0.00000000    0.00000000
   15.17222214   82.28430176    0.00000000    0.00000000
   15.17527771   84.38580322    0.00000000    0.00000000
   15.17833328   86.74569702    0.00000000    0.00000000
   15.18138885   81.60399628    0.00000000    0.00000000
   15.18472195   79.40820313    0.00000000    0.00000000
   15.18750000   90.55650330    0.00000000    0.00000000
   15.18777752   80.19860077    0.00000000    0.00000000
   15.19083309   78.85739899    0.00000000    0.00000000
   15.19527817   85.08499908    0.00000000    0.00000000
   15.20166683   85.08499908    0.00000000    0.00000000
   15.20583344   80.71309662    0.00000000    0.00000000
   15.20888901   85.11930084    0.00000000    0.00000000
   15.21194458   88.60140228    0.00000000    0.00000000
   15.21500015   89.66709900    0.00000000    0.00000000
   15.21805477   78.60959625    0.00000000    0.00000000
   15.22083282   78.48829651    0.00000000    0.00000000
   15.22138882   84.43769836    0.00000000    0.00000000
   15.22444439   84.93859863    0.00000000    0.00000000
   15.22749996   81.94529724    0.00000000    0.00000000
   15.23055553   80.06649780    0.00000000    0.00000000
   15.23361111   80.84140015    0.00000000    0.00000000
   15.23666668   76.91220093    0.00000000    0.00000000
   15.23972225   79.35639954    0.00000000    0.00000000
   15.24444485   79.35639954    0.00000000    0.00000000
   15.24833393   79.84739685    0.00000000    0.00000000
   15.25138855   81.51619720    0.00000000    0.00000000
   15.25416660   81.04029846    0.00000000    0.00000000
   15.25472260   80.95429993    0.00000000    0.00000000
   15.25777817   80.11450195    0.00000000    0.00000000
   15.26083374   79.60109711    0.00000000    0.00000000
   15.26388931   80.03320313    0.00000000    0.00000000
   15.26694393   80.81439972    0.00000000    0.00000000
   15.26999950   78.75509644    0.00000000    0.00000000
   15.27305508   78.73829651    0.00000000    0.00000000
   15.27638817   80.34110260    0.00000000    0.00000000
   15.27944374   79.01519775    0.00000000    0.00000000
   15.28249931   81.41429901    0.00000000    0.00000000
   15.28750038   81.41429901    0.00000000    0.00000000
   15.29111195   80.19120026    0.00000000    0.00000000
   15.29444504   77.90010071    0.00000000    0.00000000
   15.29750061   77.77359772    0.00000000    0.00000000
   15.30055618   82.24150085    0.00000000    0.00000000
   15.30361176   81.11280060    0.00000000    0.00000000
   15.30666733   82.42829895    0.00000000    0.00000000
   15.30972195   79.21929932    0.00000000    0.00000000
   15.31305599   83.40000153    0.00000000    0.00000000
   15.31611156   73.88729858    0.00000000    0.00000000
   15.31916618   78.58699799    0.00000000    0.00000000
   15.32194424   87.30429840    0.00000000    0.00000000
   15.32222176   79.43900299    0.00000000    0.00000000
   15.32527733   85.16059875    0.00000000    0.00000000
   15.33027744   85.16059875    0.00000000    0.00000000
   15.33416653   78.67859650    0.00000000    0.00000000
   15.33722210   76.75759888    0.00000000    0.00000000
   15.34027767   75.77880096    0.00000000    0.00000000
   15.34333324   77.02220154    0.00000000    0.00000000
   15.34638882   77.47229767    0.00000000    0.00000000
   15.34972191   78.28450012    0.00000000    0.00000000
   15.35277843   78.53119659    0.00000000    0.00000000
   15.35527802   81.70709991    0.00000000    0.00000000
   15.35583401   77.34439850    0.00000000    0.00000000
   15.35888958   79.49160004    0.00000000    0.00000000
   15.36194515   78.33309937    0.00000000    0.00000000
   15.36500072   79.75559998    0.00000000    0.00000000
   15.36805534   79.23449707    0.00000000    0.00000000
   15.37305546   79.23449707    0.00000000    0.00000000
   15.37694454   88.14679718    0.00000000    0.00000000
   15.38000011   77.87979889    0.00000000    0.00000000
   15.38305569   75.96790314    0.00000000    0.00000000
   15.38611126   78.25360107    0.00000000    0.00000000
   15.38888836   78.34259796    0.00000000    0.00000000
   15.38944435   80.04509735    0.00000000    0.00000000
   15.39249992   83.15489960    0.00000000    0.00000000
   15.39555550   78.65019989    0.00000000    0.00000000
   15.39861107   79.79930115    0.00000000    0.00000000
   15.40166664   76.69290161    0.00000000    0.00000000
   15.40472221   78.52210236    0.00000000    0.00000000
   15.40805531   83.16339874    0.00000000    0.00000000
   15.41111088   79.12529755    0.00000000    0.00000000
   15.41583252   79.12529755    0.00000000    0.00000000
   15.41972256   79.29640198    0.00000000    0.00000000
   15.42222214   76.97299957    0.00000000    0.00000000
   15.42305565   79.78500366    0.00000000    0.00000000
   15.42611122   78.65489960    0.00000000    0.00000000
   15.42916679   81.61540222    0.00000000    0.00000000
   15.43222237   82.35769653    0.00000000    0.00000000
   15.43527794   82.33450317    0.00000000    0.00000000
   15.43833351   86.96690369    0.00000000    0.00000000
   15.44166660   80.97290039    0.00000000    0.00000000
   15.44472218   83.68689728    0.00000000    0.00000000
   15.44777775   80.40699768    0.00000000    0.00000000
   15.45083332   82.00669861    0.00000000    0.00000000
   15.45388889   80.06030273    0.00000000    0.00000000
   15.45888901   80.06030273    0.00000000    0.00000000
   15.46277714   83.81970215    0.00000000    0.00000000
   15.46583271   80.18849945    0.00000000    0.00000000
   15.46888828   81.71289825    0.00000000    0.00000000
   15.47194386   82.98449707    0.00000000    0.00000000
   15.47499943   80.19400024    0.00000000    0.00000000
   15.47805500   79.29010010    0.00000000    0.00000000
   15.48111057   83.19670105    0.00000000    0.00000000
   15.48444462   79.02300262    0.00000000    0.00000000
   15.48750019   85.08229828    0.00000000    0.00000000
   15.48972225   81.55000305    0.00000000    0.00000000
   15.49055576   78.47440338    0.00000000    0.00000000
   15.49361134   87.89830017    0.00000000    0.00000000
   15.49666691   76.59269714    0.00000000    0.00000000
   15.50166702   76.59269714    0.00000000    0.00000000
   15.50555515   80.57430267    0.00000000    0.00000000
   15.50861073   79.19860077    0.00000000    0.00000000
   15.51166630   80.76069641    0.00000000    0.00000000
   15.51472187   81.10510254    0.00000000    0.00000000
   15.51777744   79.87550354    0.00000000    0.00000000
   15.52111053   78.78019714    0.00000000    0.00000000
   15.52305508   75.07240295    0.00000000    0.00000000
   15.52416611   75.45939636    0.00000000    0.00000000
   15.52722168   75.58640289    0.00000000    0.00000000
   15.53027725   80.34909821    0.00000000    0.00000000
   15.53333378   77.49369812    0.00000000    0.00000000
   15.53638935   78.01470184    0.00000000    0.00000000
   15.53972244   79.82849884    0.00000000    0.00000000
   15.54444504   79.82849884    0.00000000    0.00000000
   15.54833412   77.89160156    0.00000000    0.00000000
   15.55138874   83.40560150    0.00000000    0.00000000
   15.55444431   80.41089630    0.00000000    0.00000000
   15.55666733   76.07489777    0.00000000    0.00000000
   15.55777836   81.34290314    0.00000000    0.00000000
   15.56083393   79.02089691    0.00000000    0.00000000
   15.56388950   81.00700378    0.00000000    0.00000000
   15.56694412   78.90080261    0.00000000    0.00000000
   15.56999969   77.52040100    0.00000000    0.00000000
   15.57305527   78.84369659    0.00000000    0.00000000
   15.57638836   79.59940338    0.00000000    0.00000000
   15.57944393   79.19190216    0.00000000    0.00000000
   15.58249950   83.87039948    0.00000000    0.00000000
   15.58749962   83.87039948    0.00000000    0.00000000
   15.59111118   77.39440155    0.00000000    0.00000000
   15.59444427   79.50119781    0.00000000    0.00000000
   15.59749985   79.51589966    0.00000000    0.00000000
   15.60055637   89.97519684    0.00000000    0.00000000
   15.60361195   82.62409973    0.00000000    0.00000000
   15.60666752   81.84670258    0.00000000    0.00000000
   15.60972214   78.35169983    0.00000000    0.00000000
   15.61277771   83.63230133    0.00000000    0.00000000
   15.61611176   79.75270081    0.00000000    0.00000000
   15.61916637   78.19360352    0.00000000    0.00000000
   15.62222195   76.57569885    0.00000000    0.00000000
   15.62333393   73.17759705    0.00000000    0.00000000
   15.62527752   75.74320221    0.00000000    0.00000000
   15.63027763   75.74320221    0.00000000    0.00000000
   15.63416672   81.18389893    0.00000000    0.00000000
   15.63722229   77.28109741    0.00000000    0.00000000
   15.64027786   80.34159851    0.00000000    0.00000000
   15.64333344   78.70960236    0.00000000    0.00000000
   15.64638901   84.50160217    0.00000000    0.00000000
   15.64944458   80.01329803    0.00000000    0.00000000
   15.65277767   76.92359924    0.00000000    0.00000000
   15.65583324   78.61329651    0.00000000    0.00000000
   15.65666676   83.04250336    0.00000000    0.00000000
   15.65888882   81.94599915    0.00000000    0.00000000
   15.66194439   79.39360046    0.00000000    0.00000000
   15.66527748   81.75720215    0.00000000    0.00000000
   15.66833401   77.66269684    0.00000000    0.00000000
   15.67305565   77.66269684    0.00000000    0.00000000
   15.67694473   81.92549896    0.00000000    0.00000000
   15.68000031   78.00890350    0.00000000    0.00000000
   15.68305588   89.51670074    0.00000000    0.00000000
   15.68611145   77.46970367    0.00000000    0.00000000
   15.68944454   81.23930359    0.00000000    0.00000000
   15.69000053   84.12699890    0.00000000    0.00000000
   15.69250011   82.08670044    0.00000000    0.00000000
   15.69555569   79.60099792    0.00000000    0.00000000
   15.69861126   85.29440308    0.00000000    0.00000000
   15.70166683   78.24420166    0.00000000    0.00000000
   15.70472240   84.76529694    0.00000000    0.00000000
   15.70777798   85.48509979    0.00000000    0.00000000
   15.71111107   81.09069824    0.00000000    0.00000000
   15.71583271   81.09069824    0.00000000    0.00000000
   15.71972179   81.81439972    0.00000000    0.00000000
   15.72277737   82.66709900    0.00000000    0.00000000
   15.72333336   83.44300079    0.00000000    0.00000000
   15.72583294   75.91059875    0.00000000    0.00000000
   15.72916603   79.04399872    0.00000000    0.00000000
   15.73222160   81.87290192    0.00000000    0.00000000
   15.73527813   80.45069885    0.00000000    0.00000000
   15.73833370   78.09349823    0.00000000    0.00000000
   15.74138927   82.91139984    0.00000000    0.00000000
   15.74444485   83.62640381    0.00000000    0.00000000
   15.74777794   85.80519867    0.00000000    0.00000000
   15.75083351   76.22319794    0.00000000    0.00000000
   15.77055550   83.06529999    0.00000000    0.00000000
   15.77416611   83.06529999    0.00000000    0.00000000
   15.77805519   79.41459656    0.00000000    0.00000000
   15.78111076   80.38739777    0.00000000    0.00000000
   15.78416729   77.89679718    0.00000000    0.00000000
   15.78722286   80.93499756    0.00000000    0.00000000
   15.79055595   75.12999725    0.00000000    0.00000000
   15.79361153   77.53630066    0.00000000    0.00000000
   15.79666710   76.61309814    0.00000000    0.00000000
   15.79972267   78.17759705    0.00000000    0.00000000
   15.80277824   77.03079987    0.00000000    0.00000000
   15.80500031   77.18340302    0.00000000    0.00000000
   15.80583382   91.30670166    0.00000000    0.00000000
   15.80888939   80.51110077    0.00000000    0.00000000
   15.81222248   80.70359802    0.00000000    0.00000000
   15.81694412   80.70359802    0.00000000    0.00000000
   15.82083321   81.50140381    0.00000000    0.00000000
   15.82388878   80.40200043    0.00000000    0.00000000
   15.82694435   81.71779633    0.00000000    0.00000000
   15.83027744   84.93209839    0.00000000    0.00000000
   15.83333302   86.13449860    0.00000000    0.00000000
   15.83638859   81.52639771    0.00000000    0.00000000
   15.83833313   83.07559967    0.00000000    0.00000000
   15.83944416   84.87950134    0.00000000    0.00000000
   15.84249973   81.10420227    0.00000000    0.00000000
   15.84555531   80.39679718    0.00000000    0.00000000
   15.84888840   78.26629639    0.00000000    0.00000000
   15.85194492   79.18440247    0.00000000    0.00000000
   15.85500050   76.71029663    0.00000000    0.00000000
   15.86000061   76.71029663    0.00000000    0.00000000
   15.86361122   79.64219666    0.00000000    0.00000000
   15.86694431   78.19740295    0.00000000    0.00000000
   15.86999989   83.59059906    0.00000000    0.00000000
   15.87194443   78.21849823    0.00000000    0.00000000
   15.87305546   81.17649841    0.00000000    0.00000000
   15.87611103   76.23239899    0.00000000    0.00000000
   15.87916660   77.94110107    0.00000000    0.00000000
   15.88222218   85.14880371    0.00000000    0.00000000
   15.88555527   81.88829803    0.00000000    0.00000000
   15.88861084   81.92769623    0.00000000    0.00000000
   15.89166641   75.62950134    0.00000000    0.00000000
   15.89472198   83.32469940    0.00000000    0.00000000
   15.89777756   86.06629944    0.00000000    0.00000000
   15.90277767   86.06629944    0.00000000    0.00000000
   15.90666676   85.34600067    0.00000000    0.00000000
   15.90972137   75.66629791    0.00000000    0.00000000
   15.91277695   77.27790070    0.00000000    0.00000000
   15.91583252   79.77210236    0.00000000    0.00000000
   15.91888905   78.00740051    0.00000000    0.00000000
   15.92194462   76.70169830    0.00000000    0.00000000
   15.92527771   79.36419678    0.00000000    0.00000000
   15.92833328   78.12090302    0.00000000    0.00000000
   15.93138885   73.69460297    0.00000000    0.00000000
   15.93444443   77.74680328    0.00000000    0.00000000
   15.93750000   76.10839844    0.00000000    0.00000000
   15.93861103   81.61900330    0.00000000    0.00000000
   15.94083309   79.83300018    0.00000000    0.00000000
   15.94555569   79.83300018    0.00000000    0.00000000
   15.94944477   75.59590149    0.00000000    0.00000000
   15.95249939   77.66359711    0.00000000    0.00000000
   15.95555496   75.26100159    0.00000000    0.00000000
   15.95861053   79.24420166    0.00000000    0.00000000
   15.96194458   78.29519653    0.00000000    0.00000000
   15.96500015   77.48229980    0.00000000    0.00000000
   15.96805477   77.31809998    0.00000000    0.00000000
   15.97111034   76.98310089    0.00000000    0.00000000
   15.97194386   81.87750244    0.00000000    0.00000000
   15.97444439   79.78859711    0.00000000    0.00000000
   15.97749996   80.16750336    0.00000000    0.00000000
   15.98055553   80.34960175    0.00000000    0.00000000
   15.98361111   77.79620361    0.00000000    0.00000000
   15.98833370   77.79620361    0.00000000    0.00000000
   15.99222279   75.85260010    0.00000000    0.00000000
   15.99527836   78.80010223    0.00000000    0.00000000
   15.99861145   80.04850006    0.00000000    0.00000000
   16.00166702   80.12719727    0.00000000    0.00000000
   16.00472260   79.84719849    0.00000000    0.00000000
   16.00527763   78.93419647    0.00000000    0.00000000
   16.00777817   82.58480072    0.00000000    0.00000000
   16.01083374   79.81739807    0.00000000    0.00000000
   16.01388931   81.11219788    0.00000000    0.00000000
   16.01694489   80.36930084    0.00000000    0.00000000
   16.02027702   77.18530273    0.00000000    0.00000000
   16.02333260   80.75589752    0.00000000    0.00000000
   16.02638817   83.08409882    0.00000000    0.00000000
   16.03138924   83.08409882    0.00000000    0.00000000
   16.03527641   79.81539917    0.00000000    0.00000000
   16.03833199   81.51950073    0.00000000    0.00000000
   16.03861046   81.37480164    0.00000000    0.00000000
   16.04138756   84.74050140    0.00000000    0.00000000
   16.04444313   77.82039642    0.00000000    0.00000000
   16.04749870   76.78759766    0.00000000    0.00000000
   16.05055428   75.29599762    0.00000000    0.00000000
   16.05360985   77.54609680    0.00000000    0.00000000
   16.05694389   77.06739807    0.00000000    0.00000000
   16.05999947   78.15959930    0.00000000    0.00000000
   16.06305504   84.77799988    0.00000000    0.00000000
   16.06611061   81.03600311    0.00000000    0.00000000
   16.06916809   79.59510040    0.00000000    0.00000000
   16.07416725   79.59510040    0.00000000    0.00000000
   16.07805634   76.52429962    0.00000000    0.00000000
   16.08111191   79.65110016    0.00000000    0.00000000
   16.08416748   85.91670227    0.00000000    0.00000000
   16.08722305   82.46170044    0.00000000    0.00000000
   16.09027863   82.87750244    0.00000000    0.00000000
   16.09361267   80.30120087    0.00000000    0.00000000
   16.09666824   87.06430054    0.00000000    0.00000000
   16.09972191   78.60410309    0.00000000    0.00000000
   16.10277748   85.83059692    0.00000000    0.00000000
   16.10527802   82.85260010    0.00000000    0.00000000
   16.10583305   79.51200104    0.00000000    0.00000000
   16.10888863   84.17749786    0.00000000    0.00000000
   16.11222267   82.38899994    0.00000000    0.00000000
   16.11694527   82.38899994    0.00000000    0.00000000
   16.12083435   86.40889740    0.00000000    0.00000000
   16.12388992   82.26599884    0.00000000    0.00000000
   16.12694550   83.20580292    0.00000000    0.00000000
   16.13027763   80.98349762    0.00000000    0.00000000
   16.13333321   84.91829681    0.00000000    0.00000000
   16.13638878   74.56479645    0.00000000    0.00000000
   16.13861084   83.68350220    0.00000000    0.00000000
   16.13944435   82.21759796    0.00000000    0.00000000
   16.14249992   82.82550049    0.00000000    0.00000000
   16.14555550   87.57119751    0.00000000    0.00000000
   16.14861107   85.98370361    0.00000000    0.00000000
   16.15194321   82.86199951    0.00000000    0.00000000
   16.15499878   80.98809814    0.00000000    0.00000000
   16.15999985   80.98809814    0.00000000    0.00000000
   16.16361046   79.26069641    0.00000000    0.00000000
   16.16694450   80.33560181    0.00000000    0.00000000
   16.17000008   78.62779999    0.00000000    0.00000000
   16.17222214   82.95089722    0.00000000    0.00000000
   16.17305565   81.47709656    0.00000000    0.00000000
   16.17611122   81.25450134    0.00000000    0.00000000
   16.17916679   85.12799835    0.00000000    0.00000000
   16.18222237   86.79930115    0.00000000    0.00000000
   16.18527603   82.86740112    0.00000000    0.00000000
   16.18861008   80.48680115    0.00000000    0.00000000
   16.19166565   81.68440247    0.00000000    0.00000000
   16.19472122   86.00199890    0.00000000    0.00000000
   16.19777679   79.36340332    0.00000000    0.00000000
   16.20277786   79.36340332    0.00000000    0.00000000
   16.20666695   79.32730103    0.00000000    0.00000000
   16.20972252   77.08010101    0.00000000    0.00000000
   16.21277809   74.29810333    0.00000000    0.00000000
   16.21583366   81.55629730    0.00000000    0.00000000
   16.21888924   81.81710052    0.00000000    0.00000000
   16.22194481   80.27559662    0.00000000    0.00000000
   16.22527885   79.40969849    0.00000000    0.00000000
   16.22833443   81.58460236    0.00000000    0.00000000
   16.23139000   80.86940002    0.00000000    0.00000000
   16.23444557   77.67839813    0.00000000    0.00000000
   16.23750114   84.47699738    0.00000000    0.00000000
   16.23888969   84.48040009    0.00000000    0.00000000
   16.24083328   80.61550140    0.00000000    0.00000000
   16.24555588   80.61550140    0.00000000    0.00000000
   16.24944496   84.06400299    0.00000000    0.00000000
   16.25250053   80.28939819    0.00000000    0.00000000
   16.25555611   80.62270355    0.00000000    0.00000000
   16.25861168   80.98069763    0.00000000    0.00000000
   16.26194382   82.56980133    0.00000000    0.00000000
   16.26499939   78.04270172    0.00000000    0.00000000
   16.26805496   79.70600128    0.00000000    0.00000000
   16.27111053   82.43849945    0.00000000    0.00000000
   16.27222252   77.66629791    0.00000000    0.00000000
   16.27416611   78.71939850    0.00000000    0.00000000
   16.27722168   83.72429657    0.00000000    0.00000000
   16.28027725   82.28620148    0.00000000    0.00000000
   16.28361130   86.00869751    0.00000000    0.00000000
   16.28833199   86.00869751    0.00000000    0.00000000
   16.29222107   80.05940247    0.00000000    0.00000000
   16.29527664   78.95449829    0.00000000    0.00000000
   16.29833221   82.24099731    0.00000000    0.00000000
   16.30166626   80.36409760    0.00000000    0.00000000
   16.30472183   83.90049744    0.00000000    0.00000000
   16.30555534   79.50700378    0.00000000    0.00000000
   16.30777740   80.22319794    0.00000000    0.00000000
   16.31083298   80.36299896    0.00000000    0.00000000
   16.31388855   77.79229736    0.00000000    0.00000000
   16.31694603   79.99079895    0.00000000    0.00000000
   16.32027817   81.96340179    0.00000000    0.00000000
   16.32333374   78.63700104    0.00000000    0.00000000
   16.32638931   80.54630280    0.00000000    0.00000000
   16.33139038   80.54630280    0.00000000    0.00000000
   16.33500099   77.18240356    0.00000000    0.00000000
   16.33833313   77.70670319    0.00000000    0.00000000
   16.33889008   76.52529907    0.00000000    0.00000000
   16.34138870   77.28359985    0.00000000    0.00000000
   16.34444427   79.57039642    0.00000000    0.00000000
   16.34749985   78.75659943    0.00000000    0.00000000
   16.35055542   79.51349640    0.00000000    0.00000000
   16.35361099   80.70349884    0.00000000    0.00000000
   16.35694504   76.50740051    0.00000000    0.00000000
   16.36000061   78.72109985    0.00000000    0.00000000
   16.36305618   80.10659790    0.00000000    0.00000000
   16.36611176   80.26100159    0.00000000    0.00000000
   16.36916733   77.64779663    0.00000000    0.00000000
   16.37416649   77.64779663    0.00000000    0.00000000
   16.37805557   80.74389648    0.00000000    0.00000000
   16.38111115   78.86470032    0.00000000    0.00000000
   16.38416672   75.87650299    0.00000000    0.00000000
   16.38722229   80.54109955    0.00000000    0.00000000
   16.39027786   77.60669708    0.00000000    0.00000000
   16.39361191   74.67520142    0.00000000    0.00000000
   16.39666748   75.85119629    0.00000000    0.00000000
   16.39972115   82.66989899    0.00000000    0.00000000
   16.40277672   78.16940308    0.00000000    0.00000000
   16.40555573   77.05090332    0.00000000    0.00000000
   16.40583229   75.95760345    0.00000000    0.00000000
   16.40888786   76.03880310    0.00000000    0.00000000
   16.41194344   75.81909943    0.00000000    0.00000000
   16.41694450   75.81909943    0.00000000    0.00000000
   16.42083359   80.02449799    0.00000000    0.00000000
   16.42388916   80.11350250    0.00000000    0.00000000
   16.42694473   77.03330231    0.00000000    0.00000000
   16.43000031   82.78209686    0.00000000    0.00000000
   16.43333244   77.63590240    0.00000000    0.00000000
   16.43638802   77.03220367    0.00000000    0.00000000
   16.43888855   75.32430267    0.00000000    0.00000000
   16.43944359   76.41459656    0.00000000    0.00000000
   16.44249916   78.52539825    0.00000000    0.00000000
   16.44555473   75.87770081    0.00000000    0.00000000
   16.44861031   81.14980316    0.00000000    0.00000000
   16.45194435   79.99340057    0.00000000    0.00000000
   16.45499992   77.03430176    0.00000000    0.00000000
   16.45972252   77.03430176    0.00000000    0.00000000
   16.46361160   81.94629669    0.00000000    0.00000000
   16.46666718   81.36289978    0.00000000    0.00000000
   16.47000122   77.91179657    0.00000000    0.00000000
   16.47249985   82.94419861    0.00000000    0.00000000
   16.47305679   78.67279816    0.00000000    0.00000000
   16.47611237   81.82530212    0.00000000    0.00000000
   16.47916794   79.11100006    0.00000000    0.00000000
   16.48222351   76.72250366    0.00000000    0.00000000
   16.48527718   79.31780243    0.00000000    0.00000000
   16.48833275   79.59989929    0.00000000    0.00000000
   16.49166679   79.07379913    0.00000000    0.00000000
   16.49472237   79.68419647    0.00000000    0.00000000
   16.49777794   84.08249664    0.00000000    0.00000000
   16.50277710   84.08249664    0.00000000    0.00000000
   16.50666618   78.37280273    0.00000000    0.00000000
   16.50972176   80.60700226    0.00000000    0.00000000
   16.51277733   79.05169678    0.00000000    0.00000000
   16.51583290   85.17949677    0.00000000    0.00000000
   16.51888847   80.39620209    0.00000000    0.00000000
   16.52194405   76.76979828    0.00000000    0.00000000
   16.52499962   78.03829956    0.00000000    0.00000000
   16.52833366   84.05950165    0.00000000    0.00000000
   16.53138924   78.78759766    0.00000000    0.00000000
   16.53444481   76.59400177    0.00000000    0.00000000
   16.53750038   82.05729675    0.00000000    0.00000000
   16.53916550   78.43119812    0.00000000    0.00000000
   16.54083252   77.06369781    0.00000000    0.00000000
   16.54555511   77.06369781    0.00000000    0.00000000
   16.54944420   78.03250122    0.00000000    0.00000000
   16.55249977   79.83750153    0.00000000    0.00000000
   16.55555534   74.57649994    0.00000000    0.00000000
   16.55861092   78.06120300    0.00000000    0.00000000
   16.56166649   76.94490051    0.00000000    0.00000000
   16.56499863   76.66790009    0.00000000    0.00000000
   16.56805611   75.78189850    0.00000000    0.00000000
   16.57111168   77.15249634    0.00000000    0.00000000
   16.57250023   75.10610199    0.00000000    0.00000000
   16.57416725   77.49919891    0.00000000    0.00000000
   16.57722282   76.48560333    0.00000000    0.00000000
   16.58027840   80.81870270    0.00000000    0.00000000
   16.58361244   82.45300293    0.00000000    0.00000000
   16.58833313   82.45300293    0.00000000    0.00000000
   16.59222221   79.59110260    0.00000000    0.00000000
   16.59527779   77.80909729    0.00000000    0.00000000
   16.59833336   77.92070007    0.00000000    0.00000000
   16.60166740   80.51730347    0.00000000    0.00000000
   16.60472298   79.58039856    0.00000000    0.00000000
   16.60583305   78.71340179    0.00000000    0.00000000
   16.60777855   74.44850159    0.00000000    0.00000000
   16.61083412   77.73999786    0.00000000    0.00000000
   16.61388969   76.76210022    0.00000000    0.00000000
   16.61694527   78.08020020    0.00000000    0.00000000
   16.62000084   81.36990356    0.00000000    0.00000000
   16.62333298   78.06199646    0.00000000    0.00000000
   16.62638855   82.19419861    0.00000000    0.00000000
   16.63138962   82.19419861    0.00000000    0.00000000
   16.63500023   77.97589874    0.00000000    0.00000000
   16.63833237   76.12529755    0.00000000    0.00000000
   16.63916588   76.83439636    0.00000000    0.00000000
   16.64138794   76.38480377    0.00000000    0.00000000
   16.64444351   81.33350372    0.00000000    0.00000000
   16.64749908   79.11070251    0.00000000    0.00000000
   16.65055466   73.23249817    0.00000000    0.00000000
   16.65361023   78.14099884    0.00000000    0.00000000
   16.65666580   77.94170380    0.00000000    0.00000000
   16.65999985   77.98709869    0.00000000    0.00000000
   16.66305542   76.14240265    0.00000000    0.00000000
   16.66611099   75.40940094    0.00000000    0.00000000
   16.66916656   79.99960327    0.00000000    0.00000000
   16.67416573   79.99960327    0.00000000    0.00000000
   16.67805481   75.96080017    0.00000000    0.00000000
   16.68111038   77.41909790    0.00000000    0.00000000
   16.68416595   78.75270081    0.00000000    0.00000000
   16.68722153   82.32019806    0.00000000    0.00000000
   16.69027710   80.95919800    0.00000000    0.00000000
   16.69333267   79.98349762    0.00000000    0.00000000
   16.69666672   78.66449738    0.00000000    0.00000000
   16.69972038   75.58170319    0.00000000    0.00000000
   16.70277786   76.50779724    0.00000000    0.00000000
   16.70583344   81.27649689    0.00000000    0.00000000
   16.70611191   81.55139923    0.00000000    0.00000000
   16.70888901   78.47100067    0.00000000    0.00000000
   16.71194458   75.89900208    0.00000000    0.00000000
   16.71694565   75.89900208    0.00000000    0.00000000
   16.72083473   79.99810028    0.00000000    0.00000000
   16.72389030   80.02330017    0.00000000    0.00000000
   16.72694588   77.95390320    0.00000000    0.00000000
   16.73000145   81.44470215    0.00000000    0.00000000
   16.73333359   81.49169922    0.00000000    0.00000000
   16.73638916   78.78749847    0.00000000    0.00000000
   16.73916626   79.30419922    0.00000000    0.00000000
   16.73944473   87.74469757    0.00000000    0.00000000
   16.74250031   82.16359711    0.00000000    0.00000000
   16.74555588   79.17739868    0.00000000    0.00000000
   16.74861145   83.26699829    0.00000000    0.00000000
   16.75194359   80.83619690    0.00000000    0.00000000
   16.75499916   80.77559662    0.00000000    0.00000000
   16.75972176   80.77559662    0.00000000    0.00000000
   16.76361084   77.19879913    0.00000000    0.00000000
   16.76666641   80.93070221    0.00000000    0.00000000
   16.76972198   82.82510376    0.00000000    0.00000000
   16.78750038   77.85019684    0.00000000    0.00000000
   16.78944397   76.91320038    0.00000000    0.00000000
   16.79249954   76.06629944    0.00000000    0.00000000
   16.79555511   83.32180023    0.00000000    0.00000000
   16.79861069   79.10520172    0.00000000    0.00000000
   16.80277634   79.10520172    0.00000000    0.00000000
   16.80666542   75.64990234    0.00000000    0.00000000
   16.80972099   78.37460327    0.00000000    0.00000000
   16.81277657   77.32029724    0.00000000    0.00000000
   16.81583214   77.28250122    0.00000000    0.00000000
   16.81888962   77.42839813    0.00000000    0.00000000
   16.82083511   75.88680267    0.00000000    0.00000000
   16.82222366   76.98459625    0.00000000    0.00000000
   16.82527924   76.66819763    0.00000000    0.00000000
   16.82833481   78.20600128    0.00000000    0.00000000
   16.83139038   78.82109833    0.00000000    0.00000000
   16.83444595   75.50509644    0.00000000    0.00000000
   16.83750153   81.19920349    0.00000000    0.00000000
   16.84083366   76.22270203    0.00000000    0.00000000
   16.84555626   76.22270203    0.00000000    0.00000000
   16.84944534   81.24230194    0.00000000    0.00000000
   16.85250092   81.68779755    0.00000000    0.00000000
   16.85416794   77.39389801    0.00000000    0.00000000
   16.85555649   81.12220001    0.00000000    0.00000000
   16.85888863   84.80039978    0.00000000    0.00000000
   16.86194420   80.76210022    0.00000000    0.00000000
   16.86499977   77.56390381    0.00000000    0.00000000
   16.86805534   77.74600220    0.00000000    0.00000000
   16.87111092   79.70040131    0.00000000    0.00000000
   16.87416649   78.76770020    0.00000000    0.00000000
   16.87750053   78.38680267    0.00000000    0.00000000
   16.88055611   79.55410004    0.00000000    0.00000000
   16.88361168   76.76159668    0.00000000    0.00000000
   16.88861084   76.76159668    0.00000000    0.00000000
   16.89222145   77.05809784    0.00000000    0.00000000
   16.89555550   75.66139984    0.00000000    0.00000000
   16.89861107   78.44850159    0.00000000    0.00000000
   16.90166664   78.48290253    0.00000000    0.00000000
   16.90472221   75.54229736    0.00000000    0.00000000
   16.90777779   78.76850128    0.00000000    0.00000000
   16.91083336   79.63059998    0.00000000    0.00000000
   16.91388893   75.09439850    0.00000000    0.00000000
   16.91722107   77.45909882    0.00000000    0.00000000
   16.92027664   79.63520050    0.00000000    0.00000000
   16.92083359   80.28350067    0.00000000    0.00000000
   16.92333221   77.55770111    0.00000000    0.00000000
   16.92638779   80.12139893    0.00000000    0.00000000
   16.93138885   80.12139893    0.00000000    0.00000000
   16.93527603   73.96160126    0.00000000    0.00000000
   16.93833160   79.10870361    0.00000000    0.00000000
   16.94138718   82.17179871    0.00000000    0.00000000
   16.94444275   77.63069916    0.00000000    0.00000000
   16.94749832   79.34069824    0.00000000    0.00000000
   16.95055580   78.70320129    0.00000000    0.00000000
   16.95388985   75.07790375    0.00000000    0.00000000
   16.95416832   79.88680267    0.00000000    0.00000000
   16.95694542   76.61769867    0.00000000    0.00000000
   16.96000099   77.64859772    0.00000000    0.00000000
   16.96305656   78.72699738    0.00000000    0.00000000
   16.96611214   78.91429901    0.00000000    0.00000000
   16.96916771   76.09719849    0.00000000    0.00000000
   16.97416687   76.09719849    0.00000000    0.00000000
   16.97805595   73.78019714    0.00000000    0.00000000
   16.98111153   75.85549927    0.00000000    0.00000000
   16.98416710   77.06060028    0.00000000    0.00000000
   16.98722267   77.16079712    0.00000000    0.00000000
   16.98750114   74.91519928    0.00000000    0.00000000
   16.99055672   77.20829773    0.00000000    0.00000000
   16.99361229   74.79389954    0.00000000    0.00000000
   16.99666786   80.35790253    0.00000000    0.00000000
   16.99972153   73.85469818    0.00000000    0.00000000
   17.00277710   76.99790192    0.00000000    0.00000000
   17.00583267   77.04129791    0.00000000    0.00000000
   17.00888824   73.87020111    0.00000000    0.00000000
   17.01222229   83.08940125    0.00000000    0.00000000
   17.01694489   83.08940125    0.00000000    0.00000000
   17.02083397   77.34320068    0.00000000    0.00000000
   17.02388954   78.39369965    0.00000000    0.00000000
   17.02722168   82.19419861    0.00000000    0.00000000
   17.03027725   77.03269958    0.00000000    0.00000000
   17.03333282   76.99240112    0.00000000    0.00000000
   17.03638840   77.80650330    0.00000000    0.00000000
   17.03944397   79.44029999    0.00000000    0.00000000
   17.04249954   76.46540070    0.00000000    0.00000000
   17.04555511   78.95749664    0.00000000    0.00000000
   17.04888916   78.46700287    0.00000000    0.00000000
   17.05194283   79.41889954    0.00000000    0.00000000
   17.05416679   80.73699951    0.00000000    0.00000000
   17.05499840   81.29199982    0.00000000    0.00000000
   17.05999947   81.29199982    0.00000000    0.00000000
   17.06361008   82.16490173    0.00000000    0.00000000
   17.06694603   79.77929688    0.00000000    0.00000000
   17.07000160   80.03099823    0.00000000    0.00000000
   17.07305717   84.18329620    0.00000000    0.00000000
   17.07611275   75.73339844    0.00000000    0.00000000
   17.07916832   80.33450317    0.00000000    0.00000000
   17.08222389   79.02829742    0.00000000    0.00000000
   17.08555603   79.88999939    0.00000000    0.00000000
   17.08750153   81.67890167    0.00000000    0.00000000
   17.08861160   83.03759766    0.00000000    0.00000000
   17.09166718   81.20819855    0.00000000    0.00000000
   17.09472275   76.71949768    0.00000000    0.00000000
   17.09777832   84.25440216    0.00000000    0.00000000
   17.10277748   84.25440216    0.00000000    0.00000000
   17.10666656   77.09459686    0.00000000    0.00000000
   17.10972214   76.42620087    0.00000000    0.00000000
   17.11277771   85.98300171    0.00000000    0.00000000
   17.11583328   79.86270142    0.00000000    0.00000000
   17.11888885   80.76460266    0.00000000    0.00000000
   17.12083435   87.69819641    0.00000000    0.00000000
   17.12222290   81.06960297    0.00000000    0.00000000
   17.12527847   79.50340271    0.00000000    0.00000000
   17.12833405   81.22370148    0.00000000    0.00000000
   17.13138962   80.27570343    0.00000000    0.00000000
   17.13444519   81.76370239    0.00000000    0.00000000
   17.13750076   84.31919861    0.00000000    0.00000000
   17.14055634   82.81359863    0.00000000    0.00000000
   17.14555550   82.81359863    0.00000000    0.00000000
   17.14944458   80.79399872    0.00000000    0.00000000
   17.15250015   83.30539703    0.00000000    0.00000000
   17.15416718   85.17849731    0.00000000    0.00000000
   17.15555573   88.79180145    0.00000000    0.00000000
   17.15888786   84.44830322    0.00000000    0.00000000
   17.16194344   80.79139709    0.00000000    0.00000000
   17.16499901   80.97650146    0.00000000    0.00000000
   17.16805458   81.37310028    0.00000000    0.00000000
   17.17111015   79.46600342    0.00000000    0.00000000
   17.17416573   86.78810120    0.00000000    0.00000000
   17.17722130   80.41049957    0.00000000    0.00000000
   17.18055534   82.83519745    0.00000000    0.00000000
   17.18361092   80.08930206    0.00000000    0.00000000
   17.18833160   80.08930206    0.00000000    0.00000000
   17.19222069   81.91899872    0.00000000    0.00000000
   17.19527626   81.15149689    0.00000000    0.00000000
   17.19861031   83.75920105    0.00000000    0.00000000
   17.20166779   81.83570099    0.00000000    0.00000000
   17.20472336   81.64459991    0.00000000    0.00000000
   17.20777893   81.70439911    0.00000000    0.00000000
   17.21083450   80.63849640    0.00000000    0.00000000
   17.21389008   82.16829681    0.00000000    0.00000000
   17.21722221   77.80220032    0.00000000    0.00000000
   17.22027779   77.84320068    0.00000000    0.00000000
   17.22083473   80.27649689    0.00000000    0.00000000
   17.22333336   77.83760071    0.00000000    0.00000000
   17.22638893   85.54270172    0.00000000    0.00000000
   17.23139000   85.54270172    0.00000000    0.00000000
   17.23527718   82.39219666    0.00000000    0.00000000
   17.23833275   77.25509644    0.00000000    0.00000000
   17.24138832   84.15889740    0.00000000    0.00000000
   17.24444389   82.67729950    0.00000000    0.00000000
   17.24749947   83.77610016    0.00000000    0.00000000
   17.25055504   78.97260284    0.00000000    0.00000000
   17.25361061   79.78869629    0.00000000    0.00000000
   17.25416756   81.38140106    0.00000000    0.00000000
