    HOUR (UT)   FLARE FACTOR    SKY TESTER    SUN TESTER
   12.21361065   -1.00000000   -1.00000000   -1.00000000
   12.23583317 1098.30004883    0.00000000    0.00000000
   12.23888874   79.00949860    0.00000000    0.00000000
   12.24194431   78.27929688    0.00000000    0.00000000
   12.24499989   78.92690277    0.00000000    0.00000000
   12.24805546   85.62429810    0.00000000    0.00000000
   12.25111103   85.60230255    0.00000000    0.00000000
   12.25444412   88.34400177    0.00000000    0.00000000
   12.25749969   86.63130188    0.00000000    0.00000000
   12.26055527   79.88410187    0.00000000    0.00000000
   12.26055527   83.88510132    0.00000000    0.00000000
   12.26361084   89.84329987    0.00000000    0.00000000
   12.26666641   79.05590057    0.00000000    0.00000000
   12.26972198   82.43659973    0.00000000    0.00000000
   12.27305508   86.38639832    0.00000000    0.00000000
   12.27611065   86.90740204    0.00000000    0.00000000
   12.27916622   88.23249817    0.00000000    0.00000000
   12.28222179   80.24530029    0.00000000    0.00000000
   12.28527832   91.41419983    0.00000000    0.00000000
   12.28555584   89.88739777    0.00000000    0.00000000
   12.28833389   84.94110107    0.00000000    0.00000000
   12.29138947   83.87580109    0.00000000    0.00000000
   12.29472256   91.00340271    0.00000000    0.00000000
   12.29777813   81.64669800    0.00000000    0.00000000
   12.30083370   81.99990082    0.00000000    0.00000000
   12.30388927   81.06839752    0.00000000    0.00000000
   12.30694485   78.12249756    0.00000000    0.00000000
   12.31000042   81.70469666    0.00000000    0.00000000
   12.31055546   81.50019836    0.00000000    0.00000000
   12.31333351   82.04370117    0.00000000    0.00000000
   12.31638908   85.37159729    0.00000000    0.00000000
   12.31944466   86.71640015    0.00000000    0.00000000
   12.32250023   81.11190033    0.00000000    0.00000000
   12.32583332   80.37210083    0.00000000    0.00000000
   12.32888889   83.25579834    0.00000000    0.00000000
   12.33194447   82.07180023    0.00000000    0.00000000
   12.33500004   82.49169922    0.00000000    0.00000000
   12.33555508   86.48609924    0.00000000    0.00000000
   12.33805561   79.65239716    0.00000000    0.00000000
   12.34111118   89.52449799    0.00000000    0.00000000
   12.34444427   92.00890350    0.00000000    0.00000000
   12.34749985   84.27050018    0.00000000    0.00000000
   12.35055637   88.12210083    0.00000000    0.00000000
   12.35361195   88.76119995    0.00000000    0.00000000
   12.35666752   91.70989990    0.00000000    0.00000000
   12.35972214   86.09249878    0.00000000    0.00000000
   12.36055565   84.99369812    0.00000000    0.00000000
   12.36277771   84.31009674    0.00000000    0.00000000
   12.36611176   80.93730164    0.00000000    0.00000000
   12.36916637   84.86650085    0.00000000    0.00000000
   12.37222195   81.29579926    0.00000000    0.00000000
   12.37527752   81.73989868    0.00000000    0.00000000
   12.37833309   78.66940308    0.00000000    0.00000000
   12.38138866   76.52950287    0.00000000    0.00000000
   12.38472176   84.29380035    0.00000000    0.00000000
   12.38555527   84.75550079    0.00000000    0.00000000
   12.38777733   82.94270325    0.00000000    0.00000000
   12.39083290   84.12180328    0.00000000    0.00000000
   12.39388847   80.31739807    0.00000000    0.00000000
   12.39694405   84.34059906    0.00000000    0.00000000
   12.40027714   82.46350098    0.00000000    0.00000000
   12.40333271   82.34190369    0.00000000    0.00000000
   12.40638828   79.49680328    0.00000000    0.00000000
   12.40944386   83.74069977    0.00000000    0.00000000
   12.41055489   85.41000366    0.00000000    0.00000000
   12.41249943   84.54429626    0.00000000    0.00000000
   12.41555500   83.41880035    0.00000000    0.00000000
   12.41888905   79.41100311    0.00000000    0.00000000
   12.42194462   85.98770142    0.00000000    0.00000000
   12.42500019   79.65419769    0.00000000    0.00000000
   12.42805576   82.15470123    0.00000000    0.00000000
   12.43111134   89.48979950    0.00000000    0.00000000
   12.43416691   92.34850311    0.00000000    0.00000000
   12.43583298   88.24469757    0.00000000    0.00000000
   12.43722248   86.36039734    0.00000000    0.00000000
   12.44055557   86.95619965    0.00000000    0.00000000
   12.44361115   83.77420044    0.00000000    0.00000000
   12.44666672   86.53919983    0.00000000    0.00000000
   12.44972229   83.60849762    0.00000000    0.00000000
   12.45277786   81.51300049    0.00000000    0.00000000
   12.45583344   90.54429626    0.00000000    0.00000000
   12.45916653   84.73010254    0.00000000    0.00000000
   12.46083355   87.46839905    0.00000000    0.00000000
   12.46222210   83.31819916    0.00000000    0.00000000
   12.46527767   84.25219727    0.00000000    0.00000000
   12.46833324   83.65399933    0.00000000    0.00000000
   12.47138882   80.15730286    0.00000000    0.00000000
   12.47472191   84.22039795    0.00000000    0.00000000
   12.47777748   83.89129639    0.00000000    0.00000000
   12.48083305   85.56330109    0.00000000    0.00000000
   12.48388958   79.49819946    0.00000000    0.00000000
   12.48583317   85.55069733    0.00000000    0.00000000
   12.48694515   84.92109680    0.00000000    0.00000000
   12.49000072   83.96330261    0.00000000    0.00000000
   12.49333382   86.63249969    0.00000000    0.00000000
   12.49638939   82.32540131    0.00000000    0.00000000
   12.49944496   84.25469971    0.00000000    0.00000000
   12.50249958   91.72989655    0.00000000    0.00000000
   12.50555515   81.71080017    0.00000000    0.00000000
   12.50861073   84.24430084    0.00000000    0.00000000
   12.51083374   83.75759888    0.00000000    0.00000000
   12.51166630   84.56580353    0.00000000    0.00000000
   12.51500034   82.17669678    0.00000000    0.00000000
   12.51805496   89.09059906    0.00000000    0.00000000
   12.52111053   86.50589752    0.00000000    0.00000000
   12.52416611   82.18630219    0.00000000    0.00000000
   12.52722168   84.46150208    0.00000000    0.00000000
   12.53027725   84.30329895    0.00000000    0.00000000
   12.53361130   89.23529816    0.00000000    0.00000000
   12.53583336   81.73459625    0.00000000    0.00000000
   12.53666687   84.59420013    0.00000000    0.00000000
   12.53972244   86.78359985    0.00000000    0.00000000
   12.54277802   85.26809692    0.00000000    0.00000000
   12.54611111   81.59020233    0.00000000    0.00000000
   12.54916668   83.47519684    0.00000000    0.00000000
   12.55222225   79.72070313    0.00000000    0.00000000
   12.55527782   81.45420074    0.00000000    0.00000000
   12.55833340   86.08709717    0.00000000    0.00000000
   12.56083393   86.64720154    0.00000000    0.00000000
   12.56138897   82.98159790    0.00000000    0.00000000
   12.56444454   83.83550262    0.00000000    0.00000000
   12.56777763   85.50669861    0.00000000    0.00000000
   12.57083321   85.67169952    0.00000000    0.00000000
   12.57388878   79.67050171    0.00000000    0.00000000
   12.57694435   86.03320313    0.00000000    0.00000000
   12.57999992   84.64530182    0.00000000    0.00000000
   12.58305550   84.16200256    0.00000000    0.00000000
   12.58583260   77.81120300    0.00000000    0.00000000
   12.58638859   84.39070129    0.00000000    0.00000000
   12.58944416   -1.00000000    0.00000000    0.00000000
   12.59249973   -1.00000000    0.00000000    0.00000000
   12.59555531   -1.00000000    0.00000000    0.00000000
   12.59861088   -1.00000000    0.00000000    0.00000000
   12.60166740  125.15100098    0.00000000    0.00000000
   12.60472298   75.48739624    0.00000000    0.00000000
   12.60805607   85.12770081    0.00000000    0.00000000
   12.61083412   85.44909668    0.00000000    0.00000000
   12.61111164   84.80090332    0.00000000    0.00000000
   12.61416721   96.00980377    0.00000000    0.00000000
   12.61722279   91.10320282    0.00000000    0.00000000
   12.62055588   87.24549866    0.00000000    0.00000000
   12.62361145   87.96289825    0.00000000    0.00000000
   12.62666702   87.68779755    0.00000000    0.00000000
   12.62972260   99.91159821    0.00000000    0.00000000
   12.63277817   -1.00000000    0.00000000    0.00000000
   12.63583279   -1.00000000    0.00000000    0.00000000
   12.63888836   89.95390320    0.00000000    0.00000000
   12.64222240   80.83450317    0.00000000    0.00000000
   12.64527798   88.69049835    0.00000000    0.00000000
   12.64833355   88.84670258    0.00000000    0.00000000
   12.65138817   95.76100159    0.00000000    0.00000000
   12.65444374   81.93080139    0.00000000    0.00000000
   12.65749931   87.28189850    0.00000000    0.00000000
   12.66083336   87.34130096    0.00000000    0.00000000
   12.66083336   90.10150146    0.00000000    0.00000000
   12.66388893   84.45230103    0.00000000    0.00000000
   12.66694450   90.62960052    0.00000000    0.00000000
   12.67000008   90.21869659    0.00000000    0.00000000
   12.67305565   91.67720032    0.00000000    0.00000000
   12.67611122   92.64730072    0.00000000    0.00000000
   12.67916679   88.71749878    0.00000000    0.00000000
   12.68249989   75.66909790    0.00000000    0.00000000
   12.68555546   84.71820068    0.00000000    0.00000000
   12.68583298   80.32499695    0.00000000    0.00000000
   12.68861103   92.23539734    0.00000000    0.00000000
   12.69166660   86.29170227    0.00000000    0.00000000
   12.69472218   88.48930359    0.00000000    0.00000000
   12.69777775   92.71430206    0.00000000    0.00000000
   12.70111084   92.00450134    0.00000000    0.00000000
   12.70416641   77.35970306    0.00000000    0.00000000
   12.70722198   88.09680176    0.00000000    0.00000000
   12.71027756   82.51999664    0.00000000    0.00000000
   12.71083355   90.56929779    0.00000000    0.00000000
   12.71361065   87.70839691    0.00000000    0.00000000
   12.71666622   91.98909760    0.00000000    0.00000000
   12.71972179   89.84680176    0.00000000    0.00000000
   12.72277737   89.58399963    0.00000000    0.00000000
   12.72583294   88.28820038    0.00000000    0.00000000
   12.72888851   85.66329956    0.00000000    0.00000000
   12.73194408   90.83979797    0.00000000    0.00000000
   12.73527813   95.04609680    0.00000000    0.00000000
   12.73583317   94.08010101    0.00000000    0.00000000
   12.73833370   93.16110229    0.00000000    0.00000000
   12.74138927   91.68419647    0.00000000    0.00000000
   12.74444485   96.01529694    0.00000000    0.00000000
   12.74750042   94.22049713    0.00000000    0.00000000
   12.75055599   87.25730133    0.00000000    0.00000000
   12.75388908   93.98320007    0.00000000    0.00000000
   12.75694466   91.36840057    0.00000000    0.00000000
   12.76000023   94.27760315    0.00000000    0.00000000
   12.76083374   85.73079681    0.00000000    0.00000000
   12.76305580   85.96749878    0.00000000    0.00000000
   12.76611137   92.24579620    0.00000000    0.00000000
   12.76916599   94.74530029    0.00000000    0.00000000
   12.77222157   89.12329865    0.00000000    0.00000000
   12.77555561   94.91600037    0.00000000    0.00000000
   12.77861118   88.52940369    0.00000000    0.00000000
   12.78166676   88.91439819    0.00000000    0.00000000
   12.78472233   93.52059937    0.00000000    0.00000000
   12.78583336   87.08439636    0.00000000    0.00000000
   12.78805637   89.19360352    0.00000000    0.00000000
   12.79111195   85.92050171    0.00000000    0.00000000
   12.79416752   90.61640167    0.00000000    0.00000000
   12.79722309   90.58719635    0.00000000    0.00000000
   12.80027771   84.92839813    0.00000000    0.00000000
   12.80333328   87.50550079    0.00000000    0.00000000
   12.80638885   97.99120331    0.00000000    0.00000000
   12.80972195   91.24759674    0.00000000    0.00000000
   12.81083393   93.00270081    0.00000000    0.00000000
   12.81277752   95.52259827    0.00000000    0.00000000
   12.81583309   86.28359985    0.00000000    0.00000000
   12.81888866   88.81960297    0.00000000    0.00000000
   12.82194424   89.90110016    0.00000000    0.00000000
   12.82499981   91.66880035    0.00000000    0.00000000
   12.82833290   84.72409821    0.00000000    0.00000000
   12.83138847   87.40309906    0.00000000    0.00000000
   12.83444405   93.58540344    0.00000000    0.00000000
   12.83583260   89.10600281    0.00000000    0.00000000
   12.83749962   86.82369995    0.00000000    0.00000000
   12.84055519   95.46260071    0.00000000    0.00000000
   12.84361076   89.79429626    0.00000000    0.00000000
   12.84666634   84.99810028    0.00000000    0.00000000
   12.85000038   88.84909821    0.00000000    0.00000000
   12.85305595   83.31680298    0.00000000    0.00000000
   12.85611153   90.60659790    0.00000000    0.00000000
   12.85916710   93.68769836    0.00000000    0.00000000
   12.86083412   90.12400055    0.00000000    0.00000000
   12.86250019   85.66369629    0.00000000    0.00000000
   12.86555576   86.31449890    0.00000000    0.00000000
   12.86861134   77.25789642    0.00000000    0.00000000
   12.87166691   90.30069733    0.00000000    0.00000000
   12.87472248   81.75250244    0.00000000    0.00000000
   12.87777805   84.94670105    0.00000000    0.00000000
   12.88083363   89.96399689    0.00000000    0.00000000
   12.88416672   96.87259674    0.00000000    0.00000000
   12.88583279   93.44670105    0.00000000    0.00000000
   12.88722229   88.47339630    0.00000000    0.00000000
   12.89027786   81.99069977    0.00000000    0.00000000
   12.89333344   85.79920197    0.00000000    0.00000000
   12.89638901   90.71189880    0.00000000    0.00000000
   12.89944458   85.36830139    0.00000000    0.00000000
   12.90277767   87.57939911    0.00000000    0.00000000
   12.90583324   91.28430176    0.00000000    0.00000000
   12.90888882   85.34239960    0.00000000    0.00000000
   12.91083336   79.02490234    0.00000000    0.00000000
   12.91194439   83.21199799    0.00000000    0.00000000
   12.91499996   89.77359772    0.00000000    0.00000000
   12.91805553   81.43440247    0.00000000    0.00000000
   12.92111111   89.53330231    0.00000000    0.00000000
   12.92444515   96.22859955    0.00000000    0.00000000
   12.92750072   91.96700287    0.00000000    0.00000000
   12.93055630   93.39270020    0.00000000    0.00000000
   12.93361092   92.89299774    0.00000000    0.00000000
   12.93583298   88.68219757    0.00000000    0.00000000
   12.93694496   90.98239899    0.00000000    0.00000000
   12.94000053   84.29910278    0.00000000    0.00000000
   12.94305515   92.60739899    0.00000000    0.00000000
   12.94611073  143.63000488    0.00000000    0.00000000
   12.94916630   84.27339935    0.00000000    0.00000000
   12.95222187   85.34580231    0.00000000    0.00000000
   12.95527744   85.40260315    0.00000000    0.00000000
   12.95861053   81.15010071    0.00000000    0.00000000
   12.96083355   84.94069672    0.00000000    0.00000000
   12.96166611   93.60500336    0.00000000    0.00000000
   12.96472168   85.03119659    0.00000000    0.00000000
   12.96777725   83.93769836    0.00000000    0.00000000
   12.97083282   86.84300232    0.00000000    0.00000000
   12.97388840   84.97530365    0.00000000    0.00000000
   12.97722149   91.84660339    0.00000000    0.00000000
   12.98027706   84.25879669    0.00000000    0.00000000
   12.98333359   91.00579834    0.00000000    0.00000000
   12.98583317   84.98909760    0.00000000    0.00000000
   12.98638916   85.12120056    0.00000000    0.00000000
   12.98944473   89.84089661    0.00000000    0.00000000
   12.99250031   84.68820190    0.00000000    0.00000000
   12.99555588   78.94370270    0.00000000    0.00000000
   12.99888897   79.79000092    0.00000000    0.00000000
   13.00194454   87.90709686    0.00000000    0.00000000
   13.00500011   83.70629883    0.00000000    0.00000000
   13.00805569   82.64990234    0.00000000    0.00000000
   13.01083374   80.72789764    0.00000000    0.00000000
   13.01138878   84.48660278    0.00000000    0.00000000
   13.01444435   90.53340149    0.00000000    0.00000000
   13.01749992   88.50450134    0.00000000    0.00000000
   13.02055550   91.18209839    0.00000000    0.00000000
   13.02361107   75.34130096    0.00000000    0.00000000
   13.02666664   83.06479645    0.00000000    0.00000000
   13.02972221   89.07070160    0.00000000    0.00000000
   13.03305531   90.70659637    0.00000000    0.00000000
   13.03583336   84.11399841    0.00000000    0.00000000
   13.03611183   91.83959961    0.00000000    0.00000000
   13.03916740   88.12090302    0.00000000    0.00000000
   13.04222298   90.78070068    0.00000000    0.00000000
   13.04527855   88.45059967    0.00000000    0.00000000
   13.04833412   88.17729950    0.00000000    0.00000000
   13.05166721   76.51920319    0.00000000    0.00000000
   13.05472279   81.40489960    0.00000000    0.00000000
   13.05777836   86.73429871    0.00000000    0.00000000
   13.06083393   86.48690033    0.00000000    0.00000000
   13.06083393   85.71839905    0.00000000    0.00000000
   13.06388950   97.96980286    0.00000000    0.00000000
   13.06694412   84.47160339    0.00000000    0.00000000
   13.06999969   90.54139709    0.00000000    0.00000000
   13.07333374   92.27259827    0.00000000    0.00000000
   13.07638836   91.42310333    0.00000000    0.00000000
   13.07944393   82.59249878    0.00000000    0.00000000
   13.08249950   84.41239929    0.00000000    0.00000000
   13.08555508   96.00309753    0.00000000    0.00000000
   13.08583260   90.29250336    0.00000000    0.00000000
   13.08861065   91.20950317    0.00000000    0.00000000
   13.09194374   99.09989929    0.00000000    0.00000000
   13.09499931   85.85600281    0.00000000    0.00000000
   13.09805489   90.61090088    0.00000000    0.00000000
   13.10111141   88.30149841    0.00000000    0.00000000
   13.10416698   86.21959686    0.00000000    0.00000000
   13.10722256   89.97090149    0.00000000    0.00000000
   13.11055565   74.73960114    0.00000000    0.00000000
   13.11083412   80.68579865    0.00000000    0.00000000
   13.11361122   84.08409882    0.00000000    0.00000000
   13.11666679   86.80190277    0.00000000    0.00000000
   13.11972237   87.77700043    0.00000000    0.00000000
   13.12305546   92.71890259    0.00000000    0.00000000
   13.12611103   87.81079865    0.00000000    0.00000000
   13.12916660   90.86409760    0.00000000    0.00000000
   13.13222218   89.26490021    0.00000000    0.00000000
   13.13527775   85.15879822    0.00000000    0.00000000
   13.13583279   82.29499817    0.00000000    0.00000000
   13.13833332   85.58850098    0.00000000    0.00000000
   13.14138889   94.26969910    0.00000000    0.00000000
   13.14472198   85.36139679    0.00000000    0.00000000
   13.14777756   81.78430176    0.00000000    0.00000000
   13.15083313   79.51260376    0.00000000    0.00000000
   13.15388870   86.11689758    0.00000000    0.00000000
   13.15694427   82.22699738    0.00000000    0.00000000
   13.15999985   85.25270081    0.00000000    0.00000000
   13.16111088   89.95999908    0.00000000    0.00000000
   13.16333294   86.74770355    0.00000000    0.00000000
   13.16638851   81.99749756    0.00000000    0.00000000
   13.16944504   81.99459839    0.00000000    0.00000000
   13.17250061   90.63050079    0.00000000    0.00000000
   13.17555618   80.92440033    0.00000000    0.00000000
   13.17861176   84.14969635    0.00000000    0.00000000
   13.18166733   84.08920288    0.00000000    0.00000000
   13.18500042   79.46119690    0.00000000    0.00000000
   13.18611145   82.91919708    0.00000000    0.00000000
   13.18805599   80.73639679    0.00000000    0.00000000
   13.19111156   79.84349823    0.00000000    0.00000000
   13.19416714   84.89050293    0.00000000    0.00000000
   13.19750023   81.82610321    0.00000000    0.00000000
   13.20055580   81.69180298    0.00000000    0.00000000
   13.20361137   81.89769745    0.00000000    0.00000000
   13.20666695   81.45279694    0.00000000    0.00000000
   13.20972157   93.21739960    0.00000000    0.00000000
   13.21111107   82.41950226    0.00000000    0.00000000
   13.21277714   85.78639984    0.00000000    0.00000000
   13.21583271   85.98300171    0.00000000    0.00000000
   13.21916580   80.35350037    0.00000000    0.00000000
   13.22222137   81.12629700    0.00000000    0.00000000
   13.22527695   80.13300323    0.00000000    0.00000000
   13.22833252   89.21070099    0.00000000    0.00000000
   13.23138809   84.92749786    0.00000000    0.00000000
   13.23444462   74.03489685    0.00000000    0.00000000
   13.25249958   79.14939880    0.00000000    0.00000000
   13.25416660   78.14499664    0.00000000    0.00000000
   13.25722218   81.24759674    0.00000000    0.00000000
   13.26027775   87.00209808    0.00000000    0.00000000
   13.26333332   79.22920227    0.00000000    0.00000000
   13.26638889   80.30410004    0.00000000    0.00000000
   13.26944447   81.50650024    0.00000000    0.00000000
   13.27250004   83.70390320    0.00000000    0.00000000
   13.27583313   77.70510101    0.00000000    0.00000000
   13.27750015   82.80300140    0.00000000    0.00000000
   13.27888870   79.59239960    0.00000000    0.00000000
   13.28194427   84.23919678    0.00000000    0.00000000
   13.28555584   78.86789703    0.00000000    0.00000000
   13.28861141   74.12529755    0.00000000    0.00000000
   13.29166698   81.94290161    0.00000000    0.00000000
   13.29472256   81.70459747    0.00000000    0.00000000
   13.29777813   85.25189972    0.00000000    0.00000000
   13.30111122   81.34719849    0.00000000    0.00000000
   13.30249977   85.44709778    0.00000000    0.00000000
   13.30416679   89.89800262    0.00000000    0.00000000
   13.30722237   83.04219818    0.00000000    0.00000000
   13.31027794   81.15920258    0.00000000    0.00000000
   13.31361103   82.74220276    0.00000000    0.00000000
   13.31666660   83.70619965    0.00000000    0.00000000
   13.31972218   85.31340027    0.00000000    0.00000000
   13.32277775   83.97619629    0.00000000    0.00000000
   13.32583332   87.87650299    0.00000000    0.00000000
   13.32750034   79.94809723    0.00000000    0.00000000
   13.32888889   84.70050049    0.00000000    0.00000000
   13.33194447   80.09660339    0.00000000    0.00000000
   13.33527756   82.28970337    0.00000000    0.00000000
   13.33833313   83.27469635    0.00000000    0.00000000
   13.34138870   83.52570343    0.00000000    0.00000000
   13.34444427   77.93930054    0.00000000    0.00000000
   13.34749985   80.91770172    0.00000000    0.00000000
   13.35055637   77.80370331    0.00000000    0.00000000
   13.35249996   81.55950165    0.00000000    0.00000000
   13.35388947   79.64129639    0.00000000    0.00000000
   13.35694504   83.75530243    0.00000000    0.00000000
   13.36000061   82.64440155    0.00000000    0.00000000
   13.36305618   85.60829926    0.00000000    0.00000000
   13.36611176   87.10549927    0.00000000    0.00000000
   13.36916637   86.49739838    0.00000000    0.00000000
   13.37250042   84.53769684    0.00000000    0.00000000
   13.37555599   78.42070007    0.00000000    0.00000000
   13.37750053   82.37580109    0.00000000    0.00000000
   13.37861156   85.72669983    0.00000000    0.00000000
   13.38166714   94.18689728    0.00000000    0.00000000
   13.38472176   91.22290039    0.00000000    0.00000000
   13.38805580   86.76519775    0.00000000    0.00000000
   13.39111137   91.48500061    0.00000000    0.00000000
   13.39416695   89.63259888    0.00000000    0.00000000
   13.39722252   82.73570251    0.00000000    0.00000000
   13.40027714   81.73739624    0.00000000    0.00000000
   13.40249920   81.23560333    0.00000000    0.00000000
   13.40333271   80.51300049    0.00000000    0.00000000
   13.40638828   96.26159668    0.00000000    0.00000000
   13.40972137   91.69339752    0.00000000    0.00000000
   13.41277695   84.14479828    0.00000000    0.00000000
   13.41583252   88.78549957    0.00000000    0.00000000
   13.41888905   95.43119812    0.00000000    0.00000000
   13.42194462   85.28639984    0.00000000    0.00000000
   13.42500019   82.52200317    0.00000000    0.00000000
   13.42750072   85.07469940    0.00000000    0.00000000
   13.42833328   87.41670227    0.00000000    0.00000000
   13.43138885   85.29090118    0.00000000    0.00000000
   13.43444443   83.93879700    0.00000000    0.00000000
   13.43750000   87.14109802    0.00000000    0.00000000
   13.44055557   86.38269806    0.00000000    0.00000000
   13.44361115   79.69300079    0.00000000    0.00000000
   13.44694424   81.35350037    0.00000000    0.00000000
   13.44999981   87.01249695    0.00000000    0.00000000
   13.45249939   87.09459686    0.00000000    0.00000000
   13.45305538   89.52809906    0.00000000    0.00000000
   13.45611095   77.23449707    0.00000000    0.00000000
   13.45916653   84.46569824    0.00000000    0.00000000
   13.46249962   85.16609955    0.00000000    0.00000000
   13.46555519  101.36299896    0.00000000    0.00000000
   13.46861076  101.19799805    0.00000000    0.00000000
   13.47166634  102.91200256    0.00000000    0.00000000
   13.47472191  100.73000336    0.00000000    0.00000000
   13.47749996   92.36199951    0.00000000    0.00000000
   13.47777748   92.27290344    0.00000000    0.00000000
   13.48083305   81.65190125    0.00000000    0.00000000
   13.48416710   85.41429901    0.00000000    0.00000000
   13.48722267   97.24680328    0.00000000    0.00000000
   13.49027824   94.69799805    0.00000000    0.00000000
   13.49333382   88.18289948    0.00000000    0.00000000
   13.49638939   87.33119965    0.00000000    0.00000000
   13.49944496  112.82599640    0.00000000    0.00000000
   13.50249958  111.16899872    0.00000000    0.00000000
   13.50277805  120.45999908    0.00000000    0.00000000
   13.50583363  101.03800201    0.00000000    0.00000000
   13.50888920   94.80819702    0.00000000    0.00000000
   13.51194477   95.41870117    0.00000000    0.00000000
   13.51500034   93.29889679    0.00000000    0.00000000
   13.51805496  113.78900146    0.00000000    0.00000000
   13.52111053  115.46299744    0.00000000    0.00000000
   13.52444458   -1.00000000    0.00000000    0.00000000
   13.52750015   -1.00000000    0.00000000    0.00000000
   13.53055573   -1.00000000    0.00000000    0.00000000
   13.53361130   -1.00000000    0.00000000    0.00000000
   13.53694534   -1.00000000    0.00000000    0.00000000
   13.54000092   -1.00000000    0.00000000    0.00000000
   13.54305553  197.27499390    0.00000000    0.00000000
   13.54611111   -1.00000000    0.00000000    0.00000000
   13.54916668   -1.00000000    0.00000000    0.00000000
   13.55222225   -1.00000000    0.00000000    0.00000000
   13.55527782   -1.00000000    0.00000000    0.00000000
   13.55861092   96.24960327    0.00000000    0.00000000
   13.56166649   -1.00000000    0.00000000    0.00000000
   13.56472206   -1.00000000    0.00000000    0.00000000
   13.56777763  155.73599243    0.00000000    0.00000000
   13.57083321   -1.00000000    0.00000000    0.00000000
   13.57388878  168.03500366    0.00000000    0.00000000
   13.57722187   -1.00000000    0.00000000    0.00000000
   13.58027744   75.29940033    0.00000000    0.00000000
   13.58333302  100.37699890    0.00000000    0.00000000
   13.58638859   -1.00000000    0.00000000    0.00000000
   13.58944416   -1.00000000    0.00000000    0.00000000
   13.59249973   -1.00000000    0.00000000    0.00000000
   13.59555531   85.82869720    0.00000000    0.00000000
   13.59888840  106.62899780    0.00000000    0.00000000
   13.60194492   95.86350250    0.00000000    0.00000000
   13.60249996   99.90499878    0.00000000    0.00000000
   13.60500050  108.67099762    0.00000000    0.00000000
   13.60805607  131.04100037    0.00000000    0.00000000
   13.61138916   99.92009735    0.00000000    0.00000000
   13.61444473   87.65119934    0.00000000    0.00000000
   13.61750031   -1.00000000    0.00000000    0.00000000
   13.62055588   -1.00000000    0.00000000    0.00000000
   13.62361145  139.73899841    0.00000000    0.00000000
   13.62666702   98.04370117    0.00000000    0.00000000
   13.62750053  143.89999390    0.00000000    0.00000000
   13.63000011  195.00599670    0.00000000    0.00000000
   13.63305569   -1.00000000    0.00000000    0.00000000
   13.63611126  182.31199646    0.00000000    0.00000000
   13.63916683  124.70099640    0.00000000    0.00000000
   13.64222240  133.50399780    0.00000000    0.00000000
   13.64527798  112.16500092    0.00000000    0.00000000
   13.64833355  225.87699890    0.00000000    0.00000000
   13.65166664  108.37000275    0.00000000    0.00000000
   13.65249920  109.91899872    0.00000000    0.00000000
   13.65472221   -1.00000000    0.00000000    0.00000000
   13.65777779   -1.00000000    0.00000000    0.00000000
   13.66083336  112.13600159    0.00000000    0.00000000
   13.66388893  119.71099854    0.00000000    0.00000000
   13.66694450   91.42729950    0.00000000    0.00000000
   13.67027855   87.64450073    0.00000000    0.00000000
   13.67333412  101.62300110    0.00000000    0.00000000
   13.67638874   99.59200287    0.00000000    0.00000000
   13.67750072   91.67639923    0.00000000    0.00000000
   13.67944431  100.98300171    0.00000000    0.00000000
   13.68249989   84.42630005    0.00000000    0.00000000
   13.68583298   87.03510284    0.00000000    0.00000000
   13.68888855   82.36769867    0.00000000    0.00000000
   13.69194412   87.26629639    0.00000000    0.00000000
   13.69499969   92.53240204    0.00000000    0.00000000
   13.69805527   84.64859772    0.00000000    0.00000000
   13.70111084   86.82009888    0.00000000    0.00000000
   13.70249939   89.43810272    0.00000000    0.00000000
   13.70444393   82.76670074    0.00000000    0.00000000
   13.70749950   89.23739624    0.00000000    0.00000000
   13.71055508   86.47090149    0.00000000    0.00000000
   13.71361065   97.05719757    0.00000000    0.00000000
   13.71666622   88.65270233    0.00000000    0.00000000
   13.71972179   86.41230011    0.00000000    0.00000000
   13.72277737   85.26049805    0.00000000    0.00000000
   13.72611046   86.26180267    0.00000000    0.00000000
   13.72749996  131.13800049    0.00000000    0.00000000
   13.72916603  132.31399536    0.00000000    0.00000000
   13.73222160   94.19640350    0.00000000    0.00000000
   13.73527813   84.85269928    0.00000000    0.00000000
   13.73833370   78.10739899    0.00000000    0.00000000
   13.74138927   81.41799927    0.00000000    0.00000000
   13.74472237   91.05380249    0.00000000    0.00000000
   13.74777794   78.88829803    0.00000000    0.00000000
   13.75083351   82.03430176    0.00000000    0.00000000
   13.75249958   93.87580109    0.00000000    0.00000000
   13.75388908   84.08010101    0.00000000    0.00000000
   13.75694466   81.73690033    0.00000000    0.00000000
   13.76027775   87.08989716    0.00000000    0.00000000
   13.76333332   84.87270355    0.00000000    0.00000000
   13.76638889   82.37280273    0.00000000    0.00000000
   13.76944447   84.23329926    0.00000000    0.00000000
   13.77250004   86.06490326    0.00000000    0.00000000
   13.77555561   85.00720215    0.00000000    0.00000000
   13.77750015   80.04499817    0.00000000    0.00000000
   13.77888870   79.90260315    0.00000000    0.00000000
   13.78194427   88.06580353    0.00000000    0.00000000
   13.78500080   82.74729919    0.00000000    0.00000000
   13.78805637   81.84110260    0.00000000    0.00000000
   13.79111195   83.17700195    0.00000000    0.00000000
   13.79416752   90.56230164    0.00000000    0.00000000
   13.79722309   77.65519714    0.00000000    0.00000000
   13.80055618   79.17359924    0.00000000    0.00000000
   13.80249977   89.68859863    0.00000000    0.00000000
   13.80361176   87.11209869    0.00000000    0.00000000
   13.80666733   85.26770020    0.00000000    0.00000000
   13.80972195   89.60859680    0.00000000    0.00000000
   13.81277752   87.61540222    0.00000000    0.00000000
   13.81583309   90.80660248    0.00000000    0.00000000
   13.81916618   88.61840057    0.00000000    0.00000000
   13.82222176   82.98110199    0.00000000    0.00000000
   13.82527733   87.13120270    0.00000000    0.00000000
   13.82750034   82.34110260    0.00000000    0.00000000
   13.82833290   90.50050354    0.00000000    0.00000000
   13.83138847   82.07900238    0.00000000    0.00000000
   13.83472157   83.68589783    0.00000000    0.00000000
   13.83777714   85.94960022    0.00000000    0.00000000
   13.84083271   83.65599823    0.00000000    0.00000000
   13.84388828   80.53269958    0.00000000    0.00000000
   13.84694386   83.29429626    0.00000000    0.00000000
   13.85000038   85.74780273    0.00000000    0.00000000
   13.85249996   83.11959839    0.00000000    0.00000000
   13.85333347   89.24240112    0.00000000    0.00000000
   13.85638905   90.39099884    0.00000000    0.00000000
   13.85944462   82.02999878    0.00000000    0.00000000
   13.86250019   91.03250122    0.00000000    0.00000000
   13.86555576   93.72389984    0.00000000    0.00000000
   13.86861134   88.51560211    0.00000000    0.00000000
   13.87166691   90.24669647    0.00000000    0.00000000
   13.87500000   89.11840057    0.00000000    0.00000000
   13.87750053   93.59449768    0.00000000    0.00000000
   13.87805557   89.25009918    0.00000000    0.00000000
   13.88111115   88.84919739    0.00000000    0.00000000
   13.88416672   79.22869873    0.00000000    0.00000000
   13.88722229   85.72920227    0.00000000    0.00000000
   13.89027786   78.14489746    0.00000000    0.00000000
   13.89361095   81.21199799    0.00000000    0.00000000
   13.89666653   81.05619812    0.00000000    0.00000000
   13.89972210   84.11969757    0.00000000    0.00000000
   13.90249920   82.71240234    0.00000000    0.00000000
   13.90277767   78.68099976    0.00000000    0.00000000
   13.90583324   90.81130219    0.00000000    0.00000000
   13.90916634   80.59500122    0.00000000    0.00000000
   13.91222191   88.07969666    0.00000000    0.00000000
   13.91527748   85.19850159    0.00000000    0.00000000
   13.91833401   75.66190338    0.00000000    0.00000000
   13.92138958   84.50240326    0.00000000    0.00000000
   13.92444515   90.82620239    0.00000000    0.00000000
   13.92777824   -1.00000000    0.00000000    0.00000000
   13.93083382   79.92269897    0.00000000    0.00000000
   13.93388939   -1.00000000    0.00000000    0.00000000
   13.93694496   80.94889832    0.00000000    0.00000000
   13.94000053   80.70269775    0.00000000    0.00000000
   13.94305515   83.09680176    0.00000000    0.00000000
   13.94611073   88.02259827    0.00000000    0.00000000
   13.94944477   97.65390015    0.00000000    0.00000000
   13.95249939   99.76770020    0.00000000    0.00000000
   13.95249939  102.55599976    0.00000000    0.00000000
   13.95555496   92.26080322    0.00000000    0.00000000
   13.95861053   89.32279968    0.00000000    0.00000000
   13.96166611   89.57550049    0.00000000    0.00000000
   13.96472168  101.90200043    0.00000000    0.00000000
   13.96805477   -1.00000000    0.00000000    0.00000000
   13.97111034   -1.00000000    0.00000000    0.00000000
   13.97416592   -1.00000000    0.00000000    0.00000000
   13.97722149   -1.00000000    0.00000000    0.00000000
   13.98027706   -1.00000000    0.00000000    0.00000000
   13.98333359   -1.00000000    0.00000000    0.00000000
   13.98638916   -1.00000000    0.00000000    0.00000000
   13.98972225   -1.00000000    0.00000000    0.00000000
   13.99277782   -1.00000000    0.00000000    0.00000000
   13.99583340   -1.00000000    0.00000000    0.00000000
   13.99888897   -1.00000000    0.00000000    0.00000000
   14.00194454   -1.00000000    0.00000000    0.00000000
   14.00527763   -1.00000000    0.00000000    0.00000000
   14.00833321   -1.00000000    0.00000000    0.00000000
   14.01138878   -1.00000000    0.00000000    0.00000000
   14.01444435   -1.00000000    0.00000000    0.00000000
   14.01749992   -1.00000000    0.00000000    0.00000000
   14.02083302   -1.00000000    0.00000000    0.00000000
   14.02388859   -1.00000000    0.00000000    0.00000000
   14.02694416   -1.00000000    0.00000000    0.00000000
   14.02999973   -1.00000000    0.00000000    0.00000000
   14.03305531   -1.00000000    0.00000000    0.00000000
   14.03611183   -1.00000000    0.00000000    0.00000000
   14.03916740   -1.00000000    0.00000000    0.00000000
   14.04250050   -1.00000000    0.00000000    0.00000000
   14.04555607   -1.00000000    0.00000000    0.00000000
   14.04861164   -1.00000000    0.00000000    0.00000000
   14.05166721   -1.00000000    0.00000000    0.00000000
   14.05472279   -1.00000000    0.00000000    0.00000000
   14.05777836   -1.00000000    0.00000000    0.00000000
   14.06111145   -1.00000000    0.00000000    0.00000000
   14.06416702   -1.00000000    0.00000000    0.00000000
   14.06722260   -1.00000000    0.00000000    0.00000000
   14.07027817   -1.00000000    0.00000000    0.00000000
   14.07333374   -1.00000000    0.00000000    0.00000000
   14.07638836   -1.00000000    0.00000000    0.00000000
   14.07972240   -1.00000000    0.00000000    0.00000000
   14.08277798   -1.00000000    0.00000000    0.00000000
   14.08583260   -1.00000000    0.00000000    0.00000000
   14.08888817   -1.00000000    0.00000000    0.00000000
   14.09194374   -1.00000000    0.00000000    0.00000000
   14.09527779   -1.00000000    0.00000000    0.00000000
   14.09833336   -1.00000000    0.00000000    0.00000000
   14.10138893   -1.00000000    0.00000000    0.00000000
   14.10444450   -1.00000000    0.00000000    0.00000000
   14.10750008   -1.00000000    0.00000000    0.00000000
   14.11055565   -1.00000000    0.00000000    0.00000000
   14.11361122   -1.00000000    0.00000000    0.00000000
   14.11694431   -1.00000000    0.00000000    0.00000000
   14.11999989   -1.00000000    0.00000000    0.00000000
   14.12305546   -1.00000000    0.00000000    0.00000000
   14.12611103   -1.00000000    0.00000000    0.00000000
   14.12916660   -1.00000000    0.00000000    0.00000000
   14.13222218   -1.00000000    0.00000000    0.00000000
   14.13555527   -1.00000000    0.00000000    0.00000000
   14.13861084   -1.00000000    0.00000000    0.00000000
   14.14166641   -1.00000000    0.00000000    0.00000000
   14.14472198   -1.00000000    0.00000000    0.00000000
   14.14777756   -1.00000000    0.00000000    0.00000000
   14.15083313   -1.00000000    0.00000000    0.00000000
   14.15416622   -1.00000000    0.00000000    0.00000000
   14.15722179   -1.00000000    0.00000000    0.00000000
   14.16027737   -1.00000000    0.00000000    0.00000000
   14.16333294   -1.00000000    0.00000000    0.00000000
   14.16638851   -1.00000000    0.00000000    0.00000000
   14.16972256   -1.00000000    0.00000000    0.00000000
   14.17277813   -1.00000000    0.00000000    0.00000000
   14.17583370   -1.00000000    0.00000000    0.00000000
   14.17888927   -1.00000000    0.00000000    0.00000000
   14.18194485   -1.00000000    0.00000000    0.00000000
   14.18500042   -1.00000000    0.00000000    0.00000000
   14.18805599   -1.00000000    0.00000000    0.00000000
   14.19138908   -1.00000000    0.00000000    0.00000000
   14.19444466   -1.00000000    0.00000000    0.00000000
   14.19750023   -1.00000000    0.00000000    0.00000000
   14.20055580   -1.00000000    0.00000000    0.00000000
   14.20361137   -1.00000000    0.00000000    0.00000000
   14.20666695   -1.00000000    0.00000000    0.00000000
   14.21000004   -1.00000000    0.00000000    0.00000000
   14.21305561   -1.00000000    0.00000000    0.00000000
   14.21611118   -1.00000000    0.00000000    0.00000000
   14.21916580   -1.00000000    0.00000000    0.00000000
   14.22222137   -1.00000000    0.00000000    0.00000000
   14.22527695   -1.00000000    0.00000000    0.00000000
   14.22861099   -1.00000000    0.00000000    0.00000000
   14.23166656   -1.00000000    0.00000000    0.00000000
   14.23472214   -1.00000000    0.00000000    0.00000000
   14.23777771   -1.00000000    0.00000000    0.00000000
   14.24083328   -1.00000000    0.00000000    0.00000000
   14.24416733   -1.00000000    0.00000000    0.00000000
   14.24722290   -1.00000000    0.00000000    0.00000000
   14.25027752   -1.00000000    0.00000000    0.00000000
   14.26972198   -1.00000000    0.00000000    0.00000000
   14.27305508   -1.00000000    0.00000000    0.00000000
   14.27611065   -1.00000000    0.00000000    0.00000000
   14.27916622   -1.00000000    0.00000000    0.00000000
   14.28222179   -1.00000000    0.00000000    0.00000000
   14.28527832   -1.00000000    0.00000000    0.00000000
   14.28833389   -1.00000000    0.00000000    0.00000000
   14.29138947   -1.00000000    0.00000000    0.00000000
   14.29472256   -1.00000000    0.00000000    0.00000000
   14.29777813   -1.00000000    0.00000000    0.00000000
   14.30083370   -1.00000000    0.00000000    0.00000000
   14.30388927   -1.00000000    0.00000000    0.00000000
   14.30694485   -1.00000000    0.00000000    0.00000000
   14.31027794   -1.00000000    0.00000000    0.00000000
   14.31333351   -1.00000000    0.00000000    0.00000000
   14.31638908   -1.00000000    0.00000000    0.00000000
   14.31944466   -1.00000000    0.00000000    0.00000000
   14.32250023   -1.00000000    0.00000000    0.00000000
   14.32555580   -1.00000000    0.00000000    0.00000000
   14.32861137   -1.00000000    0.00000000    0.00000000
   14.33194447   -1.00000000    0.00000000    0.00000000
   14.33500004   -1.00000000    0.00000000    0.00000000
   14.33805561   -1.00000000    0.00000000    0.00000000
   14.34111118   -1.00000000    0.00000000    0.00000000
   14.34416676   -1.00000000    0.00000000    0.00000000
   14.34722233   -1.00000000    0.00000000    0.00000000
   14.35055637   -1.00000000    0.00000000    0.00000000
   14.35361195   -1.00000000    0.00000000    0.00000000
   14.35666752   -1.00000000    0.00000000    0.00000000
   14.35972214   -1.00000000    0.00000000    0.00000000
   14.36277771   -1.00000000    0.00000000    0.00000000
   14.36583328   -1.00000000    0.00000000    0.00000000
   14.36916637   -1.00000000    0.00000000    0.00000000
   14.37222195   -1.00000000    0.00000000    0.00000000
   14.37527752   -1.00000000    0.00000000    0.00000000
   14.37833309   -1.00000000    0.00000000    0.00000000
   14.38138866   -1.00000000    0.00000000    0.00000000
   14.38472176   -1.00000000    0.00000000    0.00000000
   14.38777733   -1.00000000    0.00000000    0.00000000
   14.39083290   -1.00000000    0.00000000    0.00000000
   14.39388847   -1.00000000    0.00000000    0.00000000
   14.39694405   -1.00000000    0.00000000    0.00000000
   14.39999962   -1.00000000    0.00000000    0.00000000
   14.40305519   -1.00000000    0.00000000    0.00000000
   14.40638828   -1.00000000    0.00000000    0.00000000
   14.40944386   -1.00000000    0.00000000    0.00000000
   14.41249943   -1.00000000    0.00000000    0.00000000
   14.41555500   -1.00000000    0.00000000    0.00000000
   14.41861153   -1.00000000    0.00000000    0.00000000
   14.42166710   -1.00000000    0.00000000    0.00000000
   14.42500019   -1.00000000    0.00000000    0.00000000
   14.42805576   -1.00000000    0.00000000    0.00000000
   14.43111134   -1.00000000    0.00000000    0.00000000
   14.43416691   -1.00000000    0.00000000    0.00000000
   14.43722248   -1.00000000    0.00000000    0.00000000
   14.44027805   -1.00000000    0.00000000    0.00000000
   14.44333363   -1.00000000    0.00000000    0.00000000
   14.44666672   -1.00000000    0.00000000    0.00000000
   14.44972229   -1.00000000    0.00000000    0.00000000
   14.45277786   -1.00000000    0.00000000    0.00000000
   14.45583344   -1.00000000    0.00000000    0.00000000
   14.45916653   -1.00000000    0.00000000    0.00000000
   14.46222210   -1.00000000    0.00000000    0.00000000
   14.46527767   -1.00000000    0.00000000    0.00000000
   14.46833324   -1.00000000    0.00000000    0.00000000
   14.47138882   -1.00000000    0.00000000    0.00000000
   14.47444439   -1.00000000    0.00000000    0.00000000
   14.47777748   -1.00000000    0.00000000    0.00000000
   14.48083305   -1.00000000    0.00000000    0.00000000
   14.48388958   -1.00000000    0.00000000    0.00000000
   14.48694515   -1.00000000    0.00000000    0.00000000
   14.49000072   -1.00000000    0.00000000    0.00000000
   14.49305534   -1.00000000    0.00000000    0.00000000
   14.49611092   -1.00000000    0.00000000    0.00000000
   14.49944496   -1.00000000    0.00000000    0.00000000
   14.50249958   -1.00000000    0.00000000    0.00000000
   14.50555515   -1.00000000    0.00000000    0.00000000
   14.50861073   -1.00000000    0.00000000    0.00000000
   14.51166630   -1.00000000    0.00000000    0.00000000
   14.51472187   -1.00000000    0.00000000    0.00000000
   14.51805496   -1.00000000    0.00000000    0.00000000
   14.52111053   -1.00000000    0.00000000    0.00000000
   14.52416611   -1.00000000    0.00000000    0.00000000
   14.52722168   -1.00000000    0.00000000    0.00000000
   14.53027725   -1.00000000    0.00000000    0.00000000
   14.53361130   -1.00000000    0.00000000    0.00000000
   14.53666687   -1.00000000    0.00000000    0.00000000
   14.53972244   -1.00000000    0.00000000    0.00000000
   14.54277802   -1.00000000    0.00000000    0.00000000
   14.54583359   -1.00000000    0.00000000    0.00000000
   14.54888916   -1.00000000    0.00000000    0.00000000
   14.55222225   -1.00000000    0.00000000    0.00000000
   14.55527782   -1.00000000    0.00000000    0.00000000
   14.55833340   -1.00000000    0.00000000    0.00000000
   14.56138897   -1.00000000    0.00000000    0.00000000
   14.56444454   -1.00000000    0.00000000    0.00000000
   14.56750011   -1.00000000    0.00000000    0.00000000
   14.57055569   -1.00000000    0.00000000    0.00000000
   14.57388878   -1.00000000    0.00000000    0.00000000
   14.57694435   -1.00000000    0.00000000    0.00000000
   14.57999992   -1.00000000    0.00000000    0.00000000
   14.58305550   -1.00000000    0.00000000    0.00000000
   14.58611107   -1.00000000    0.00000000    0.00000000
   14.58916664   -1.00000000    0.00000000    0.00000000
   14.59249973   -1.00000000    0.00000000    0.00000000
   14.59555531   -1.00000000    0.00000000    0.00000000
   14.59861088   -1.00000000    0.00000000    0.00000000
   14.60166740   -1.00000000    0.00000000    0.00000000
   14.60472298   -1.00000000    0.00000000    0.00000000
   14.60805607   -1.00000000    0.00000000    0.00000000
   14.61111164   -1.00000000    0.00000000    0.00000000
   14.61416721   -1.00000000    0.00000000    0.00000000
   14.61722279   -1.00000000    0.00000000    0.00000000
   14.62027836   -1.00000000    0.00000000    0.00000000
   14.62333393   -1.00000000    0.00000000    0.00000000
   14.62666702   -1.00000000    0.00000000    0.00000000
   14.62972260   -1.00000000    0.00000000    0.00000000
   14.63277817   -1.00000000    0.00000000    0.00000000
   14.63583279   -1.00000000    0.00000000    0.00000000
   14.63888836   -1.00000000    0.00000000    0.00000000
   14.64194393   -1.00000000    0.00000000    0.00000000
   14.64499950   -1.00000000    0.00000000    0.00000000
   14.64833355   -1.00000000    0.00000000    0.00000000
   14.65138817   -1.00000000    0.00000000    0.00000000
   14.65444374   -1.00000000    0.00000000    0.00000000
   14.65749931   -1.00000000    0.00000000    0.00000000
   14.66055489   -1.00000000    0.00000000    0.00000000
   14.66361046   -1.00000000    0.00000000    0.00000000
   14.66694450   -1.00000000    0.00000000    0.00000000
   14.67000008   -1.00000000    0.00000000    0.00000000
   14.67305565   -1.00000000    0.00000000    0.00000000
   14.67611122   -1.00000000    0.00000000    0.00000000
   14.67916679   -1.00000000    0.00000000    0.00000000
   14.68249989   -1.00000000    0.00000000    0.00000000
   14.68555546   -1.00000000    0.00000000    0.00000000
   14.68861103   -1.00000000    0.00000000    0.00000000
   14.69166660   -1.00000000    0.00000000    0.00000000
   14.69472218   -1.00000000    0.00000000    0.00000000
   14.69777775   -1.00000000    0.00000000    0.00000000
   14.70111084   -1.00000000    0.00000000    0.00000000
   14.70416641   -1.00000000    0.00000000    0.00000000
   14.70722198   -1.00000000    0.00000000    0.00000000
   14.71027756   -1.00000000    0.00000000    0.00000000
   14.71333313   -1.00000000    0.00000000    0.00000000
   14.71638870   -1.00000000    0.00000000    0.00000000
   14.71944427   -1.00000000    0.00000000    0.00000000
   14.72277737   -1.00000000    0.00000000    0.00000000
   14.72583294   -1.00000000    0.00000000    0.00000000
   14.72888851   -1.00000000    0.00000000    0.00000000
   14.73194408   -1.00000000    0.00000000    0.00000000
   14.73500061   -1.00000000    0.00000000    0.00000000
   14.73805618   -1.00000000    0.00000000    0.00000000
   14.74138927   -1.00000000    0.00000000    0.00000000
   14.74444485   -1.00000000    0.00000000    0.00000000
   14.74750042   -1.00000000    0.00000000    0.00000000
   14.75055599   -1.00000000    0.00000000    0.00000000
   14.75388908   -1.00000000    0.00000000    0.00000000
   14.75694466   -1.00000000    0.00000000    0.00000000
   14.76000023   -1.00000000    0.00000000    0.00000000
   14.76305580   -1.00000000    0.00000000    0.00000000
   14.76611137   -1.00000000    0.00000000    0.00000000
   14.76916599   -1.00000000    0.00000000    0.00000000
   14.77222157   -1.00000000    0.00000000    0.00000000
   14.77555561   -1.00000000    0.00000000    0.00000000
   14.77861118   -1.00000000    0.00000000    0.00000000
   14.78166676   -1.00000000    0.00000000    0.00000000
   14.78472233   -1.00000000    0.00000000    0.00000000
   14.78777790   -1.00000000    0.00000000    0.00000000
   14.79083347   -1.00000000    0.00000000    0.00000000
   14.79416752   -1.00000000    0.00000000    0.00000000
   14.79722309   -1.00000000    0.00000000    0.00000000
   14.80027771   -1.00000000    0.00000000    0.00000000
   14.80333328   -1.00000000    0.00000000    0.00000000
   14.80638885   -1.00000000    0.00000000    0.00000000
   14.80944443   -1.00000000    0.00000000    0.00000000
   14.81250000   -1.00000000    0.00000000    0.00000000
   14.81583309   -1.00000000    0.00000000    0.00000000
   14.81888866   -1.00000000    0.00000000    0.00000000
   14.82194424   -1.00000000    0.00000000    0.00000000
   14.82499981   -1.00000000    0.00000000    0.00000000
   14.82805538   -1.00000000    0.00000000    0.00000000
   14.83111095   -1.00000000    0.00000000    0.00000000
   14.83444405   -1.00000000    0.00000000    0.00000000
   14.83749962   -1.00000000    0.00000000    0.00000000
   14.84055519   -1.00000000    0.00000000    0.00000000
   14.84361076   -1.00000000    0.00000000    0.00000000
   14.84666634   -1.00000000    0.00000000    0.00000000
   14.85000038   -1.00000000    0.00000000    0.00000000
   14.85305595   -1.00000000    0.00000000    0.00000000
   14.85611153   -1.00000000    0.00000000    0.00000000
   14.85916710   -1.00000000    0.00000000    0.00000000
   14.86222267   -1.00000000    0.00000000    0.00000000
   14.86527824   -1.00000000    0.00000000    0.00000000
   14.86861134   -1.00000000    0.00000000    0.00000000
   14.87166691   -1.00000000    0.00000000    0.00000000
   14.87472248   -1.00000000    0.00000000    0.00000000
   14.87777805   -1.00000000    0.00000000    0.00000000
   14.88083363   -1.00000000    0.00000000    0.00000000
   14.88388920   -1.00000000    0.00000000    0.00000000
   14.88694477   -1.00000000    0.00000000    0.00000000
   14.89027786   -1.00000000    0.00000000    0.00000000
   14.89333344   -1.00000000    0.00000000    0.00000000
   14.89638901   -1.00000000    0.00000000    0.00000000
   14.89944458   -1.00000000    0.00000000    0.00000000
   14.90249920   -1.00000000    0.00000000    0.00000000
   14.90555477   -1.00000000    0.00000000    0.00000000
   14.90888882   -1.00000000    0.00000000    0.00000000
   14.91194439   -1.00000000    0.00000000    0.00000000
   14.91499996   -1.00000000    0.00000000    0.00000000
   14.91805553   -1.00000000    0.00000000    0.00000000
   14.92138958   -1.00000000    0.00000000    0.00000000
   14.92444515   -1.00000000    0.00000000    0.00000000
   14.92750072   -1.00000000    0.00000000    0.00000000
   14.93055630   -1.00000000    0.00000000    0.00000000
   14.93361092   -1.00000000    0.00000000    0.00000000
   14.93666649   -1.00000000    0.00000000    0.00000000
   14.93972206   -1.00000000    0.00000000    0.00000000
   14.94305515   -1.00000000    0.00000000    0.00000000
   14.94611073   -1.00000000    0.00000000    0.00000000
   14.94916630   -1.00000000    0.00000000    0.00000000
   14.95222187   -1.00000000    0.00000000    0.00000000
   14.95527744   -1.00000000    0.00000000    0.00000000
   14.95833302   -1.00000000    0.00000000    0.00000000
   14.96138859   -1.00000000    0.00000000    0.00000000
   14.96472168   -1.00000000    0.00000000    0.00000000
   14.96777725   -1.00000000    0.00000000    0.00000000
   14.97083282   -1.00000000    0.00000000    0.00000000
   14.97388840   -1.00000000    0.00000000    0.00000000
   14.97694397   -1.00000000    0.00000000    0.00000000
   14.97999954   -1.00000000    0.00000000    0.00000000
   14.98333359   -1.00000000    0.00000000    0.00000000
   14.98638916   -1.00000000    0.00000000    0.00000000
   14.98944473   -1.00000000    0.00000000    0.00000000
   14.99250031   -1.00000000    0.00000000    0.00000000
   14.99583340   -1.00000000    0.00000000    0.00000000
   14.99888897   -1.00000000    0.00000000    0.00000000
   15.00194454   -1.00000000    0.00000000    0.00000000
   15.00500011   -1.00000000    0.00000000    0.00000000
   15.00805569   -1.00000000    0.00000000    0.00000000
   15.01111126   -1.00000000    0.00000000    0.00000000
   15.01416683   -1.00000000    0.00000000    0.00000000
   15.01749992   -1.00000000    0.00000000    0.00000000
   15.02055550   -1.00000000    0.00000000    0.00000000
   15.02361107   -1.00000000    0.00000000    0.00000000
   15.02666664   -1.00000000    0.00000000    0.00000000
   15.02972221   -1.00000000    0.00000000    0.00000000
   15.03277779   -1.00000000    0.00000000    0.00000000
   15.03611183   -1.00000000    0.00000000    0.00000000
   15.03916740   -1.00000000    0.00000000    0.00000000
   15.04222298   -1.00000000    0.00000000    0.00000000
   15.04527855   -1.00000000    0.00000000    0.00000000
   15.04833412   -1.00000000    0.00000000    0.00000000
   15.05138874   -1.00000000    0.00000000    0.00000000
   15.05444431   -1.00000000    0.00000000    0.00000000
   15.05777836   -1.00000000    0.00000000    0.00000000
   15.06083393   82.83159637    0.00000000    0.00000000
   15.06388950   80.90260315    0.00000000    0.00000000
   15.06694412   78.36940002    0.00000000    0.00000000
   15.06916618  101.63899994    0.00000000    0.00000000
   15.07027817   85.72519684    0.00000000    0.00000000
   15.07333374   99.07839966    0.00000000    0.00000000
   15.07638836   91.17880249    0.00000000    0.00000000
   15.07944393   78.74929810    0.00000000    0.00000000
   15.08249950   93.04029846    0.00000000    0.00000000
   15.08555508   -1.00000000    0.00000000    0.00000000
   15.08861065   -1.00000000    0.00000000    0.00000000
   15.09194374   -1.00000000    0.00000000    0.00000000
   15.09499931   -1.00000000    0.00000000    0.00000000
   15.09805489   -1.00000000    0.00000000    0.00000000
   15.10111141   -1.00000000    0.00000000    0.00000000
   15.10416698   -1.00000000    0.00000000    0.00000000
   15.10722256   -1.00000000    0.00000000    0.00000000
   15.11055565   -1.00000000    0.00000000    0.00000000
   15.11361122   -1.00000000    0.00000000    0.00000000
   15.11666679   -1.00000000    0.00000000    0.00000000
   15.11972237   -1.00000000    0.00000000    0.00000000
   15.12277794   -1.00000000    0.00000000    0.00000000
   15.12583351   -1.00000000    0.00000000    0.00000000
   15.12888908   -1.00000000    0.00000000    0.00000000
   15.13222218   -1.00000000    0.00000000    0.00000000
   15.13527775   -1.00000000    0.00000000    0.00000000
   15.13833332   -1.00000000    0.00000000    0.00000000
   15.14138889   -1.00000000    0.00000000    0.00000000
   15.14472198   -1.00000000    0.00000000    0.00000000
   15.14777756   -1.00000000    0.00000000    0.00000000
   15.15083313   -1.00000000    0.00000000    0.00000000
   15.15388870   -1.00000000    0.00000000    0.00000000
   15.15694427   -1.00000000    0.00000000    0.00000000
   15.15999985   -1.00000000    0.00000000    0.00000000
   15.16305542   -1.00000000    0.00000000    0.00000000
   15.16638851   -1.00000000    0.00000000    0.00000000
   15.16944504   -1.00000000    0.00000000    0.00000000
   15.17250061   -1.00000000    0.00000000    0.00000000
   15.17555618   -1.00000000    0.00000000    0.00000000
   15.17861176   -1.00000000    0.00000000    0.00000000
   15.18166733   -1.00000000    0.00000000    0.00000000
   15.18500042   -1.00000000    0.00000000    0.00000000
   15.18805599   -1.00000000    0.00000000    0.00000000
   15.19111156   -1.00000000    0.00000000    0.00000000
   15.19416714   -1.00000000    0.00000000    0.00000000
   15.19722271   -1.00000000    0.00000000    0.00000000
   15.20027733   -1.00000000    0.00000000    0.00000000
   15.20333290   -1.00000000    0.00000000    0.00000000
   15.20666695   -1.00000000    0.00000000    0.00000000
   15.20972157   -1.00000000    0.00000000    0.00000000
   15.21277714   -1.00000000    0.00000000    0.00000000
   15.21583271   -1.00000000    0.00000000    0.00000000
   15.21888828   -1.00000000    0.00000000    0.00000000
   15.22194386   -1.00000000    0.00000000    0.00000000
   15.22527695   -1.00000000    0.00000000    0.00000000
   15.22833252   -1.00000000    0.00000000    0.00000000
   15.23138809   -1.00000000    0.00000000    0.00000000
   15.23444462   -1.00000000    0.00000000    0.00000000
   15.23750019   -1.00000000    0.00000000    0.00000000
   15.24055576   -1.00000000    0.00000000    0.00000000
   15.24361134   -1.00000000    0.00000000    0.00000000
   15.24694443   -1.00000000    0.00000000    0.00000000
   15.25000000   -1.00000000    0.00000000    0.00000000
   15.25305557   -1.00000000    0.00000000    0.00000000
   15.25611115   -1.00000000    0.00000000    0.00000000
   15.25944424   -1.00000000    0.00000000    0.00000000
   15.26249981   -1.00000000    0.00000000    0.00000000
   15.26555538   -1.00000000    0.00000000    0.00000000
   15.26861095   -1.00000000    0.00000000    0.00000000
   15.28805637   -1.00000000    0.00000000    0.00000000
   15.29138947   -1.00000000    0.00000000    0.00000000
   15.29444504   -1.00000000    0.00000000    0.00000000
   15.29750061   -1.00000000    0.00000000    0.00000000
   15.30055618   -1.00000000    0.00000000    0.00000000
   15.30361176   -1.00000000    0.00000000    0.00000000
   15.30666733   -1.00000000    0.00000000    0.00000000
   15.31000042   -1.00000000    0.00000000    0.00000000
   15.31305599   -1.00000000    0.00000000    0.00000000
   15.31611156   -1.00000000    0.00000000    0.00000000
   15.31916618   -1.00000000    0.00000000    0.00000000
   15.32222176   -1.00000000    0.00000000    0.00000000
   15.32527733   -1.00000000    0.00000000    0.00000000
   15.32861137   -1.00000000    0.00000000    0.00000000
   15.33166695   -1.00000000    0.00000000    0.00000000
   15.33472157   -1.00000000    0.00000000    0.00000000
   15.33777714   -1.00000000    0.00000000    0.00000000
   15.34083271   -1.00000000    0.00000000    0.00000000
   15.34388828   -1.00000000    0.00000000    0.00000000
   15.34722233   -1.00000000    0.00000000    0.00000000
   15.35027790   -1.00000000    0.00000000    0.00000000
   15.35333347   -1.00000000    0.00000000    0.00000000
   15.35638905   -1.00000000    0.00000000    0.00000000
   15.35944462   -1.00000000    0.00000000    0.00000000
   15.36250019   -1.00000000    0.00000000    0.00000000
   15.36555576   -1.00000000    0.00000000    0.00000000
   15.36888885   -1.00000000    0.00000000    0.00000000
   15.37194443   -1.00000000    0.00000000    0.00000000
   15.37500000   -1.00000000    0.00000000    0.00000000
   15.37805557   -1.00000000    0.00000000    0.00000000
   15.38111115   -1.00000000    0.00000000    0.00000000
   15.38416672   -1.00000000    0.00000000    0.00000000
   15.38749981   -1.00000000    0.00000000    0.00000000
   15.39055538   -1.00000000    0.00000000    0.00000000
   15.39361095   -1.00000000    0.00000000    0.00000000
   15.39666653   -1.00000000    0.00000000    0.00000000
   15.39972210   -1.00000000    0.00000000    0.00000000
   15.40305519   -1.00000000    0.00000000    0.00000000
   15.40611076   -1.00000000    0.00000000    0.00000000
   15.40916634   -1.00000000    0.00000000    0.00000000
   15.41222191   -1.00000000    0.00000000    0.00000000
   15.41527748   -1.00000000    0.00000000    0.00000000
   15.41833401   -1.00000000    0.00000000    0.00000000
   15.42166710   -1.00000000    0.00000000    0.00000000
   15.42472267   -1.00000000    0.00000000    0.00000000
   15.42777824   -1.00000000    0.00000000    0.00000000
   15.43083382   -1.00000000    0.00000000    0.00000000
   15.43388939   -1.00000000    0.00000000    0.00000000
   15.43694496   -1.00000000    0.00000000    0.00000000
   15.44000053   -1.00000000    0.00000000    0.00000000
   15.44333363   -1.00000000    0.00000000    0.00000000
   15.44638920   -1.00000000    0.00000000    0.00000000
   15.44944477   -1.00000000    0.00000000    0.00000000
   15.45249939   -1.00000000    0.00000000    0.00000000
   15.45555496   -1.00000000    0.00000000    0.00000000
   15.45861053   -1.00000000    0.00000000    0.00000000
   15.46194458   -1.00000000    0.00000000    0.00000000
   15.46500015   -1.00000000    0.00000000    0.00000000
   15.46805477   -1.00000000    0.00000000    0.00000000
   15.47111034   -1.00000000    0.00000000    0.00000000
   15.47416592   -1.00000000    0.00000000    0.00000000
   15.47749996   -1.00000000    0.00000000    0.00000000
   15.48055553   -1.00000000    0.00000000    0.00000000
   15.48361111   -1.00000000    0.00000000    0.00000000
   15.48666668   -1.00000000    0.00000000    0.00000000
   15.48972225   -1.00000000    0.00000000    0.00000000
   15.49277782   -1.00000000    0.00000000    0.00000000
   15.49611092   -1.00000000    0.00000000    0.00000000
   15.49916649   -1.00000000    0.00000000    0.00000000
   15.50222206   -1.00000000    0.00000000    0.00000000
   15.50527763   -1.00000000    0.00000000    0.00000000
   15.50833321   -1.00000000    0.00000000    0.00000000
   15.51138878   -1.00000000    0.00000000    0.00000000
   15.51444435   -1.00000000    0.00000000    0.00000000
   15.51777744   -1.00000000    0.00000000    0.00000000
   15.52083302   -1.00000000    0.00000000    0.00000000
   15.52388859   -1.00000000    0.00000000    0.00000000
   15.52694416   -1.00000000    0.00000000    0.00000000
   15.52999973   -1.00000000    0.00000000    0.00000000
   15.53305531   -1.00000000    0.00000000    0.00000000
   15.53638935   -1.00000000    0.00000000    0.00000000
   15.53944492   -1.00000000    0.00000000    0.00000000
   15.54250050   -1.00000000    0.00000000    0.00000000
   15.54555607   -1.00000000    0.00000000    0.00000000
   15.54888916   -1.00000000    0.00000000    0.00000000
   15.55194473   -1.00000000    0.00000000    0.00000000
   15.55500031   -1.00000000    0.00000000    0.00000000
   15.55805588   -1.00000000    0.00000000    0.00000000
   15.56111145   -1.00000000    0.00000000    0.00000000
   15.56416702   -1.00000000    0.00000000    0.00000000
   15.56722260   -1.00000000    0.00000000    0.00000000
   15.57055569   -1.00000000    0.00000000    0.00000000
   15.57361126   -1.00000000    0.00000000    0.00000000
   15.57666683   -1.00000000    0.00000000    0.00000000
   15.57972240   -1.00000000    0.00000000    0.00000000
   15.58277798   -1.00000000    0.00000000    0.00000000
   15.58583260   -1.00000000    0.00000000    0.00000000
   15.58916664   -1.00000000    0.00000000    0.00000000
   15.59222221   -1.00000000    0.00000000    0.00000000
   15.59527779   -1.00000000    0.00000000    0.00000000
   15.59833336   -1.00000000    0.00000000    0.00000000
   15.60138893   -1.00000000    0.00000000    0.00000000
   15.60444450   -1.00000000    0.00000000    0.00000000
   15.60750008   -1.00000000    0.00000000    0.00000000
   15.61083412   -1.00000000    0.00000000    0.00000000
   15.61388969   -1.00000000    0.00000000    0.00000000
   15.61694431   -1.00000000    0.00000000    0.00000000
   15.61999989   -1.00000000    0.00000000    0.00000000
   15.62333393   -1.00000000    0.00000000    0.00000000
   15.62638855   -1.00000000    0.00000000    0.00000000
   15.62944412   -1.00000000    0.00000000    0.00000000
   15.63249969   -1.00000000    0.00000000    0.00000000
   15.63555527   -1.00000000    0.00000000    0.00000000
   15.63861084   -1.00000000    0.00000000    0.00000000
   15.64166641   -1.00000000    0.00000000    0.00000000
   15.64499950   -1.00000000    0.00000000    0.00000000
   15.64805508   -1.00000000    0.00000000    0.00000000
   15.65111065   -1.00000000    0.00000000    0.00000000
   15.65416622   -1.00000000    0.00000000    0.00000000
   15.65722179   -1.00000000    0.00000000    0.00000000
   15.66027737   -1.00000000    0.00000000    0.00000000
   15.66361046   -1.00000000    0.00000000    0.00000000
   15.66666698   -1.00000000    0.00000000    0.00000000
   15.66972256   -1.00000000    0.00000000    0.00000000
   15.67277813   -1.00000000    0.00000000    0.00000000
   15.67583370   -1.00000000    0.00000000    0.00000000
   15.67888927   -1.00000000    0.00000000    0.00000000
   15.68194485   -1.00000000    0.00000000    0.00000000
   15.68527794   -1.00000000    0.00000000    0.00000000
   15.68833351   -1.00000000    0.00000000    0.00000000
   15.69138908   -1.00000000    0.00000000    0.00000000
   15.69444466   -1.00000000    0.00000000    0.00000000
   15.69777775   -1.00000000    0.00000000    0.00000000
   15.70083332   -1.00000000    0.00000000    0.00000000
   15.70388889   -1.00000000    0.00000000    0.00000000
   15.70694447   -1.00000000    0.00000000    0.00000000
   15.71000004   -1.00000000    0.00000000    0.00000000
   15.71305561   -1.00000000    0.00000000    0.00000000
   15.71638870   -1.00000000    0.00000000    0.00000000
   15.71944427   -1.00000000    0.00000000    0.00000000
   15.72249985   -1.00000000    0.00000000    0.00000000
   15.72555542   -1.00000000    0.00000000    0.00000000
   15.72861099   -1.00000000    0.00000000    0.00000000
   15.73166656   -1.00000000    0.00000000    0.00000000
   15.73472214   -1.00000000    0.00000000    0.00000000
   15.73805618   -1.00000000    0.00000000    0.00000000
   15.74111176   -1.00000000    0.00000000    0.00000000
   15.74416733   -1.00000000    0.00000000    0.00000000
   15.74722290   -1.00000000    0.00000000    0.00000000
   15.75027752   -1.00000000    0.00000000    0.00000000
   15.75333309   -1.00000000    0.00000000    0.00000000
   15.75666714   -1.00000000    0.00000000    0.00000000
   15.75972176   -1.00000000    0.00000000    0.00000000
   15.76277733   -1.00000000    0.00000000    0.00000000
   15.76583290   -1.00000000    0.00000000    0.00000000
   15.76888847   -1.00000000    0.00000000    0.00000000
   15.77222157   -1.00000000    0.00000000    0.00000000
   15.77527714   -1.00000000    0.00000000    0.00000000
   15.77833271   -1.00000000    0.00000000    0.00000000
   15.78138828   -1.00000000    0.00000000    0.00000000
   15.78444481   -1.00000000    0.00000000    0.00000000
   15.78750038   -1.00000000    0.00000000    0.00000000
   15.79083347   -1.00000000    0.00000000    0.00000000
   15.79388905   -1.00000000    0.00000000    0.00000000
   15.79694462   -1.00000000    0.00000000    0.00000000
   15.80000019   -1.00000000    0.00000000    0.00000000
   15.80305576   -1.00000000    0.00000000    0.00000000
   15.80611134   -1.00000000    0.00000000    0.00000000
   15.80916691   -1.00000000    0.00000000    0.00000000
   15.81250000   -1.00000000    0.00000000    0.00000000
   15.81555557   -1.00000000    0.00000000    0.00000000
   15.81861115   -1.00000000    0.00000000    0.00000000
   15.82166672   -1.00000000    0.00000000    0.00000000
   15.82472229   -1.00000000    0.00000000    0.00000000
   15.82777786   -1.00000000    0.00000000    0.00000000
   15.83111095   -1.00000000    0.00000000    0.00000000
   15.83416653   -1.00000000    0.00000000    0.00000000
   15.83722210   -1.00000000    0.00000000    0.00000000
   15.84027767   -1.00000000    0.00000000    0.00000000
   15.84333324   -1.00000000    0.00000000    0.00000000
   15.84666634   -1.00000000    0.00000000    0.00000000
   15.84972191   -1.00000000    0.00000000    0.00000000
   15.85277843   -1.00000000    0.00000000    0.00000000
   15.85583401   -1.00000000    0.00000000    0.00000000
   15.85888958   -1.00000000    0.00000000    0.00000000
   15.86194515   -1.00000000    0.00000000    0.00000000
   15.86527824   -1.00000000    0.00000000    0.00000000
   15.86833382   -1.00000000    0.00000000    0.00000000
   15.87138939   -1.00000000    0.00000000    0.00000000
   15.87444496   -1.00000000    0.00000000    0.00000000
   15.87750053   -1.00000000    0.00000000    0.00000000
   15.88055611   -1.00000000    0.00000000    0.00000000
   15.88361073   -1.00000000    0.00000000    0.00000000
   15.88694477   -1.00000000    0.00000000    0.00000000
   15.89000034   -1.00000000    0.00000000    0.00000000
   15.89305496   -1.00000000    0.00000000    0.00000000
   15.89611053   -1.00000000    0.00000000    0.00000000
   15.89916611   -1.00000000    0.00000000    0.00000000
   15.90222168   -1.00000000    0.00000000    0.00000000
   15.90555477   -1.00000000    0.00000000    0.00000000
   15.90861034   -1.00000000    0.00000000    0.00000000
   15.91166592   -1.00000000    0.00000000    0.00000000
   15.91472149   -1.00000000    0.00000000    0.00000000
   15.91777802   -1.00000000    0.00000000    0.00000000
   15.92111111   -1.00000000    0.00000000    0.00000000
   15.92416668   -1.00000000    0.00000000    0.00000000
   15.98750019   -1.00000000   -1.00000000   -1.00000000
   15.99166679   -1.00000000   -1.00000000   -1.00000000
