    HOUR (UT)   FLARE FACTOR    SKY TESTER    SUN TESTER
   11.07805538   -1.00000000   -1.00000000   -1.00000000
   11.09805489  103.32499695    0.00000000    0.00000000
   11.10333347   98.19159698    0.00000000    0.00000000
   11.10638905  106.53600311    0.00000000    0.00000000
   11.21333313   -1.00000000   -1.00000000   -1.00000000
   11.34222221   84.87519836    0.00000000    0.00000000
   11.34555531   98.65249634    0.00000000    0.00000000
   11.34861088   91.02870178    0.00000000    0.00000000
   11.35166740   94.86949921    0.00000000    0.00000000
   11.35472298   87.87830353    0.00000000    0.00000000
   11.35805607   89.05419922    0.00000000    0.00000000
   11.36111164   98.20359802    0.00000000    0.00000000
   11.36416721   87.26529694    0.00000000    0.00000000
   11.36722279   92.95279694    0.00000000    0.00000000
   11.36750031   92.47270203    0.00000000    0.00000000
   11.37083340   98.76180267    0.00000000    0.00000000
   11.37388897   91.35739899    0.00000000    0.00000000
   11.37694454  103.91500092    0.00000000    0.00000000
   11.38000011   98.96829987    0.00000000    0.00000000
   11.38333321  100.89099884    0.00000000    0.00000000
   11.38638878   87.35160065    0.00000000    0.00000000
   11.38944435   94.55390167    0.00000000    0.00000000
   11.39222240   99.22799683    0.00000000    0.00000000
   11.39277744   93.84709930    0.00000000    0.00000000
   11.39611053   95.84079742    0.00000000    0.00000000
   11.39916611   93.58840179    0.00000000    0.00000000
   11.40222168   91.97760010    0.00000000    0.00000000
   11.40527725   96.83409882    0.00000000    0.00000000
   11.40861034   96.43370056    0.00000000    0.00000000
   11.41166592   97.90219879    0.00000000    0.00000000
   11.41472149   99.30030060    0.00000000    0.00000000
   11.41722298  100.02700043    0.00000000    0.00000000
   11.41805553   95.57820129    0.00000000    0.00000000
   11.42138958   92.41590118    0.00000000    0.00000000
   11.42444515   93.86190033    0.00000000    0.00000000
   11.42750072   93.37349701    0.00000000    0.00000000
   11.43083382   92.28790283    0.00000000    0.00000000
   11.43388939  101.74400330    0.00000000    0.00000000
   11.43694496   93.25620270    0.00000000    0.00000000
   11.44000053   93.55039978    0.00000000    0.00000000
   11.44222260   89.15979767    0.00000000    0.00000000
   11.44333363   88.88860321    0.00000000    0.00000000
   11.44666672   87.86129761    0.00000000    0.00000000
   11.44972229   91.02989960    0.00000000    0.00000000
   11.45277786   87.60009766    0.00000000    0.00000000
   11.45611095   92.68710327    0.00000000    0.00000000
   11.45916653   93.44989777    0.00000000    0.00000000
   11.46222210   86.46320343    0.00000000    0.00000000
   11.46527767   98.98930359    0.00000000    0.00000000
   11.46722221   92.03790283    0.00000000    0.00000000
   11.46888828   90.20970154    0.00000000    0.00000000
   11.47194386   96.60839844    0.00000000    0.00000000
   11.47499943   92.62570190    0.00000000    0.00000000
   11.47805500   93.42299652    0.00000000    0.00000000
   11.48138809   86.22119904    0.00000000    0.00000000
   11.48444462   90.60389709    0.00000000    0.00000000
   11.48750019   91.56680298    0.00000000    0.00000000
   11.49055576   90.10630035    0.00000000    0.00000000
   11.49222279   87.99359894    0.00000000    0.00000000
   11.49416733   97.93579865    0.00000000    0.00000000
   11.49722290   93.32910156    0.00000000    0.00000000
   11.50027752  103.79299927    0.00000000    0.00000000
   11.50333309   92.75669861    0.00000000    0.00000000
   11.50666714   91.63819885    0.00000000    0.00000000
   11.50972176   95.23739624    0.00000000    0.00000000
   11.51277733   89.85040283    0.00000000    0.00000000
   11.51611137   90.38649750    0.00000000    0.00000000
   11.51722240   90.17710114    0.00000000    0.00000000
   11.51944447   94.61930084    0.00000000    0.00000000
   11.52250004   91.08619690    0.00000000    0.00000000
   11.52555561   86.21369934    0.00000000    0.00000000
   11.52861118   85.49890137    0.00000000    0.00000000
   11.53194427   87.17669678    0.00000000    0.00000000
   11.53500080   88.03379822    0.00000000    0.00000000
   11.53805637   93.22540283    0.00000000    0.00000000
   11.54111195   93.26969910    0.00000000    0.00000000
   11.54222298   89.39559937    0.00000000    0.00000000
   11.54472256   94.73149872    0.00000000    0.00000000
   11.54777813   92.10820007    0.00000000    0.00000000
   11.55083370   94.15720367    0.00000000    0.00000000
   11.55388927   89.19809723    0.00000000    0.00000000
   11.55722237   86.63539886    0.00000000    0.00000000
   11.56027794   91.47309875    0.00000000    0.00000000
   11.56333351   87.73549652    0.00000000    0.00000000
   11.56638908   90.56809998    0.00000000    0.00000000
   11.56722260   85.72650146    0.00000000    0.00000000
   11.56999969   90.99259949    0.00000000    0.00000000
   11.57305527   87.92449951    0.00000000    0.00000000
   11.57611084   87.57610321    0.00000000    0.00000000
   11.57916641   92.47730255    0.00000000    0.00000000
   11.58249950   82.26999664    0.00000000    0.00000000
   11.58555508   87.32399750    0.00000000    0.00000000
   11.58861065   86.23040009    0.00000000    0.00000000
   11.59194374   88.14070129    0.00000000    0.00000000
   11.59222221   91.84860229    0.00000000    0.00000000
   11.59527779   87.91850281    0.00000000    0.00000000
   11.59833336   85.41249847    0.00000000    0.00000000
   11.60138893   89.51930237    0.00000000    0.00000000
   11.60444450   85.23919678    0.00000000    0.00000000
   11.60777855   86.06479645    0.00000000    0.00000000
   11.61083412   87.03849792    0.00000000    0.00000000
   11.61388969   88.23079681    0.00000000    0.00000000
   11.61722279   89.19470215    0.00000000    0.00000000
   11.61750031   92.55100250    0.00000000    0.00000000
   11.62055588   86.41220093    0.00000000    0.00000000
   11.62361145   89.26329803    0.00000000    0.00000000
   11.62694454   87.07929993    0.00000000    0.00000000
   11.63000011   84.38259888    0.00000000    0.00000000
   11.63305569   84.31140137    0.00000000    0.00000000
   11.63611126   92.52320099    0.00000000    0.00000000
   11.63944435   81.57599640    0.00000000    0.00000000
   11.64249992   81.90249634    0.00000000    0.00000000
   11.64277744   84.26200104    0.00000000    0.00000000
   11.64583302   85.56420135    0.00000000    0.00000000
   11.64888859   88.94380188    0.00000000    0.00000000
   11.65222168   90.09320068    0.00000000    0.00000000
   11.65527725   88.43209839    0.00000000    0.00000000
   11.65833282   87.63110352    0.00000000    0.00000000
   11.66166592   85.10659790    0.00000000    0.00000000
   11.66472149   83.40080261    0.00000000    0.00000000
   11.66750050   92.26170349    0.00000000    0.00000000
   11.66805553   83.97579956    0.00000000    0.00000000
   11.67111111   92.08869934    0.00000000    0.00000000
   11.67444515   87.70339966    0.00000000    0.00000000
   11.67750072   86.55180359    0.00000000    0.00000000
   11.68055630   82.40470123    0.00000000    0.00000000
   11.68361092   84.06430054    0.00000000    0.00000000
   11.68694496   91.10820007    0.00000000    0.00000000
   11.69000053   92.42289734    0.00000000    0.00000000
   11.69250011   88.92340088    0.00000000    0.00000000
   11.69333363   88.26699829    0.00000000    0.00000000
   11.69638920   88.94080353    0.00000000    0.00000000
   11.69972229   86.37270355    0.00000000    0.00000000
   11.70277786   86.75550079    0.00000000    0.00000000
   11.70583344   89.67639923    0.00000000    0.00000000
   11.70888901   90.37819672    0.00000000    0.00000000
   11.71222210   94.12000275    0.00000000    0.00000000
   11.71527767   90.02210236    0.00000000    0.00000000
   11.71749973   88.51270294    0.00000000    0.00000000
   11.71861076   86.10800171    0.00000000    0.00000000
   11.72166634   84.32129669    0.00000000    0.00000000
   11.72499943   81.87419891    0.00000000    0.00000000
   11.72805500   85.88659668    0.00000000    0.00000000
   11.73111057   82.63449860    0.00000000    0.00000000
   11.73416710   86.48139954    0.00000000    0.00000000
   11.73750019   90.19069672    0.00000000    0.00000000
   11.74055576   84.90989685    0.00000000    0.00000000
   11.74250031   84.00920105    0.00000000    0.00000000
   11.74388885   84.07879639    0.00000000    0.00000000
   11.74694443   84.96980286    0.00000000    0.00000000
   11.75027752   88.27059937    0.00000000    0.00000000
   11.75333309   89.44069672    0.00000000    0.00000000
   11.75638866   82.30319977    0.00000000    0.00000000
   11.75944424   86.20200348    0.00000000    0.00000000
   11.76277733   83.85089874    0.00000000    0.00000000
   11.76583290   81.88330078    0.00000000    0.00000000
   11.76749992   83.64689636    0.00000000    0.00000000
   11.76916599   86.46489716    0.00000000    0.00000000
   11.77222157   85.22630310    0.00000000    0.00000000
   11.77555561   83.63970184    0.00000000    0.00000000
   11.77861118   86.44239807    0.00000000    0.00000000
   11.78166676   91.40560150    0.00000000    0.00000000
   11.78472233   86.84149933    0.00000000    0.00000000
   11.78805637   90.42610168    0.00000000    0.00000000
   11.79111195   87.55280304    0.00000000    0.00000000
   11.79250050   84.12200165    0.00000000    0.00000000
   11.79444504   88.28549957    0.00000000    0.00000000
   11.79750061   86.51319885    0.00000000    0.00000000
   11.80083370   85.32630157    0.00000000    0.00000000
   11.80388927   85.13020325    0.00000000    0.00000000
   11.80694485   82.72319794    0.00000000    0.00000000
   11.81000042   87.33470154    0.00000000    0.00000000
   11.81333351   85.24379730    0.00000000    0.00000000
   11.81638908   89.72789764    0.00000000    0.00000000
   11.81750011   92.00009918    0.00000000    0.00000000
   11.81972218   89.83830261    0.00000000    0.00000000
   11.82277775   90.13749695    0.00000000    0.00000000
   11.82611084   86.73770142    0.00000000    0.00000000
   11.82916641   86.18119812    0.00000000    0.00000000
   11.83222198   90.84780121    0.00000000    0.00000000
   11.83555508   85.11820221    0.00000000    0.00000000
   11.83861065   86.99040222    0.00000000    0.00000000
   11.84166622   87.50910187    0.00000000    0.00000000
   11.84249973   86.48539734    0.00000000    0.00000000
   11.84499931   85.46710205    0.00000000    0.00000000
   11.84805489   94.89869690    0.00000000    0.00000000
   11.85138893   86.47570038    0.00000000    0.00000000
   11.85444450   91.31729889    0.00000000    0.00000000
   11.85750008   88.08399963    0.00000000    0.00000000
   11.86083412   88.83059692    0.00000000    0.00000000
   11.86388969   87.19750214    0.00000000    0.00000000
   11.86694431   88.35489655    0.00000000    0.00000000
   11.86750031   91.27570343    0.00000000    0.00000000
   11.87027836   88.36229706    0.00000000    0.00000000
   11.87333393   89.34709930    0.00000000    0.00000000
   11.87666702   86.06449890    0.00000000    0.00000000
   11.87972260   82.17289734    0.00000000    0.00000000
   11.88277817   81.92510223    0.00000000    0.00000000
   11.88611126   88.24539948    0.00000000    0.00000000
   11.88916683   85.66999817    0.00000000    0.00000000
   11.89222240   84.23149872    0.00000000    0.00000000
   11.89249992   83.80680084    0.00000000    0.00000000
   11.89583302   88.14189911    0.00000000    0.00000000
   11.89888859   85.70320129    0.00000000    0.00000000
   11.90194416   84.99210358    0.00000000    0.00000000
   11.90499973   80.81359863    0.00000000    0.00000000
   11.90833282   89.95359802    0.00000000    0.00000000
   11.91138840   88.01589966    0.00000000    0.00000000
   11.91444397   83.05500031    0.00000000    0.00000000
   11.91750050   87.11920166    0.00000000    0.00000000
   11.91805553   85.85019684    0.00000000    0.00000000
   11.92111111   88.32299805    0.00000000    0.00000000
   11.92416668   88.75540161    0.00000000    0.00000000
   11.92722225   89.03759766    0.00000000    0.00000000
   11.93055630   88.80410004    0.00000000    0.00000000
   11.93361092   87.23280334    0.00000000    0.00000000
   11.93666649   87.65219879    0.00000000    0.00000000
   11.93972206   89.82540131    0.00000000    0.00000000
   11.94250011   84.95240021    0.00000000    0.00000000
   11.94333363   81.92720032    0.00000000    0.00000000
   11.94638920   85.53710175    0.00000000    0.00000000
   11.94944477   85.02369690    0.00000000    0.00000000
   11.95249939   83.35179901    0.00000000    0.00000000
   11.95583344   94.47160339    0.00000000    0.00000000
   11.95888901   88.55639648    0.00000000    0.00000000
   11.96194458   94.03780365    0.00000000    0.00000000
   11.96500015   84.36669922    0.00000000    0.00000000
   11.96749973   87.79139709    0.00000000    0.00000000
   11.96861076   86.20200348    0.00000000    0.00000000
   11.97166634   85.42729950    0.00000000    0.00000000
   11.97472191   81.45200348    0.00000000    0.00000000
   11.97777748   81.60410309    0.00000000    0.00000000
   11.98111057   89.87380219    0.00000000    0.00000000
   11.98416710   86.41480255    0.00000000    0.00000000
   11.98722267   83.61620331    0.00000000    0.00000000
   11.99055576   82.80629730    0.00000000    0.00000000
   11.99250031   83.37049866    0.00000000    0.00000000
   11.99388885   86.02400208    0.00000000    0.00000000
   11.99694443   82.80259705    0.00000000    0.00000000
   12.00000000   86.75319672    0.00000000    0.00000000
   12.00305557   90.56079865    0.00000000    0.00000000
   12.00638866   85.78890228    0.00000000    0.00000000
   12.00944424   93.86689758    0.00000000    0.00000000
   12.01249981   86.15989685    0.00000000    0.00000000
   12.01583290   86.32980347    0.00000000    0.00000000
   12.01749992   88.77570343    0.00000000    0.00000000
   12.01916599   92.52880096    0.00000000    0.00000000
   12.02222157   85.03890228    0.00000000    0.00000000
   12.02527714   84.75949860    0.00000000    0.00000000
   12.02833271   79.49949646    0.00000000    0.00000000
   12.03166676   88.64270020    0.00000000    0.00000000
   12.03472233   86.49160004    0.00000000    0.00000000
   12.03777790   88.29699707    0.00000000    0.00000000
   12.04111195   87.21569824    0.00000000    0.00000000
   12.04250050   84.72070313    0.00000000    0.00000000
   12.04444504   86.61070251    0.00000000    0.00000000
   12.04750061   88.46499634    0.00000000    0.00000000
   12.05055618   87.79509735    0.00000000    0.00000000
   12.05388927   80.17929840    0.00000000    0.00000000
   12.05694485   85.81330109    0.00000000    0.00000000
   12.06000042   81.96230316    0.00000000    0.00000000
   12.06305599   84.38110352    0.00000000    0.00000000
   12.06638908   85.35720062    0.00000000    0.00000000
   12.06750011   86.60350037    0.00000000    0.00000000
   12.06972218   91.36229706    0.00000000    0.00000000
   12.07277775   87.13179779    0.00000000    0.00000000
   12.07583332   90.34919739    0.00000000    0.00000000
   12.07916641   83.99279785    0.00000000    0.00000000
   12.08222198   89.34929657    0.00000000    0.00000000
   12.08527756   85.99469757    0.00000000    0.00000000
   12.08833313   83.04699707    0.00000000    0.00000000
   12.09166622   88.92009735    0.00000000    0.00000000
   12.09249973   84.26300049    0.00000000    0.00000000
   12.09499931   87.34660339    0.00000000    0.00000000
   12.09805489   88.29930115    0.00000000    0.00000000
   12.10111141   87.03929901    0.00000000    0.00000000
   12.10416698   87.74130249    0.00000000    0.00000000
   12.10750008   86.03109741    0.00000000    0.00000000
   12.11055565   90.25489807    0.00000000    0.00000000
   12.11361122   88.50489807    0.00000000    0.00000000
   12.11694431   87.01280212    0.00000000    0.00000000
   12.11750031   85.19210052    0.00000000    0.00000000
   12.12027836   91.36239624    0.00000000    0.00000000
   12.12333393   88.83139801    0.00000000    0.00000000
   12.12638855   84.43129730    0.00000000    0.00000000
   12.12972260   85.52410126    0.00000000    0.00000000
   12.13277817   84.16560364    0.00000000    0.00000000
   12.13583279   92.04350281    0.00000000    0.00000000
   12.13888836   84.68070221    0.00000000    0.00000000
   12.14222240   83.16139984    0.00000000    0.00000000
   12.14249992   83.06060028    0.00000000    0.00000000
   12.14555550   81.29989624    0.00000000    0.00000000
   12.14861107   85.71600342    0.00000000    0.00000000
   12.15166664   83.83260345    0.00000000    0.00000000
   12.15499973   86.82910156    0.00000000    0.00000000
   12.15805531   80.96730042    0.00000000    0.00000000
   12.16111088   83.76210022    0.00000000    0.00000000
   12.16416645   84.22630310    0.00000000    0.00000000
   12.16750050   83.24949646    0.00000000    0.00000000
   12.16777802   81.02130127    0.00000000    0.00000000
   12.17083359   83.64240265    0.00000000    0.00000000
   12.17416668   88.27179718    0.00000000    0.00000000
   12.17722225   80.82180023    0.00000000    0.00000000
   12.18027782   81.83260345    0.00000000    0.00000000
   12.18333340   86.45919800    0.00000000    0.00000000
   12.18666649   84.86039734    0.00000000    0.00000000
   12.18972206   86.86479950    0.00000000    0.00000000
   12.19277763   86.91719818    0.00000000    0.00000000
   12.19305515   84.13729858    0.00000000    0.00000000
   12.19611073   83.91100311    0.00000000    0.00000000
   12.19944477   85.15720367    0.00000000    0.00000000
   12.20249939   84.19439697    0.00000000    0.00000000
   12.20555496   84.86180115    0.00000000    0.00000000
   12.20861053   86.73470306    0.00000000    0.00000000
   12.21194458   84.28119659    0.00000000    0.00000000
   12.21500015   84.11450195    0.00000000    0.00000000
   12.21777725   82.19329834    0.00000000    0.00000000
   12.21833324   83.15339661    0.00000000    0.00000000
   12.22138882   83.78869629    0.00000000    0.00000000
   12.22472191   81.31040192    0.00000000    0.00000000
   12.22777748   82.18740082    0.00000000    0.00000000
   12.23083305   85.43540192    0.00000000    0.00000000
   12.23388958   80.75710297    0.00000000    0.00000000
   12.23722267   85.15399933    0.00000000    0.00000000
   12.24027824   82.95939636    0.00000000    0.00000000
   12.24277782   85.80390167    0.00000000    0.00000000
   12.24361134   79.95749664    0.00000000    0.00000000
   12.24666691   82.66809845    0.00000000    0.00000000
   12.25000000   81.42299652    0.00000000    0.00000000
   12.25305557   79.85790253    0.00000000    0.00000000
   12.25611115   81.84100342    0.00000000    0.00000000
   12.25916672   81.51300049    0.00000000    0.00000000
   12.26249981   80.46379852    0.00000000    0.00000000
   12.26555538   83.94779968    0.00000000    0.00000000
   12.26777744   86.23950195    0.00000000    0.00000000
   12.26888847   83.75099945    0.00000000    0.00000000
   12.27194405   80.19309998    0.00000000    0.00000000
   12.27527714   83.35199738    0.00000000    0.00000000
   12.27833271   85.61039734    0.00000000    0.00000000
   12.28138828   85.39730072    0.00000000    0.00000000
   12.28444481   87.24040222    0.00000000    0.00000000
   12.28777790   88.10849762    0.00000000    0.00000000
   12.29083347   92.37539673    0.00000000    0.00000000
   12.29277802   86.72769928    0.00000000    0.00000000
   12.29416752   83.69860077    0.00000000    0.00000000
   12.29722309   87.06060028    0.00000000    0.00000000
   12.30055618   92.67459869    0.00000000    0.00000000
   12.30361176   85.76399994    0.00000000    0.00000000
   12.30666733   80.64540100    0.00000000    0.00000000
   12.31000042   78.32790375    0.00000000    0.00000000
   12.31305599   81.64589691    0.00000000    0.00000000
   12.31611156   87.76000214    0.00000000    0.00000000
   12.31777763   80.28659821    0.00000000    0.00000000
   12.31944466   88.01290131    0.00000000    0.00000000
   12.32250023   93.98110199    0.00000000    0.00000000
   12.32583332   84.00469971    0.00000000    0.00000000
   12.32888889   83.88420105    0.00000000    0.00000000
   12.33194447   78.99449921    0.00000000    0.00000000
   12.33527756   81.03500366    0.00000000    0.00000000
   12.33833313   82.01170349    0.00000000    0.00000000
   12.34138870   86.35169983    0.00000000    0.00000000
   12.35916710   87.69770050    0.00000000    0.00000000
   12.36111164   85.29060364    0.00000000    0.00000000
   12.36416721   81.46970367    0.00000000    0.00000000
   12.36722279   82.81490326    0.00000000    0.00000000
   12.37055588   89.92040253    0.00000000    0.00000000
   12.37361145   90.09989929    0.00000000    0.00000000
   12.37666702   85.61519623    0.00000000    0.00000000
   12.37972260   80.69470215    0.00000000    0.00000000
   12.38305569   85.39379883    0.00000000    0.00000000
   12.38388920   83.18710327    0.00000000    0.00000000
   12.38611126   84.40190125    0.00000000    0.00000000
   12.38944435   83.50769806    0.00000000    0.00000000
   12.39249992   84.52649689    0.00000000    0.00000000
   12.39555550   81.24310303    0.00000000    0.00000000
   12.39888859   86.64669800    0.00000000    0.00000000
   12.40194416   82.01930237    0.00000000    0.00000000
   12.40499973   87.92929840    0.00000000    0.00000000
   12.40805531   81.42559814    0.00000000    0.00000000
   12.40888882   81.53220367    0.00000000    0.00000000
   12.41166592   84.01000214    0.00000000    0.00000000
   12.41472149   85.87139893    0.00000000    0.00000000
   12.41777802   84.30729675    0.00000000    0.00000000
   12.42083359   84.65850067    0.00000000    0.00000000
   12.42416668   77.84410095    0.00000000    0.00000000
   12.42722225   83.04499817    0.00000000    0.00000000
   12.43027782   86.97589874    0.00000000    0.00000000
   12.43333340   79.40889740    0.00000000    0.00000000
   12.43388939   83.26380157    0.00000000    0.00000000
   12.43694496   81.80110168    0.00000000    0.00000000
   12.44000053   80.77320099    0.00000000    0.00000000
   12.44305515   87.56629944    0.00000000    0.00000000
   12.44611073   84.20549774    0.00000000    0.00000000
   12.44944477   87.85700226    0.00000000    0.00000000
   12.45249939   84.42839813    0.00000000    0.00000000
   12.45555496   82.98549652    0.00000000    0.00000000
   12.45888901   89.65059662    0.00000000    0.00000000
   12.45916653   85.24340057    0.00000000    0.00000000
   12.46222210   88.16909790    0.00000000    0.00000000
   12.46527767   88.38279724    0.00000000    0.00000000
   12.46861076   79.38619995    0.00000000    0.00000000
   12.47166634   78.62319946    0.00000000    0.00000000
   12.47472191   82.41390228    0.00000000    0.00000000
   12.47777748   83.21189880    0.00000000    0.00000000
   12.48111057   87.27660370    0.00000000    0.00000000
   12.48416710   93.84300232    0.00000000    0.00000000
   12.48444462   84.69259644    0.00000000    0.00000000
   12.48750019   87.75309753    0.00000000    0.00000000
   12.49055576   89.42800140    0.00000000    0.00000000
   12.49388885   79.86810303    0.00000000    0.00000000
   12.49694443   83.71450043    0.00000000    0.00000000
   12.50000000   82.60649872    0.00000000    0.00000000
   12.50333309   80.25890350    0.00000000    0.00000000
   12.50638866   87.12370300    0.00000000    0.00000000
   12.50916672   80.98919678    0.00000000    0.00000000
   12.50972176   81.69920349    0.00000000    0.00000000
   12.51277733   86.73410034    0.00000000    0.00000000
   12.51611137   82.81469727    0.00000000    0.00000000
   12.51916599   82.94259644    0.00000000    0.00000000
   12.52222157   82.62760162    0.00000000    0.00000000
   12.52527714   81.34390259    0.00000000    0.00000000
   12.52861118   88.37740326    0.00000000    0.00000000
   12.53166676   80.20659637    0.00000000    0.00000000
   12.53416729   83.45230103    0.00000000    0.00000000
   12.53500080   80.03130341    0.00000000    0.00000000
   12.53805637   83.82099915    0.00000000    0.00000000
   12.54111195   79.06349945    0.00000000    0.00000000
   12.54444504   81.01750183    0.00000000    0.00000000
   12.54750061   84.69390106    0.00000000    0.00000000
   12.55055618   84.69490051    0.00000000    0.00000000
   12.55388927   83.47619629    0.00000000    0.00000000
   12.55694485   85.23200226    0.00000000    0.00000000
   12.55916691   89.12760162    0.00000000    0.00000000
   12.56027794   83.81099701    0.00000000    0.00000000
   12.56333351   82.37280273    0.00000000    0.00000000
   12.56638908   85.99680328    0.00000000    0.00000000
   12.56972218   86.55590057    0.00000000    0.00000000
   12.57277775   84.70200348    0.00000000    0.00000000
   12.57583332   83.05090332    0.00000000    0.00000000
   12.57916641   84.68569946    0.00000000    0.00000000
   12.58222198   86.25779724    0.00000000    0.00000000
   12.58416653   82.61869812    0.00000000    0.00000000
   12.58555508   82.60710144    0.00000000    0.00000000
   12.58861065   83.37509918    0.00000000    0.00000000
   12.59194374   81.40290070    0.00000000    0.00000000
   12.59499931   81.45010376    0.00000000    0.00000000
   12.59805489   82.41310120    0.00000000    0.00000000
   12.60111141   83.64800262    0.00000000    0.00000000
   12.60444450   83.69470215    0.00000000    0.00000000
   12.60750008   81.86730194    0.00000000    0.00000000
   12.60916710   86.31430054    0.00000000    0.00000000
   12.61083412   84.60749817    0.00000000    0.00000000
   12.61388969   88.74610138    0.00000000    0.00000000
   12.61722279   86.59700012    0.00000000    0.00000000
   12.62027836   87.00080109    0.00000000    0.00000000
   12.62333393   84.54380035    0.00000000    0.00000000
   12.62666702   85.36209869    0.00000000    0.00000000
   12.62972260   82.42720032    0.00000000    0.00000000
   12.63277817   88.49659729    0.00000000    0.00000000
   12.63416672   82.48889923    0.00000000    0.00000000
   12.63611126   85.17900085    0.00000000    0.00000000
   12.63916683   93.33999634    0.00000000    0.00000000
   12.64249992   81.86569977    0.00000000    0.00000000
   12.64555550   84.12909698    0.00000000    0.00000000
   12.64861107   85.49130249    0.00000000    0.00000000
   12.65166664   86.72219849    0.00000000    0.00000000
   12.65499973   86.60420227    0.00000000    0.00000000
   12.65805531   88.99960327    0.00000000    0.00000000
   12.65916634   85.33979797    0.00000000    0.00000000
   12.66138840   82.91649628    0.00000000    0.00000000
   12.66444397   91.33889771    0.00000000    0.00000000
   12.66777802   84.63610077    0.00000000    0.00000000
   12.67083359   85.25859833    0.00000000    0.00000000
   12.67388916   84.09400177    0.00000000    0.00000000
   12.67694473   84.16020203    0.00000000    0.00000000
   12.68027782   81.89279938    0.00000000    0.00000000
   12.68333340   85.98339844    0.00000000    0.00000000
   12.68416691   91.71779633    0.00000000    0.00000000
   12.68666649   83.04039764    0.00000000    0.00000000
   12.68972206   83.72630310    0.00000000    0.00000000
   12.69305515   84.91239929    0.00000000    0.00000000
   12.69611073   90.28189850    0.00000000    0.00000000
   12.69916630   92.62110138    0.00000000    0.00000000
   12.70222187   87.86100006    0.00000000    0.00000000
   12.70555496   83.72339630    0.00000000    0.00000000
   12.70861053   80.63700104    0.00000000    0.00000000
   12.70916653   86.69490051    0.00000000    0.00000000
   12.71194458   83.84339905    0.00000000    0.00000000
   12.71500015   80.40489960    0.00000000    0.00000000
   12.71833324   87.47730255    0.00000000    0.00000000
   12.72138882   86.28330231    0.00000000    0.00000000
   12.72444439   85.45320129    0.00000000    0.00000000
   12.72749996   83.93990326    0.00000000    0.00000000
   12.73083305   82.98370361    0.00000000    0.00000000
   12.73388958   82.54489899    0.00000000    0.00000000
   12.73416710   84.06040192    0.00000000    0.00000000
   12.73750019   84.35410309    0.00000000    0.00000000
   12.74055576   81.12770081    0.00000000    0.00000000
   12.74361134   84.14009857    0.00000000    0.00000000
   12.74666691   88.39119720    0.00000000    0.00000000
   12.75000000   81.61090088    0.00000000    0.00000000
   12.75305557   84.53399658    0.00000000    0.00000000
   12.75611115   84.50959778    0.00000000    0.00000000
   12.75916672   91.97429657    0.00000000    0.00000000
   12.75944424   84.15869904    0.00000000    0.00000000
   12.76277733   87.80580139    0.00000000    0.00000000
   12.76583290   85.29900360    0.00000000    0.00000000
   12.77138901   81.45099640    0.00000000    0.00000000
   12.77444458   81.73500061    0.00000000    0.00000000
   12.77777767   82.55670166    0.00000000    0.00000000
   12.78083324   80.93849945    0.00000000    0.00000000
   12.78416729   86.13939667    0.00000000    0.00000000
   12.78444481   80.69409943    0.00000000    0.00000000
   12.78777790   86.26429749    0.00000000    0.00000000
   12.79083347   82.96240234    0.00000000    0.00000000
   12.79388905   78.40769958    0.00000000    0.00000000
   12.79722309   78.92649841    0.00000000    0.00000000
   12.80027771   83.38749695    0.00000000    0.00000000
   12.80333328   77.94809723    0.00000000    0.00000000
   12.80638885   80.59010315    0.00000000    0.00000000
   12.80916691   82.92949677    0.00000000    0.00000000
   12.80972195   84.94889832    0.00000000    0.00000000
   12.81305599   79.02539825    0.00000000    0.00000000
   12.81611156   80.40139771    0.00000000    0.00000000
   12.81916618   80.19599915    0.00000000    0.00000000
   12.82222176   82.86209869    0.00000000    0.00000000
   12.82555580   83.57710266    0.00000000    0.00000000
   12.82861137   82.24410248    0.00000000    0.00000000
   12.83166695   82.72899628    0.00000000    0.00000000
   12.83416653   83.89350128    0.00000000    0.00000000
   12.83500004   81.61740112    0.00000000    0.00000000
   12.83833313   81.62799835    0.00000000    0.00000000
   12.84138870   79.84449768    0.00000000    0.00000000
   12.84444427   83.24440002    0.00000000    0.00000000
   12.84861088   86.01210022    0.00000000    0.00000000
   12.85472298   80.23709869    0.00000000    0.00000000
   12.85777855   80.75150299    0.00000000    0.00000000
   12.85916710   80.06990051    0.00000000    0.00000000
   12.86138916   78.81610107    0.00000000    0.00000000
   12.86444473   81.30480194    0.00000000    0.00000000
   12.86750031   82.94730377    0.00000000    0.00000000
   12.87055588   79.91010284    0.00000000    0.00000000
   12.87388897   78.63520050    0.00000000    0.00000000
   12.87694454   83.23519897    0.00000000    0.00000000
   12.88000011   86.59410095    0.00000000    0.00000000
   12.88305569   79.66880035    0.00000000    0.00000000
   12.88416672   87.44920349    0.00000000    0.00000000
   12.88694477   85.60720062    0.00000000    0.00000000
   12.89000034   91.81230164    0.00000000    0.00000000
   12.89333344   81.60549927    0.00000000    0.00000000
   12.89638901   79.76509857    0.00000000    0.00000000
   12.89944458   81.24230194    0.00000000    0.00000000
   12.90249920   83.62719727    0.00000000    0.00000000
   12.90583324   78.54350281    0.00000000    0.00000000
   12.90888882   79.03710175    0.00000000    0.00000000
   12.90916634   83.79429626    0.00000000    0.00000000
   12.91222191   83.03279877    0.00000000    0.00000000
   12.91527748   79.82289886    0.00000000    0.00000000
   12.91833401   85.52420044    0.00000000    0.00000000
   12.92138958   77.66979980    0.00000000    0.00000000
   12.92472267   79.63790131    0.00000000    0.00000000
   12.92777824   84.64559937    0.00000000    0.00000000
   12.93083382   82.67890167    0.00000000    0.00000000
   12.93416691   80.58630371    0.00000000    0.00000000
   12.93444443   81.89610291    0.00000000    0.00000000
   12.93750000   82.59290314    0.00000000    0.00000000
   12.94055557   83.82630157    0.00000000    0.00000000
   12.94388866   80.03430176    0.00000000    0.00000000
   12.94694424   87.84179688    0.00000000    0.00000000
   12.94999981   81.35800171    0.00000000    0.00000000
   12.95305538   81.38970184    0.00000000    0.00000000
   12.95638847   84.72010040    0.00000000    0.00000000
   12.95944405   79.38410187    0.00000000    0.00000000
   12.95972157   83.03269958    0.00000000    0.00000000
   12.96277714   79.56500244    0.00000000    0.00000000
   12.96583271   77.32749939    0.00000000    0.00000000
   12.96916580   82.19419861    0.00000000    0.00000000
   12.97222137   80.86830139    0.00000000    0.00000000
   12.97527695   82.60019684    0.00000000    0.00000000
   12.97861099   80.84649658    0.00000000    0.00000000
   12.98166656   91.85739899    0.00000000    0.00000000
   12.98444462   81.33809662    0.00000000    0.00000000
   12.98500061   81.62419891    0.00000000    0.00000000
   12.98805618   80.47270203    0.00000000    0.00000000
   12.99138927   82.50270081    0.00000000    0.00000000
   12.99444485   81.77010345    0.00000000    0.00000000
   12.99750042   79.87770081    0.00000000    0.00000000
   13.00055599   83.62960052    0.00000000    0.00000000
   13.00388908   81.99800110    0.00000000    0.00000000
   13.00694466   81.81189728    0.00000000    0.00000000
   13.00944424   81.30079651    0.00000000    0.00000000
   13.01027775   82.32959747    0.00000000    0.00000000
   13.01333332   84.18229675    0.00000000    0.00000000
   13.01666641   84.71600342    0.00000000    0.00000000
   13.01972198   82.76080322    0.00000000    0.00000000
   13.02277756   82.48269653    0.00000000    0.00000000
   13.02583313   81.23960114    0.00000000    0.00000000
   13.02916622   79.76959991    0.00000000    0.00000000
   13.03222179   84.63220215    0.00000000    0.00000000
   13.03444481   81.88079834    0.00000000    0.00000000
   13.03555584   77.75520325    0.00000000    0.00000000
   13.03861141   81.72109985    0.00000000    0.00000000
   13.04194450   80.30690002    0.00000000    0.00000000
   13.04500008   81.37830353    0.00000000    0.00000000
   13.04805565   83.79290009    0.00000000    0.00000000
   13.05111122   81.55699921    0.00000000    0.00000000
   13.05444431   83.33709717    0.00000000    0.00000000
   13.05749989   83.33460236    0.00000000    0.00000000
   13.05944443   82.61309814    0.00000000    0.00000000
   13.06083393   85.53050232    0.00000000    0.00000000
   13.06388950   82.67880249    0.00000000    0.00000000
   13.06722260   81.09580231    0.00000000    0.00000000
   13.07027817   83.07160187    0.00000000    0.00000000
   13.07333374   80.10379791    0.00000000    0.00000000
   13.07638836   86.94770050    0.00000000    0.00000000
   13.07972240   81.08750153    0.00000000    0.00000000
   13.08277798   81.49800110    0.00000000    0.00000000
   13.08444405   81.23449707    0.00000000    0.00000000
   13.08611107   80.30670166    0.00000000    0.00000000
   13.08916664   83.06269836    0.00000000    0.00000000
   13.09249973   83.68019867    0.00000000    0.00000000
   13.09555531   77.84079742    0.00000000    0.00000000
   13.09861088   81.55660248    0.00000000    0.00000000
   13.10166740   80.29489899    0.00000000    0.00000000
   13.10500050   80.30809784    0.00000000    0.00000000
   13.10805607   80.20619965    0.00000000    0.00000000
   13.10944462   80.96630096    0.00000000    0.00000000
   13.11138916   84.16049957    0.00000000    0.00000000
   13.11444473   78.25949860    0.00000000    0.00000000
   13.11777782   79.71219635    0.00000000    0.00000000
   13.12083340   83.65270233    0.00000000    0.00000000
   13.12388897   83.62280273    0.00000000    0.00000000
   13.12694454   79.43450165    0.00000000    0.00000000
   13.13027763   82.75859833    0.00000000    0.00000000
   13.13333321   81.34089661    0.00000000    0.00000000
   13.13444424   83.44930267    0.00000000    0.00000000
   13.13666630   79.19100189    0.00000000    0.00000000
   13.13972187   81.01699829    0.00000000    0.00000000
   13.14305496   79.45050049    0.00000000    0.00000000
   13.14611053   81.10320282    0.00000000    0.00000000
   13.14916611   79.72370148    0.00000000    0.00000000
   13.15249920   80.70539856    0.00000000    0.00000000
   13.15555477   84.55500031    0.00000000    0.00000000
   13.15861034   79.32089996    0.00000000    0.00000000
   13.15944386   81.43160248    0.00000000    0.00000000
   13.16194439   81.84750366    0.00000000    0.00000000
   13.16499996   81.79530334    0.00000000    0.00000000
   13.16833401   81.34159851    0.00000000    0.00000000
   13.17138958   80.04149628    0.00000000    0.00000000
   13.17444515   79.34809875    0.00000000    0.00000000
   13.17777824   79.25849915    0.00000000    0.00000000
   13.18083382   78.26629639    0.00000000    0.00000000
   13.18388939   79.19450378    0.00000000    0.00000000
   13.18444443   77.27909851    0.00000000    0.00000000
   13.18722248   78.36730194    0.00000000    0.00000000
   13.19027805   80.43779755    0.00000000    0.00000000
   13.19361115   81.50640106    0.00000000    0.00000000
   13.19666672   81.93599701    0.00000000    0.00000000
   13.19972229   82.14019775    0.00000000    0.00000000
   13.20305538   82.54879761    0.00000000    0.00000000
   13.20611095   81.78199768    0.00000000    0.00000000
   13.20916653   80.52909851    0.00000000    0.00000000
   13.20944405   81.82959747    0.00000000    0.00000000
   13.21277714   83.17960358    0.00000000    0.00000000
   13.21583271   82.27590179    0.00000000    0.00000000
   13.21888828   82.55249786    0.00000000    0.00000000
   13.22194386   87.20349884    0.00000000    0.00000000
   13.22527695   82.00599670    0.00000000    0.00000000
   13.22833252   89.89830017    0.00000000    0.00000000
   13.23138809   82.87750244    0.00000000    0.00000000
   13.23444462   83.39959717    0.00000000    0.00000000
   13.23472214   82.21739960    0.00000000    0.00000000
   13.23805618   81.93879700    0.00000000    0.00000000
   13.24111176   80.34519958    0.00000000    0.00000000
   13.24416733   78.50550079    0.00000000    0.00000000
   13.24750042   80.33519745    0.00000000    0.00000000
   13.25055599   81.69290161    0.00000000    0.00000000
   13.25361156   81.30960083    0.00000000    0.00000000
   13.25666714   81.07620239    0.00000000    0.00000000
   13.25944424   81.24230194    0.00000000    0.00000000
   13.26027775   87.35880280    0.00000000    0.00000000
   13.26333332   83.26239777    0.00000000    0.00000000
   13.26638889   79.26909637    0.00000000    0.00000000
   13.26944447   81.85079956    0.00000000    0.00000000
   13.27277756   85.89140320    0.00000000    0.00000000
   13.27583313   80.98239899    0.00000000    0.00000000
   13.27888870   81.20549774    0.00000000    0.00000000
   13.28194427   82.17749786    0.00000000    0.00000000
   13.28444481   86.50779724    0.00000000    0.00000000
   13.28555584   83.07810211    0.00000000    0.00000000
   13.28861141   83.79409790    0.00000000    0.00000000
   13.29166698   80.18520355    0.00000000    0.00000000
   13.29472256   82.59059906    0.00000000    0.00000000
   13.29805565   83.59410095    0.00000000    0.00000000
   13.30111122   80.79519653    0.00000000    0.00000000
   13.30416679   84.73509979    0.00000000    0.00000000
   13.30749989   81.25219727    0.00000000    0.00000000
   13.30944443   81.36750031    0.00000000    0.00000000
   13.31083393   82.46640015    0.00000000    0.00000000
   13.31388950   88.99880219    0.00000000    0.00000000
   13.31694412   80.24150085    0.00000000    0.00000000
   13.31999969   84.55889893    0.00000000    0.00000000
   13.32333374   82.93440247    0.00000000    0.00000000
   13.32638836   83.08540344    0.00000000    0.00000000
   13.32944393   86.94450378    0.00000000    0.00000000
   13.33277798   81.15100098    0.00000000    0.00000000
   13.33444405   86.48870087    0.00000000    0.00000000
   13.33611107   86.46610260    0.00000000    0.00000000
   13.33916664   85.20500183    0.00000000    0.00000000
   13.34222221   80.09459686    0.00000000    0.00000000
   13.34527779   81.62550354    0.00000000    0.00000000
   13.34861088   80.99230194    0.00000000    0.00000000
   13.35166740   81.57550049    0.00000000    0.00000000
   13.35472298   83.48359680    0.00000000    0.00000000
   13.35805607   81.93650055    0.00000000    0.00000000
   13.37583351   79.63069916    0.00000000    0.00000000
   13.37777805   79.46880341    0.00000000    0.00000000
   13.38083363   79.58719635    0.00000000    0.00000000
   13.38388920   82.37110138    0.00000000    0.00000000
   13.38722229   80.07019806    0.00000000    0.00000000
   13.39027786   77.63349915    0.00000000    0.00000000
   13.39333344   77.70639801    0.00000000    0.00000000
   13.39638901   76.47799683    0.00000000    0.00000000
   13.39972210   79.83950043    0.00000000    0.00000000
   13.40055561   81.82710266    0.00000000    0.00000000
   13.40305519   77.98439789    0.00000000    0.00000000
   13.40611076   79.60790253    0.00000000    0.00000000
   13.40916634   79.76450348    0.00000000    0.00000000
   13.41222191   78.32109833    0.00000000    0.00000000
   13.41555500   81.30259705    0.00000000    0.00000000
   13.41861153   80.46749878    0.00000000    0.00000000
   13.42166710   80.13659668    0.00000000    0.00000000
   13.42500019   81.01629639    0.00000000    0.00000000
   13.42555618   81.99710083    0.00000000    0.00000000
   13.42833328   77.64420319    0.00000000    0.00000000
   13.43138885   78.09069824    0.00000000    0.00000000
   13.43444443   77.93509674    0.00000000    0.00000000
   13.43750000   81.27809906    0.00000000    0.00000000
   13.44083309   80.76460266    0.00000000    0.00000000
   13.44388866   77.24320221    0.00000000    0.00000000
   13.44694424   77.75689697    0.00000000    0.00000000
   13.45027733   82.40460205    0.00000000    0.00000000
   13.45055580   80.29920197    0.00000000    0.00000000
   13.45361137   79.63330078    0.00000000    0.00000000
   13.45666695   78.38390350    0.00000000    0.00000000
   13.45972157   78.37069702    0.00000000    0.00000000
   13.46277714   80.60980225    0.00000000    0.00000000
   13.46611118   77.55879974    0.00000000    0.00000000
   13.46916580   81.20839691    0.00000000    0.00000000
   13.47222137   79.06030273    0.00000000    0.00000000
   13.47555542   82.48470306    0.00000000    0.00000000
   13.47583294   78.78489685    0.00000000    0.00000000
   13.47888851   78.22889709    0.00000000    0.00000000
   13.48194408   81.91429901    0.00000000    0.00000000
   13.48527813   78.90280151    0.00000000    0.00000000
   13.48833370   80.93289948    0.00000000    0.00000000
   13.49138927   79.11810303    0.00000000    0.00000000
   13.49444485   80.61640167    0.00000000    0.00000000
   13.49777794   81.10659790    0.00000000    0.00000000
   13.50083351   81.87159729    0.00000000    0.00000000
   13.50111103   78.05899811    0.00000000    0.00000000
   13.50416660   79.23130035    0.00000000    0.00000000
   13.50722218   83.25959778    0.00000000    0.00000000
   13.51055527   79.19930267    0.00000000    0.00000000
   13.51361084   80.91079712    0.00000000    0.00000000
   13.51666641   81.07569885    0.00000000    0.00000000
   13.51999950   80.69159698    0.00000000    0.00000000
   13.52305508   82.33689880    0.00000000    0.00000000
   13.52583313   81.77559662    0.00000000    0.00000000
   13.52638817   79.70600128    0.00000000    0.00000000
   13.52944374   80.77660370    0.00000000    0.00000000
   13.53249931   77.94460297    0.00000000    0.00000000
   13.53583336   76.46730042    0.00000000    0.00000000
   13.53888893   78.48269653    0.00000000    0.00000000
   13.54194450   82.68340302    0.00000000    0.00000000
   13.54527855   77.35050201    0.00000000    0.00000000
   13.54833412   80.73380280    0.00000000    0.00000000
   13.55083370   79.40090179    0.00000000    0.00000000
   13.55166721   80.14389801    0.00000000    0.00000000
   13.55472279   82.34230042    0.00000000    0.00000000
   13.55805588   79.51100159    0.00000000    0.00000000
   13.56111145   81.60590363    0.00000000    0.00000000
   13.56416702   80.08439636    0.00000000    0.00000000
   13.56722260   77.62249756    0.00000000    0.00000000
   13.57055569   78.23889923    0.00000000    0.00000000
   13.57361126   79.90460205    0.00000000    0.00000000
   13.57583332   78.72850037    0.00000000    0.00000000
   13.57694435   81.07820129    0.00000000    0.00000000
   13.57999992   81.08049774    0.00000000    0.00000000
   13.58333302   77.75759888    0.00000000    0.00000000
   13.58638859   81.06400299    0.00000000    0.00000000
   13.58944416   87.57350159    0.00000000    0.00000000
   13.59249973   82.33309937    0.00000000    0.00000000
   13.59583282   83.07070160    0.00000000    0.00000000
   13.59888840   80.22470093    0.00000000    0.00000000
   13.60083389   80.60289764    0.00000000    0.00000000
   13.60222244   80.76969910    0.00000000    0.00000000
   13.60527802   79.91200256    0.00000000    0.00000000
   13.60861111   81.55079651    0.00000000    0.00000000
   13.61166668   80.16049957    0.00000000    0.00000000
   13.61472225   80.84069824    0.00000000    0.00000000
   13.61777782   79.64420319    0.00000000    0.00000000
   13.62111092   82.33139801    0.00000000    0.00000000
   13.62416649   83.31690216    0.00000000    0.00000000
   13.62583351   80.52690125    0.00000000    0.00000000
   13.62750053   83.29419708    0.00000000    0.00000000
   13.63055611   79.66110229    0.00000000    0.00000000
   13.63388920   77.21779633    0.00000000    0.00000000
   13.63694477   79.80259705    0.00000000    0.00000000
   13.64000034   80.97480011    0.00000000    0.00000000
   13.64305496   79.40460205    0.00000000    0.00000000
   13.64638901   81.86430359    0.00000000    0.00000000
   13.64944458   78.37259674    0.00000000    0.00000000
   13.65083313   80.89910126    0.00000000    0.00000000
   13.65277767   82.83879852    0.00000000    0.00000000
   13.65583324   83.64929962    0.00000000    0.00000000
   13.65916634   79.48249817    0.00000000    0.00000000
   13.66222191   80.49230194    0.00000000    0.00000000
   13.66527748   80.77149963    0.00000000    0.00000000
   13.66861153   80.29640198    0.00000000    0.00000000
   13.67166710   80.39489746    0.00000000    0.00000000
   13.67472267   77.74980164    0.00000000    0.00000000
   13.67583370   81.09439850    0.00000000    0.00000000
   13.67805576   82.48699951    0.00000000    0.00000000
   13.68111134   82.76809692    0.00000000    0.00000000
   13.68444443   79.41320038    0.00000000    0.00000000
   13.68750000   81.04620361    0.00000000    0.00000000
   13.69055557   83.59980011    0.00000000    0.00000000
   13.69388866   76.30210114    0.00000000    0.00000000
   13.69694424   78.64800262    0.00000000    0.00000000
   13.69999981   79.77349854    0.00000000    0.00000000
   13.70083332   81.64089966    0.00000000    0.00000000
   13.70333290   84.86669922    0.00000000    0.00000000
   13.70638847   79.20619965    0.00000000    0.00000000
   13.70972157   80.24610138    0.00000000    0.00000000
   13.71277714   83.41790009    0.00000000    0.00000000
   13.71583271   80.36589813    0.00000000    0.00000000
   13.71916580   81.25509644    0.00000000    0.00000000
   13.72222137   80.54889679    0.00000000    0.00000000
   13.72527695   81.80960083    0.00000000    0.00000000
   13.72583294   82.20760345    0.00000000    0.00000000
   13.72861099   77.80609894    0.00000000    0.00000000
   13.73166656   79.59839630    0.00000000    0.00000000
   13.73500061   82.63410187    0.00000000    0.00000000
   13.73805618   83.67949677    0.00000000    0.00000000
   13.74111176   81.46410370    0.00000000    0.00000000
   13.74444485   81.21559906    0.00000000    0.00000000
   13.74750042   77.65110016    0.00000000    0.00000000
   13.75055599   79.71199799    0.00000000    0.00000000
   13.75083351   78.33090210    0.00000000    0.00000000
   13.75416660   86.63749695    0.00000000    0.00000000
   13.75722218   79.33950043    0.00000000    0.00000000
   13.76027775   81.13569641    0.00000000    0.00000000
   13.76361084   83.50689697    0.00000000    0.00000000
   13.76666641   78.85379791    0.00000000    0.00000000
   13.76972198   83.97989655    0.00000000    0.00000000
   13.77277756   81.84089661    0.00000000    0.00000000
   13.77583313   82.71279907    0.00000000    0.00000000
   13.77638817   82.17769623    0.00000000    0.00000000
   13.77944374   79.66790009    0.00000000    0.00000000
   13.78249931   85.06999969    0.00000000    0.00000000
   13.78555584   83.58399963    0.00000000    0.00000000
   13.78888893   82.26319885    0.00000000    0.00000000
   13.79194450   78.67479706    0.00000000    0.00000000
   13.79500008   79.81690216    0.00000000    0.00000000
   13.79833412   85.10459900    0.00000000    0.00000000
   13.80083370   80.38140106    0.00000000    0.00000000
   13.80166721   81.62750244    0.00000000    0.00000000
   13.80472279   79.42070007    0.00000000    0.00000000
   13.80777836   79.07959747    0.00000000    0.00000000
   13.81083393   82.18309784    0.00000000    0.00000000
   13.81416702   79.34510040    0.00000000    0.00000000
   13.81722260   82.56990051    0.00000000    0.00000000
   13.82027817   80.84809875    0.00000000    0.00000000
   13.82361126   75.22309875    0.00000000    0.00000000
   13.82583332   81.39790344    0.00000000    0.00000000
   13.82694435   82.95069885    0.00000000    0.00000000
   13.82999992   79.54290009    0.00000000    0.00000000
   13.83305550   83.49289703    0.00000000    0.00000000
   13.83638859   83.65429688    0.00000000    0.00000000
   13.83944416   79.70510101    0.00000000    0.00000000
   13.84249973   78.56659698    0.00000000    0.00000000
   13.84555531   81.39949799    0.00000000    0.00000000
   13.84888840   77.07959747    0.00000000    0.00000000
   13.85083389   80.00009918    0.00000000    0.00000000
   13.85222244   76.57089996    0.00000000    0.00000000
   13.85527802   80.76080322    0.00000000    0.00000000
   13.85833359   82.05359650    0.00000000    0.00000000
   13.86166668   79.57910156    0.00000000    0.00000000
   13.86472225   80.64530182    0.00000000    0.00000000
   13.86777782   77.62419891    0.00000000    0.00000000
   13.87083340   81.04450226    0.00000000    0.00000000
   13.87416649   76.94080353    0.00000000    0.00000000
   13.87583351   78.02149963    0.00000000    0.00000000
   13.87750053   77.38559723    0.00000000    0.00000000
   13.88055611   82.66049957    0.00000000    0.00000000
   13.88361073   79.71440125    0.00000000    0.00000000
   13.88694477   80.82689667    0.00000000    0.00000000
   13.89000034   80.89230347    0.00000000    0.00000000
   13.89305496   81.38999939    0.00000000    0.00000000
   13.89611053   80.15390015    0.00000000    0.00000000
   13.89944458   80.84449768    0.00000000    0.00000000
   13.90083313   79.01879883    0.00000000    0.00000000
   13.90277767   78.97969818    0.00000000    0.00000000
   13.90583324   79.35410309    0.00000000    0.00000000
   13.90888882   81.87059784    0.00000000    0.00000000
   13.91222191   80.84670258    0.00000000    0.00000000
   13.91527748   80.98090363    0.00000000    0.00000000
   13.91833401   76.56929779    0.00000000    0.00000000
   13.92138958   77.24030304    0.00000000    0.00000000
   13.92472267   79.90609741    0.00000000    0.00000000
   13.92583370   78.12689972    0.00000000    0.00000000
   13.92805576   78.25430298    0.00000000    0.00000000
   13.93111134   79.00009918    0.00000000    0.00000000
   13.93416691   78.79170227    0.00000000    0.00000000
   13.93750000   78.99230194    0.00000000    0.00000000
   13.94055557   78.97769928    0.00000000    0.00000000
   13.94361115   83.18959808    0.00000000    0.00000000
   13.94666672   81.02690125    0.00000000    0.00000000
   13.94999981   78.99980164    0.00000000    0.00000000
   13.95111084   77.90429688    0.00000000    0.00000000
   13.95333290   79.62539673    0.00000000    0.00000000
   13.95638847   79.78189850    0.00000000    0.00000000
   13.95944405   77.91750336    0.00000000    0.00000000
   13.96277714   78.92870331    0.00000000    0.00000000
   13.96583271   81.31549835    0.00000000    0.00000000
   13.96888828   79.75029755    0.00000000    0.00000000
   13.97194386   79.39559937    0.00000000    0.00000000
   13.97527695   81.72949982    0.00000000    0.00000000
   13.97611046   79.43080139    0.00000000    0.00000000
   13.97861099   83.06479645    0.00000000    0.00000000
   13.98166656   81.93299866    0.00000000    0.00000000
   13.98472214   79.49929810    0.00000000    0.00000000
   13.98805618   81.56970215    0.00000000    0.00000000
   13.99111176   87.27549744    0.00000000    0.00000000
   13.99416733   77.09590149    0.00000000    0.00000000
   13.99722290   77.73079681    0.00000000    0.00000000
   14.00055599   83.73210144    0.00000000    0.00000000
   14.00111103   84.73059845    0.00000000    0.00000000
   14.00388908   81.54309845    0.00000000    0.00000000
   14.00694466   82.59680176    0.00000000    0.00000000
   14.01000023   79.04560089    0.00000000    0.00000000
   14.01333332   85.52819824    0.00000000    0.00000000
   14.01638889   82.21089935    0.00000000    0.00000000
   14.01944447   79.41259766    0.00000000    0.00000000
   14.02277756   85.52829742    0.00000000    0.00000000
   14.02583313   80.46549988    0.00000000    0.00000000
   14.02611065   81.83740234    0.00000000    0.00000000
   14.02916622   76.75759888    0.00000000    0.00000000
   14.03249931   81.27639771    0.00000000    0.00000000
   14.03555584   80.55560303    0.00000000    0.00000000
   14.03861141   83.90940094    0.00000000    0.00000000
   14.04166698   80.28910065    0.00000000    0.00000000
   14.04500008   78.16069794    0.00000000    0.00000000
   14.04805565   77.90750122    0.00000000    0.00000000
   14.05111122   83.07949829    0.00000000    0.00000000
   14.05138874   78.78900146    0.00000000    0.00000000
   14.05444431   79.81040192    0.00000000    0.00000000
   14.05777836   77.17559814    0.00000000    0.00000000
   14.06083393   76.58650208    0.00000000    0.00000000
   14.06388950   85.18450165    0.00000000    0.00000000
   14.06722260   77.85980225    0.00000000    0.00000000
   14.07027817   81.13130188    0.00000000    0.00000000
   14.07333374   78.18569946    0.00000000    0.00000000
   14.07611084   80.91639709    0.00000000    0.00000000
   14.07666683   80.38420105    0.00000000    0.00000000
   14.07972240   76.91040039    0.00000000    0.00000000
   14.08305550   78.92359924    0.00000000    0.00000000
   14.08611107   79.80229950    0.00000000    0.00000000
   14.08916664   81.80529785    0.00000000    0.00000000
   14.09249973   81.46320343    0.00000000    0.00000000
   14.09555531   80.49289703    0.00000000    0.00000000
   14.09861088   79.99659729    0.00000000    0.00000000
   14.10111141   81.16470337    0.00000000    0.00000000
   14.10194492   80.58350372    0.00000000    0.00000000
   14.10500050   79.38189697    0.00000000    0.00000000
   14.10833359   78.48760223    0.00000000    0.00000000
   14.11138916   78.39959717    0.00000000    0.00000000
   14.11444473   79.48860168    0.00000000    0.00000000
   14.11777782   81.02680206    0.00000000    0.00000000
   14.12083340   79.43070221    0.00000000    0.00000000
   14.12388897   80.36470032    0.00000000    0.00000000
   14.12611103   75.32499695    0.00000000    0.00000000
   14.12722206   79.67440033    0.00000000    0.00000000
   14.13027763   83.89839935    0.00000000    0.00000000
   14.13361073   78.02619934    0.00000000    0.00000000
   14.13666630   78.91339874    0.00000000    0.00000000
   14.13972187   78.69789886    0.00000000    0.00000000
   14.14305496   79.14160156    0.00000000    0.00000000
   14.14611053   84.83570099    0.00000000    0.00000000
   14.14916611   79.76619720    0.00000000    0.00000000
   14.15111065   77.84369659    0.00000000    0.00000000
   14.15249920   78.50700378    0.00000000    0.00000000
   14.15583324   78.05110168    0.00000000    0.00000000
   14.15888882   77.87819672    0.00000000    0.00000000
   14.16194439   77.99330139    0.00000000    0.00000000
   14.16499996   81.28350067    0.00000000    0.00000000
   14.16833401   78.30979919    0.00000000    0.00000000
   14.17138958   80.63289642    0.00000000    0.00000000
   14.17444515   81.13249969    0.00000000    0.00000000
   14.17611122   79.34159851    0.00000000    0.00000000
   14.17777824   78.92620087    0.00000000    0.00000000
   14.18111134   84.75050354    0.00000000    0.00000000
   14.18416691   80.62660217    0.00000000    0.00000000
   14.18722248   84.13040161    0.00000000    0.00000000
   14.19027805   77.18569946    0.00000000    0.00000000
   14.19361115   82.70549774    0.00000000    0.00000000
   14.19666672   80.77279663    0.00000000    0.00000000
   14.19972229   80.63339996    0.00000000    0.00000000
   14.20111084   85.51660156    0.00000000    0.00000000
   14.20305538   84.29260254    0.00000000    0.00000000
   14.20638847   77.39189911    0.00000000    0.00000000
   14.20944405   77.86799622    0.00000000    0.00000000
   14.21249962   77.72319794    0.00000000    0.00000000
   14.21555519   77.82170105    0.00000000    0.00000000
   14.21888828   80.75759888    0.00000000    0.00000000
   14.22194386   78.88700104    0.00000000    0.00000000
   14.22499943   78.22470093    0.00000000    0.00000000
   14.22611046   77.45749664    0.00000000    0.00000000
   14.22833252   78.44770050    0.00000000    0.00000000
   14.23166656   80.89399719    0.00000000    0.00000000
   14.23472214   81.98210144    0.00000000    0.00000000
   14.23777771   84.23770142    0.00000000    0.00000000
   14.24083328   81.27880096    0.00000000    0.00000000
   14.24416733   80.96459961    0.00000000    0.00000000
   14.24722290   80.99749756    0.00000000    0.00000000
   14.25027752   86.62750244    0.00000000    0.00000000
   14.25111103   82.52300262    0.00000000    0.00000000
   14.25361156   79.17759705    0.00000000    0.00000000
   14.25694466   82.11710358    0.00000000    0.00000000
   14.26000023   79.82730103    0.00000000    0.00000000
   14.26305580   77.80300140    0.00000000    0.00000000
   14.26611137   80.50350189    0.00000000    0.00000000
   14.26944447   80.25659943    0.00000000    0.00000000
   14.27250004   79.36720276    0.00000000    0.00000000
   14.27555561   78.25820160    0.00000000    0.00000000
   14.27611065   83.25119781    0.00000000    0.00000000
   14.27888870   78.85379791    0.00000000    0.00000000
   14.28222179   85.03260040    0.00000000    0.00000000
   14.28527832   81.04219818    0.00000000    0.00000000
   14.28833389   85.20500183    0.00000000    0.00000000
   14.29138947   82.55249786    0.00000000    0.00000000
   14.29472256   80.78669739    0.00000000    0.00000000
   14.29777813   81.78279877    0.00000000    0.00000000
   14.30083370   84.34750366    0.00000000    0.00000000
   14.30138874   82.51439667    0.00000000    0.00000000
   14.30444431   80.48239899    0.00000000    0.00000000
   14.30749989   79.40319824    0.00000000    0.00000000
   14.31055546   82.66310120    0.00000000    0.00000000
   14.31388950   80.04060364    0.00000000    0.00000000
   14.31694412   78.78849792    0.00000000    0.00000000
   14.31999969   87.89559937    0.00000000    0.00000000
   14.32333374   80.83119965    0.00000000    0.00000000
   14.32638836   76.49120331    0.00000000    0.00000000
   14.32666683   77.51300049    0.00000000    0.00000000
   14.32972240   80.92120361    0.00000000    0.00000000
   14.33277798   87.47519684    0.00000000    0.00000000
   14.33611107   86.28340149    0.00000000    0.00000000
   14.33916664   78.92579651    0.00000000    0.00000000
   14.34222221   79.54280090    0.00000000    0.00000000
   14.34527779   79.55059814    0.00000000    0.00000000
   14.34861088   86.34140015    0.00000000    0.00000000
   14.35138893   82.34329987    0.00000000    0.00000000
   14.35194492   82.97329712    0.00000000    0.00000000
   14.35500050   82.83550262    0.00000000    0.00000000
   14.35805607   79.62030029    0.00000000    0.00000000
   14.36138916   85.78869629    0.00000000    0.00000000
   14.36444473   84.46659851    0.00000000    0.00000000
   14.36750031   81.61409760    0.00000000    0.00000000
   14.37055588   80.13909912    0.00000000    0.00000000
   14.37388897   78.92459869    0.00000000    0.00000000
   14.39249992   76.28089905    0.00000000    0.00000000
   14.39361095   76.73650360    0.00000000    0.00000000
   14.39666653   76.46769714    0.00000000    0.00000000
   14.39972210   78.00229645    0.00000000    0.00000000
   14.40305519   77.93430328    0.00000000    0.00000000
   14.40611076   79.40380096    0.00000000    0.00000000
   14.40916634   81.01499939    0.00000000    0.00000000
   14.41222191   77.11969757    0.00000000    0.00000000
   14.41555500   81.30870056    0.00000000    0.00000000
   14.41722298   76.09210205    0.00000000    0.00000000
   14.41888905   81.04519653    0.00000000    0.00000000
   14.42194462   80.64260101    0.00000000    0.00000000
   14.42500019   81.19349670    0.00000000    0.00000000
   14.42805576   78.79789734    0.00000000    0.00000000
   14.43138885   77.85250092    0.00000000    0.00000000
   14.43444443   79.30190277    0.00000000    0.00000000
   14.43750000   83.01820374    0.00000000    0.00000000
   14.44055557   82.62380219    0.00000000    0.00000000
   14.44222260   83.49839783    0.00000000    0.00000000
   14.44416714   83.78079987    0.00000000    0.00000000
   14.44722271   80.22740173    0.00000000    0.00000000
   14.45027733   81.39469910    0.00000000    0.00000000
   14.45333290   83.51550293    0.00000000    0.00000000
   14.45666695   82.08170319    0.00000000    0.00000000
   14.45972157   79.48349762    0.00000000    0.00000000
   14.46277714   78.96739960    0.00000000    0.00000000
   14.46583271   80.80239868    0.00000000    0.00000000
   14.46722221   84.64450073    0.00000000    0.00000000
   14.46944427   80.45880127    0.00000000    0.00000000
   14.47249985   82.26760101    0.00000000    0.00000000
   14.47555542   79.78959656    0.00000000    0.00000000
   14.47861099   83.34410095    0.00000000    0.00000000
   14.48194408   80.10749817    0.00000000    0.00000000
   14.48500061   81.23220062    0.00000000    0.00000000
   14.48805618   80.57790375    0.00000000    0.00000000
   14.49138927   81.08239746    0.00000000    0.00000000
   14.49222279   79.55349731    0.00000000    0.00000000
   14.49472237   89.15830231    0.00000000    0.00000000
   14.49777794   80.80950165    0.00000000    0.00000000
   14.50083351   80.89620209    0.00000000    0.00000000
   14.50388908   83.01719666    0.00000000    0.00000000
   14.50722218   85.51650238    0.00000000    0.00000000
   14.51027775   85.45890045    0.00000000    0.00000000
   14.51333332   82.48570251    0.00000000    0.00000000
   14.51666641   81.94889832    0.00000000    0.00000000
   14.51722240   82.24120331    0.00000000    0.00000000
   14.51999950   81.52269745    0.00000000    0.00000000
   14.52305508   86.10729980    0.00000000    0.00000000
   14.52611065   81.85639954    0.00000000    0.00000000
   14.52916622   83.08560181    0.00000000    0.00000000
   14.53249931   84.14820099    0.00000000    0.00000000
   14.53555584   83.30999756    0.00000000    0.00000000
   14.53861141   79.74089813    0.00000000    0.00000000
   14.54194450   84.02780151    0.00000000    0.00000000
   14.54222298   83.33249664    0.00000000    0.00000000
   14.54527855   79.82489777    0.00000000    0.00000000
   14.54833412   83.16179657    0.00000000    0.00000000
   14.55138874   77.78150177    0.00000000    0.00000000
   14.55444431   82.09909821    0.00000000    0.00000000
   14.55777836   78.97910309    0.00000000    0.00000000
   14.56083393   81.89140320    0.00000000    0.00000000
   14.56388950   81.34069824    0.00000000    0.00000000
   14.56722260   81.83689880    0.00000000    0.00000000
   14.56750011   81.22049713    0.00000000    0.00000000
   14.57055569   84.30670166    0.00000000    0.00000000
   14.57361126   78.82929993    0.00000000    0.00000000
   14.57694435   80.26309967    0.00000000    0.00000000
   14.57999992   80.33609772    0.00000000    0.00000000
   14.58305550   80.40290070    0.00000000    0.00000000
   14.58611107   80.80999756    0.00000000    0.00000000
   14.58944416   82.93180084    0.00000000    0.00000000
   14.59249973   91.77040100    0.00000000    0.00000000
   14.59277725   83.75859833    0.00000000    0.00000000
   14.59583282   90.78649902    0.00000000    0.00000000
   14.59916592   86.55789948    0.00000000    0.00000000
   14.60222244   87.04910278    0.00000000    0.00000000
   14.60527802   80.05560303    0.00000000    0.00000000
   14.60833359   82.19879913    0.00000000    0.00000000
   14.61166668   79.51010132    0.00000000    0.00000000
   14.61472225   85.66529846    0.00000000    0.00000000
   14.61750031   79.81279755    0.00000000    0.00000000
   14.61805534   76.31950378    0.00000000    0.00000000
   14.62111092   78.49490356    0.00000000    0.00000000
   14.62444496   77.61910248    0.00000000    0.00000000
   14.62750053   77.13369751    0.00000000    0.00000000
   14.63055611   77.15789795    0.00000000    0.00000000
   14.63361073   79.00910187    0.00000000    0.00000000
   14.63694477   79.66110229    0.00000000    0.00000000
   14.64000034   85.19770050    0.00000000    0.00000000
   14.64249992   78.61340332    0.00000000    0.00000000
   14.64333344   79.21530151    0.00000000    0.00000000
   14.64638901   80.21109772    0.00000000    0.00000000
   14.64972210   79.19200134    0.00000000    0.00000000
   14.65277767   78.10449982    0.00000000    0.00000000
   14.65583324   82.67949677    0.00000000    0.00000000
   14.65888882   78.89240265    0.00000000    0.00000000
   14.66222191   79.47650146    0.00000000    0.00000000
   14.66527748   83.45549774    0.00000000    0.00000000
   14.66750050   79.36869812    0.00000000    0.00000000
   14.66861153   83.49330139    0.00000000    0.00000000
   14.67166710   86.57369995    0.00000000    0.00000000
   14.67500019   82.84049988    0.00000000    0.00000000
   14.67805576   77.88009644    0.00000000    0.00000000
   14.68111134   80.82830048    0.00000000    0.00000000
   14.68416691   83.33640289    0.00000000    0.00000000
   14.68750000   81.45230103    0.00000000    0.00000000
   14.69055557   85.70929718    0.00000000    0.00000000
   14.69250011   83.21340179    0.00000000    0.00000000
   14.69388866   81.36289978    0.00000000    0.00000000
   14.69694424   78.79609680    0.00000000    0.00000000
   14.70027733   76.56479645    0.00000000    0.00000000
   14.70333290   79.15239716    0.00000000    0.00000000
   14.70638847   79.13449860    0.00000000    0.00000000
   14.70944405   81.56009674    0.00000000    0.00000000
   14.71277714   83.67220306    0.00000000    0.00000000
   14.71583271   82.14440155    0.00000000    0.00000000
   14.71749973   86.54769897    0.00000000    0.00000000
   14.71916580   83.64540100    0.00000000    0.00000000
   14.72222137   79.76879883    0.00000000    0.00000000
   14.72555542   84.19380188    0.00000000    0.00000000
   14.72861099   84.91760254    0.00000000    0.00000000
   14.73166656   83.81300354    0.00000000    0.00000000
   14.73472214   78.01439667    0.00000000    0.00000000
   14.73805618   86.02380371    0.00000000    0.00000000
   14.74111176   80.49240112    0.00000000    0.00000000
   14.74250031   83.58000183    0.00000000    0.00000000
   14.74444485   81.10089874    0.00000000    0.00000000
   14.74750042   88.99030304    0.00000000    0.00000000
   14.75083351   87.24590302    0.00000000    0.00000000
   14.75388908   85.02870178    0.00000000    0.00000000
   14.75694466   88.40270233    0.00000000    0.00000000
   14.76027775   79.70140076    0.00000000    0.00000000
   14.76333332   80.74539948    0.00000000    0.00000000
   14.76638889   78.46739960    0.00000000    0.00000000
   14.76749992   89.94529724    0.00000000    0.00000000
   14.76972198   87.58489990    0.00000000    0.00000000
   14.77277756   83.78639984    0.00000000    0.00000000
   14.77611065   80.83809662    0.00000000    0.00000000
   14.77916622   83.57630157    0.00000000    0.00000000
   14.78222179   84.33309937    0.00000000    0.00000000
   14.78555584   77.74659729    0.00000000    0.00000000
   14.78861141   82.71669769    0.00000000    0.00000000
   14.79166698   79.01380157    0.00000000    0.00000000
   14.79250050   80.54959869    0.00000000    0.00000000
   14.79500008   77.43630219    0.00000000    0.00000000
   14.79805565   83.61440277    0.00000000    0.00000000
   14.80138874   79.63110352    0.00000000    0.00000000
   14.80444431   79.38439941    0.00000000    0.00000000
   14.80749989   82.24770355    0.00000000    0.00000000
   14.81083393   76.41680145    0.00000000    0.00000000
   14.81388950   78.68550110    0.00000000    0.00000000
   14.81694412   77.24880219    0.00000000    0.00000000
   14.81750011   78.20549774    0.00000000    0.00000000
   14.82027817   78.94400024    0.00000000    0.00000000
   14.82333374   82.20989990    0.00000000    0.00000000
   14.82666683   81.43830109    0.00000000    0.00000000
   14.82972240   79.88500214    0.00000000    0.00000000
   14.83277798   78.94110107    0.00000000    0.00000000
   14.83611107   82.92749786    0.00000000    0.00000000
   14.83916664   80.62380219    0.00000000    0.00000000
   14.84222221   80.65080261    0.00000000    0.00000000
   14.84249973   81.85959625    0.00000000    0.00000000
   14.84583282   84.89540100    0.00000000    0.00000000
   14.84888840   85.11340332    0.00000000    0.00000000
   14.85194492   81.96060181    0.00000000    0.00000000
   14.85500050   86.89890289    0.00000000    0.00000000
   14.85833359   82.29389954    0.00000000    0.00000000
   14.86138916   80.49449921    0.00000000    0.00000000
   14.86444473   78.61979675    0.00000000    0.00000000
   14.86750031   85.77459717    0.00000000    0.00000000
   14.86777782   83.10849762    0.00000000    0.00000000
   14.87111092   83.53829956    0.00000000    0.00000000
   14.87416649   79.37039948    0.00000000    0.00000000
   14.87722206   76.75900269    0.00000000    0.00000000
   14.88055611   81.02189636    0.00000000    0.00000000
   14.88361073   78.52040100    0.00000000    0.00000000
   14.88666630   77.02619934    0.00000000    0.00000000
   14.88972187   78.70590210    0.00000000    0.00000000
   14.89249992   79.99230194    0.00000000    0.00000000
   14.89333344   82.82800293    0.00000000    0.00000000
   14.89638901   78.86370087    0.00000000    0.00000000
   14.89944458   78.05470276    0.00000000    0.00000000
   14.90249920   78.59600067    0.00000000    0.00000000
   14.90583324   78.59149933    0.00000000    0.00000000
   14.90888882   79.38500214    0.00000000    0.00000000
   14.91194439   78.93890381    0.00000000    0.00000000
   14.91499996   81.60780334    0.00000000    0.00000000
   14.91750050   80.94239807    0.00000000    0.00000000
   14.91861153   83.63359833    0.00000000    0.00000000
   14.92166710   84.37560272    0.00000000    0.00000000
   14.92472267   87.66369629    0.00000000    0.00000000
   14.92777824   84.98040009    0.00000000    0.00000000
   14.93111134   83.93979645    0.00000000    0.00000000
   14.93416691   81.55519867    0.00000000    0.00000000
   14.93722248   80.03859711    0.00000000    0.00000000
   14.94055557   79.47760010    0.00000000    0.00000000
   14.94250011   83.82440186    0.00000000    0.00000000
   14.94388866   78.05860138    0.00000000    0.00000000
   14.94694424   85.79190063    0.00000000    0.00000000
   14.94999981   79.37550354    0.00000000    0.00000000
   14.95305538   84.23930359    0.00000000    0.00000000
   14.95638847   83.03630066    0.00000000    0.00000000
   14.95944405   80.45649719    0.00000000    0.00000000
   14.96249962   82.51300049    0.00000000    0.00000000
   14.96583271   81.44149780    0.00000000    0.00000000
   14.96749973   81.14969635    0.00000000    0.00000000
   14.96916580   81.25769806    0.00000000    0.00000000
   14.97222137   81.25830078    0.00000000    0.00000000
   14.97527695   86.14289856    0.00000000    0.00000000
   14.97833252   85.24430084    0.00000000    0.00000000
   14.98166656   82.10310364    0.00000000    0.00000000
   14.98472214   79.98320007    0.00000000    0.00000000
   14.98777771   80.84700012    0.00000000    0.00000000
   14.99111176   83.52819824    0.00000000    0.00000000
   14.99250031   82.08090210    0.00000000    0.00000000
   14.99444485   84.47270203    0.00000000    0.00000000
   14.99750042   81.34850311    0.00000000    0.00000000
   15.00055599   83.42620087    0.00000000    0.00000000
   15.00361156   81.40809631    0.00000000    0.00000000
   15.00694466   79.24349976    0.00000000    0.00000000
   15.01000023   81.72010040    0.00000000    0.00000000
   15.01305580   80.75489807    0.00000000    0.00000000
   15.01638889   78.22250366    0.00000000    0.00000000
   15.01749992   85.09960175    0.00000000    0.00000000
   15.01972198   85.95559692    0.00000000    0.00000000
   15.02277756   82.15160370    0.00000000    0.00000000
   15.02583313   78.47389984    0.00000000    0.00000000
   15.02888870   84.62100220    0.00000000    0.00000000
   15.03222179   82.49030304    0.00000000    0.00000000
   15.03527832   83.75820160    0.00000000    0.00000000
   15.03833389   84.77120209    0.00000000    0.00000000
   15.04166698   83.73739624    0.00000000    0.00000000
   15.04250050   86.49479675    0.00000000    0.00000000
   15.04500008   85.12190247    0.00000000    0.00000000
   15.04805565   84.30310059    0.00000000    0.00000000
   15.05111122   86.01319885    0.00000000    0.00000000
   15.05444431   83.18190002    0.00000000    0.00000000
   15.05749989   84.70950317    0.00000000    0.00000000
   15.06055546   81.64810181    0.00000000    0.00000000
   15.06361103   78.76899719    0.00000000    0.00000000
   15.06694412   83.36699677    0.00000000    0.00000000
   15.06750011   83.17230225    0.00000000    0.00000000
   15.07027817   79.36840057    0.00000000    0.00000000
   15.07333374   85.29090118    0.00000000    0.00000000
   15.07638836   82.15239716    0.00000000    0.00000000
   15.07972240   81.49199677    0.00000000    0.00000000
   15.08277798   83.72049713    0.00000000    0.00000000
   15.08583260   82.05999756    0.00000000    0.00000000
   15.08888817   84.97429657    0.00000000    0.00000000
   15.09222221   77.99620056    0.00000000    0.00000000
   15.09249973   80.97440338    0.00000000    0.00000000
   15.09555531   87.19210052    0.00000000    0.00000000
   15.09861088   85.02819824    0.00000000    0.00000000
   15.10166740   80.71240234    0.00000000    0.00000000
   15.10500050   83.26750183    0.00000000    0.00000000
   15.10805607   77.19309998    0.00000000    0.00000000
   15.11111164   80.05229950    0.00000000    0.00000000
   15.11416721   78.89869690    0.00000000    0.00000000
   15.11750031   79.44080353    0.00000000    0.00000000
   15.11777782   81.46379852    0.00000000    0.00000000
   15.12083340   80.56130219    0.00000000    0.00000000
   15.12388897   83.11450195    0.00000000    0.00000000
   15.12722206   82.82969666    0.00000000    0.00000000
   15.13027763   82.97350311    0.00000000    0.00000000
   15.13333321   81.41459656    0.00000000    0.00000000
   15.13666630   87.70240021    0.00000000    0.00000000
   15.13972187   82.16310120    0.00000000    0.00000000
   15.14277744   78.39080048    0.00000000    0.00000000
   15.14305496   85.89009857    0.00000000    0.00000000
   15.14611053   85.81420135    0.00000000    0.00000000
   15.14944458   88.50689697    0.00000000    0.00000000
   15.15249920   86.47509766    0.00000000    0.00000000
   15.15555477   81.22470093    0.00000000    0.00000000
   15.15861034   78.61930084    0.00000000    0.00000000
   15.16194439   79.79879761    0.00000000    0.00000000
   15.16499996   82.01229858    0.00000000    0.00000000
   15.16777802   80.99880219    0.00000000    0.00000000
   15.16833401   81.14230347    0.00000000    0.00000000
   15.17138958   79.73930359    0.00000000    0.00000000
   15.17472267   88.11450195    0.00000000    0.00000000
   15.17777824   87.99030304    0.00000000    0.00000000
