    HOUR (UT)   FLARE FACTOR    SKY TESTER    SUN TESTER
   12.05611134   -1.00000000   -1.00000000   -1.00000000
   12.18416691   93.79399872    0.00000000    0.00000000
   12.18750000   94.83260345    0.00000000    0.00000000
   12.19055557   94.90730286    0.00000000    0.00000000
   12.19361115   93.77310181    0.00000000    0.00000000
   12.19694424   89.91739655    0.00000000    0.00000000
   12.19999981   97.66259766    0.00000000    0.00000000
   12.20305538   89.29640198    0.00000000    0.00000000
   12.20638847   89.24530029    0.00000000    0.00000000
   12.20916653   94.74610138    0.00000000    0.00000000
   12.20972157   94.47889709    0.00000000    0.00000000
   12.21277714   92.58209991    0.00000000    0.00000000
   12.21583271  100.57499695    0.00000000    0.00000000
   12.21888828   87.66619873    0.00000000    0.00000000
   12.22222137   91.77300262    0.00000000    0.00000000
   12.22527695   98.10980225    0.00000000    0.00000000
   12.22833252  100.78800201    0.00000000    0.00000000
   12.23166656   91.36399841    0.00000000    0.00000000
   12.23416710   96.31569672    0.00000000    0.00000000
   12.23500061   96.90850067    0.00000000    0.00000000
   12.23805618   91.70279694    0.00000000    0.00000000
   12.24111176   92.87979889    0.00000000    0.00000000
   12.24416733   91.23760223    0.00000000    0.00000000
   12.24750042   95.43800354    0.00000000    0.00000000
   12.25055599   91.20780182    0.00000000    0.00000000
   12.25361156   91.83489990    0.00000000    0.00000000
   12.25694466   91.83869934    0.00000000    0.00000000
   12.25916672   99.69580078    0.00000000    0.00000000
   12.26027775   89.27500153    0.00000000    0.00000000
   12.26333332   92.35980225    0.00000000    0.00000000
   12.26638889   89.17900085    0.00000000    0.00000000
   12.26944447   92.02639771    0.00000000    0.00000000
   12.27277756   91.26909637    0.00000000    0.00000000
   12.27583313   98.35060120    0.00000000    0.00000000
   12.27888870   91.01080322    0.00000000    0.00000000
   12.28222179   97.99539948    0.00000000    0.00000000
   12.28416729   94.14980316    0.00000000    0.00000000
   12.28555584   89.77449799    0.00000000    0.00000000
   12.28861141   95.02749634    0.00000000    0.00000000
   12.29166698   95.06590271    0.00000000    0.00000000
   12.29472256   96.04350281    0.00000000    0.00000000
   12.29805565   92.38369751    0.00000000    0.00000000
   12.30111122   93.02790070    0.00000000    0.00000000
   12.30416679   89.34539795    0.00000000    0.00000000
   12.30749989   87.29740143    0.00000000    0.00000000
   12.30916691   94.25009918    0.00000000    0.00000000
   12.31083393   90.35559845    0.00000000    0.00000000
   12.31388950   94.15550232    0.00000000    0.00000000
   12.31694412   96.36579895    0.00000000    0.00000000
   12.31999969   90.99620056    0.00000000    0.00000000
   12.32333374   91.99729919    0.00000000    0.00000000
   12.32638836   90.52230072    0.00000000    0.00000000
   12.32944393   87.31430054    0.00000000    0.00000000
   12.33277798   86.06479645    0.00000000    0.00000000
   12.33416653   87.56770325    0.00000000    0.00000000
   12.33611107   92.23040009    0.00000000    0.00000000
   12.33916664   91.14330292    0.00000000    0.00000000
   12.34222221   93.26200104    0.00000000    0.00000000
   12.34555531   86.19039917    0.00000000    0.00000000
   12.34861088   84.80560303    0.00000000    0.00000000
   12.35166740   88.49189758    0.00000000    0.00000000
   12.35472298   89.48390198    0.00000000    0.00000000
   12.35805607   86.11779785    0.00000000    0.00000000
   12.35916710   87.44850159    0.00000000    0.00000000
   12.36138916   90.95890045    0.00000000    0.00000000
   12.36444473   87.74160004    0.00000000    0.00000000
   12.36750031   87.85449982    0.00000000    0.00000000
   12.37083340   91.67939758    0.00000000    0.00000000
   12.37388897   84.72760010    0.00000000    0.00000000
   12.37694454   85.33170319    0.00000000    0.00000000
   12.38000011   84.51360321    0.00000000    0.00000000
   12.38333321   84.12609863    0.00000000    0.00000000
   12.38416672   85.49530029    0.00000000    0.00000000
   12.38666630   84.09459686    0.00000000    0.00000000
   12.38972187   93.35279846    0.00000000    0.00000000
   12.39277744   88.13089752    0.00000000    0.00000000
   12.39611053   85.56040192    0.00000000    0.00000000
   12.39916611   87.80860138    0.00000000    0.00000000
   12.40222168   84.60600281    0.00000000    0.00000000
   12.40527725   87.83719635    0.00000000    0.00000000
   12.40861034   86.92620087    0.00000000    0.00000000
   12.40916634   83.26020050    0.00000000    0.00000000
   12.41194439   81.63459778    0.00000000    0.00000000
   12.41499996   86.51399994    0.00000000    0.00000000
   12.41805553   83.19760132    0.00000000    0.00000000
   12.42138958   85.09929657    0.00000000    0.00000000
   12.42444515   88.12370300    0.00000000    0.00000000
   12.42750072   83.96469879    0.00000000    0.00000000
   12.43055630   84.21829987    0.00000000    0.00000000
   12.43388939   86.80989838    0.00000000    0.00000000
   12.43416691   89.34919739    0.00000000    0.00000000
   12.43722248   84.23940277    0.00000000    0.00000000
   12.44027805   90.09639740    0.00000000    0.00000000
   12.44333363   86.83789825    0.00000000    0.00000000
   12.44666672   83.43399811    0.00000000    0.00000000
   12.44972229   84.33070374    0.00000000    0.00000000
   12.45277786   86.04109955    0.00000000    0.00000000
   12.45583344   88.49430084    0.00000000    0.00000000
   12.45916653   91.87429810    0.00000000    0.00000000
   12.45944405   86.63130188    0.00000000    0.00000000
   12.46249962   86.71579742    0.00000000    0.00000000
   12.46555519   86.08300018    0.00000000    0.00000000
   12.46888828   82.67790222    0.00000000    0.00000000
   12.47194386   82.25980377    0.00000000    0.00000000
   12.47499943   85.38420105    0.00000000    0.00000000
   12.47833252   87.69760132    0.00000000    0.00000000
   12.48138809   89.78479767    0.00000000    0.00000000
   12.48444462   86.91739655    0.00000000    0.00000000
   12.48472214   91.74250031    0.00000000    0.00000000
   12.48777771   84.75170135    0.00000000    0.00000000
   12.49111176   88.02590179    0.00000000    0.00000000
   12.49416733   89.47779846    0.00000000    0.00000000
   12.49722290   82.49040222    0.00000000    0.00000000
   12.50027752   84.92759705    0.00000000    0.00000000
   12.50361156   86.92900085    0.00000000    0.00000000
   12.50666714   82.81690216    0.00000000    0.00000000
   12.50944424   84.69149780    0.00000000    0.00000000
   12.51000023   85.56849670    0.00000000    0.00000000
   12.51305580   82.56040192    0.00000000    0.00000000
   12.51638889   83.99649811    0.00000000    0.00000000
   12.51944447   84.82160187    0.00000000    0.00000000
   12.52250004   81.43309784    0.00000000    0.00000000
   12.52555561   84.46050262    0.00000000    0.00000000
   12.52888870   90.32839966    0.00000000    0.00000000
   12.53194427   85.46630096    0.00000000    0.00000000
   12.53444481   85.16100311    0.00000000    0.00000000
   12.53527832   85.33029938    0.00000000    0.00000000
   12.53833389   85.04969788    0.00000000    0.00000000
   12.54166698   84.96109772    0.00000000    0.00000000
   12.54472256   87.97229767    0.00000000    0.00000000
   12.54777813   85.51390076    0.00000000    0.00000000
   12.55111122   86.90640259    0.00000000    0.00000000
   12.55416679   85.42900085    0.00000000    0.00000000
   12.55722237   84.44329834    0.00000000    0.00000000
   12.55944443   83.95429993    0.00000000    0.00000000
   12.56055546   84.18340302    0.00000000    0.00000000
   12.56361103   90.89820099    0.00000000    0.00000000
   12.56694412   88.66300201    0.00000000    0.00000000
   12.56999969   87.01580048    0.00000000    0.00000000
   12.57305527   87.06870270    0.00000000    0.00000000
   12.57638836   87.55100250    0.00000000    0.00000000
   12.57944393   84.06259918    0.00000000    0.00000000
   12.58249950   83.91889954    0.00000000    0.00000000
   12.58444405   83.37039948    0.00000000    0.00000000
   12.58583260   82.36530304    0.00000000    0.00000000
   12.58888817   85.75150299    0.00000000    0.00000000
   12.59222221   84.73380280    0.00000000    0.00000000
   12.59527779   84.96810150    0.00000000    0.00000000
   12.59833336   84.53800201    0.00000000    0.00000000
   12.60166740   85.17780304    0.00000000    0.00000000
   12.60472298   87.52880096    0.00000000    0.00000000
   12.60777855   85.36180115    0.00000000    0.00000000
   12.60944462   85.31939697    0.00000000    0.00000000
   12.61111164   86.92259979    0.00000000    0.00000000
   12.61416721   91.11560059    0.00000000    0.00000000
   12.61750031   82.88030243    0.00000000    0.00000000
   12.62055588   82.01260376    0.00000000    0.00000000
   12.62361145   81.65090179    0.00000000    0.00000000
   12.62694454   84.48210144    0.00000000    0.00000000
   12.63000011   88.09130096    0.00000000    0.00000000
   12.63305569   82.10540009    0.00000000    0.00000000
   12.63444424   82.23020172    0.00000000    0.00000000
   12.63638878   84.05879974    0.00000000    0.00000000
   12.63972187   82.82879639    0.00000000    0.00000000
   12.64277744   80.59300232    0.00000000    0.00000000
   12.64583302   82.54540253    0.00000000    0.00000000
   12.64888859   87.09510040    0.00000000    0.00000000
   12.65222168   80.01319885    0.00000000    0.00000000
   12.65527725   87.69899750    0.00000000    0.00000000
   12.65833282   83.59940338    0.00000000    0.00000000
   12.65944386   81.78500366    0.00000000    0.00000000
   12.66166592   83.80370331    0.00000000    0.00000000
   12.66499996   83.34480286    0.00000000    0.00000000
   12.66805553   88.54229736    0.00000000    0.00000000
   12.67111111   83.03260040    0.00000000    0.00000000
   12.67416668   85.89630127    0.00000000    0.00000000
   12.67750072   92.64140320    0.00000000    0.00000000
   12.68055630   84.32790375    0.00000000    0.00000000
   12.68361092   83.34829712    0.00000000    0.00000000
   12.68444443   86.56500244    0.00000000    0.00000000
   12.68694496   83.05670166    0.00000000    0.00000000
   12.69027805   81.65730286    0.00000000    0.00000000
   12.69333363   85.92089844    0.00000000    0.00000000
   12.69638920   83.82170105    0.00000000    0.00000000
   12.69944477   85.45500183    0.00000000    0.00000000
   12.70277786   83.40200043    0.00000000    0.00000000
   12.70583344   85.94760132    0.00000000    0.00000000
   12.70888901   85.16439819    0.00000000    0.00000000
   12.70944405   83.03639984    0.00000000    0.00000000
   12.71222210   82.25920105    0.00000000    0.00000000
   12.71555519   82.55770111    0.00000000    0.00000000
   12.71861076   87.36039734    0.00000000    0.00000000
   12.72166634   82.93789673    0.00000000    0.00000000
   12.72472191   80.91600037    0.00000000    0.00000000
   12.72805500   82.02709961    0.00000000    0.00000000
   12.73111057   83.06639862    0.00000000    0.00000000
   12.73416710   83.42379761    0.00000000    0.00000000
   12.73444462   83.36219788    0.00000000    0.00000000
   12.73777771   83.43419647    0.00000000    0.00000000
   12.74083328   83.56469727    0.00000000    0.00000000
   12.74388885   83.30940247    0.00000000    0.00000000
   12.74722290   79.54940033    0.00000000    0.00000000
   12.75027752   85.53450012    0.00000000    0.00000000
   12.75333309   83.60549927    0.00000000    0.00000000
   12.75638866   84.72640228    0.00000000    0.00000000
   12.75944424   90.27980042    0.00000000    0.00000000
   12.76000023   86.27100372    0.00000000    0.00000000
   12.76305580   87.54799652    0.00000000    0.00000000
   12.76611137   92.11519623    0.00000000    0.00000000
   12.76916599   93.40509796    0.00000000    0.00000000
   12.77250004  110.87599945    0.00000000    0.00000000
   12.77555561  114.13099670    0.00000000    0.00000000
   12.77861118  115.67400360    0.00000000    0.00000000
   12.78194427  129.20100403    0.00000000    0.00000000
   12.78444481  126.91500092    0.00000000    0.00000000
   12.78527832  125.83100128    0.00000000    0.00000000
   12.78833389  130.46400452    0.00000000    0.00000000
   12.79138947  134.69099426    0.00000000    0.00000000
   12.79472256  126.53099823    0.00000000    0.00000000
   12.79777813  125.12100220    0.00000000    0.00000000
   12.80083370  106.32700348    0.00000000    0.00000000
   12.80388927  113.36799622    0.00000000    0.00000000
   12.80722237  100.26300049    0.00000000    0.00000000
   12.80944443  107.86900330    0.00000000    0.00000000
   12.81055546   94.06960297    0.00000000    0.00000000
   12.81361103   95.62090302    0.00000000    0.00000000
   12.81666660   90.63990021    0.00000000    0.00000000
   12.81999969   94.86460114    0.00000000    0.00000000
   12.82305527   96.70379639    0.00000000    0.00000000
   12.82611084  101.28800201    0.00000000    0.00000000
   12.82916641  110.79900360    0.00000000    0.00000000
   12.83249950   97.65350342    0.00000000    0.00000000
   12.83472157   96.18270111    0.00000000    0.00000000
   12.83583260  103.87400055    0.00000000    0.00000000
   12.83888817   98.71420288    0.00000000    0.00000000
   12.84194374   91.91190338    0.00000000    0.00000000
   12.84527779   99.15950012    0.00000000    0.00000000
   12.84833336  106.41899872    0.00000000    0.00000000
   12.85138893  110.05999756    0.00000000    0.00000000
   12.85444450  132.63999939    0.00000000    0.00000000
   12.85777855  181.01100159    0.00000000    0.00000000
   12.86111164   -1.00000000    0.00000000    0.00000000
   12.86416721   -1.00000000    0.00000000    0.00000000
   12.86722279   -1.00000000    0.00000000    0.00000000
   12.87027836   -1.00000000    0.00000000    0.00000000
   12.87361145   -1.00000000    0.00000000    0.00000000
   12.87666702   -1.00000000    0.00000000    0.00000000
   12.87972260   -1.00000000    0.00000000    0.00000000
   12.88305569   -1.00000000    0.00000000    0.00000000
   12.88638878   -1.00000000    0.00000000    0.00000000
   12.88944435   -1.00000000    0.00000000    0.00000000
   12.89249992   -1.00000000    0.00000000    0.00000000
   12.89583302   -1.00000000    0.00000000    0.00000000
   12.89888859   -1.00000000    0.00000000    0.00000000
   12.90194416   -1.00000000    0.00000000    0.00000000
   12.90499973   -1.00000000    0.00000000    0.00000000
   12.90833282   -1.00000000    0.00000000    0.00000000
   12.91166592   -1.00000000    0.00000000    0.00000000
   12.91472149   -1.00000000    0.00000000    0.00000000
   12.91777802   -1.00000000    0.00000000    0.00000000
   12.92111111   -1.00000000    0.00000000    0.00000000
   12.92416668   -1.00000000    0.00000000    0.00000000
   12.92722225   -1.00000000    0.00000000    0.00000000
   12.93027782   -1.00000000    0.00000000    0.00000000
   12.93361092   -1.00000000    0.00000000    0.00000000
   12.93694496   -1.00000000    0.00000000    0.00000000
   12.94000053   -1.00000000    0.00000000    0.00000000
   12.94305515   -1.00000000    0.00000000    0.00000000
   12.94638920   -1.00000000    0.00000000    0.00000000
   12.94944477   -1.00000000    0.00000000    0.00000000
   12.95249939   -1.00000000    0.00000000    0.00000000
   12.95555496  165.99899292    0.00000000    0.00000000
   12.95888901  163.03700256    0.00000000    0.00000000
   12.95972157  116.99099731    0.00000000    0.00000000
   12.96222210  105.95300293    0.00000000    0.00000000
   12.96527767  113.33499908    0.00000000    0.00000000
   12.96861076  113.66899872    0.00000000    0.00000000
   12.97166634  112.76499939    0.00000000    0.00000000
   12.97472191  101.98799896    0.00000000    0.00000000
   12.97805500   98.02020264    0.00000000    0.00000000
   12.98111057  130.30400085    0.00000000    0.00000000
   12.98416710  120.20800018    0.00000000    0.00000000
   12.98472214  134.97700500    0.00000000    0.00000000
   12.98750019  178.89100647    0.00000000    0.00000000
   12.99055576  153.35699463    0.00000000    0.00000000
   12.99361134  175.16900635    0.00000000    0.00000000
   12.99694443  116.43099976    0.00000000    0.00000000
   13.00000000  127.25399780    0.00000000    0.00000000
   13.00305557   99.17849731    0.00000000    0.00000000
   13.00638866   89.85610199    0.00000000    0.00000000
   13.00944424   88.20020294    0.00000000    0.00000000
   13.00972176   87.96070099    0.00000000    0.00000000
   13.01277733   84.91280365    0.00000000    0.00000000
   13.01611137   93.96880341    0.00000000    0.00000000
   13.01916599   85.97959900    0.00000000    0.00000000
   13.02222157   87.03089905    0.00000000    0.00000000
   13.02555561   87.76180267    0.00000000    0.00000000
   13.02861118   88.35220337    0.00000000    0.00000000
   13.03166676   85.75180054    0.00000000    0.00000000
   13.03472233   84.10569763    0.00000000    0.00000000
   13.03500080   90.38059998    0.00000000    0.00000000
   13.03805637   91.56099701    0.00000000    0.00000000
   13.04138947   90.02899933    0.00000000    0.00000000
   13.04444504   96.64620209    0.00000000    0.00000000
   13.04750061   89.74700165    0.00000000    0.00000000
   13.05083370   87.53990173    0.00000000    0.00000000
   13.05388927   82.88890076    0.00000000    0.00000000
   13.05694485   88.09889984    0.00000000    0.00000000
   13.05972195   88.84850311    0.00000000    0.00000000
   13.06027794   87.10220337    0.00000000    0.00000000
   13.06361103   95.76249695    0.00000000    0.00000000
   13.06666660   89.25730133    0.00000000    0.00000000
   13.06972218   97.88249969    0.00000000    0.00000000
   13.07277775   85.81819916    0.00000000    0.00000000
   13.07611084   87.87650299    0.00000000    0.00000000
   13.07916641   90.59950256    0.00000000    0.00000000
   13.08222198   86.70120239    0.00000000    0.00000000
   13.08472157   89.46990204    0.00000000    0.00000000
   13.08555508   89.68229675    0.00000000    0.00000000
   13.08888817   88.14689636    0.00000000    0.00000000
   13.09194374   86.71620178    0.00000000    0.00000000
   13.09499931   90.35559845    0.00000000    0.00000000
   13.09805489   84.31839752    0.00000000    0.00000000
   13.10138893   88.30999756    0.00000000    0.00000000
   13.10444450   89.17870331    0.00000000    0.00000000
   13.10750008   88.53230286    0.00000000    0.00000000
   13.10972214   87.60109711    0.00000000    0.00000000
   13.11083412   86.44460297    0.00000000    0.00000000
   13.11416721   87.22989655    0.00000000    0.00000000
   13.11722279   87.81069946    0.00000000    0.00000000
   13.12027836   84.89099884    0.00000000    0.00000000
   13.12333393   86.92209625    0.00000000    0.00000000
   13.12666702   83.09030151    0.00000000    0.00000000
   13.12972260   84.88800049    0.00000000    0.00000000
   13.13277817   88.00949860    0.00000000    0.00000000
   13.13472176   81.24050140    0.00000000    0.00000000
   13.13611126   83.02030182    0.00000000    0.00000000
   13.13944435   88.83020020    0.00000000    0.00000000
   13.14249992   84.29830170    0.00000000    0.00000000
   13.14555550   88.57579803    0.00000000    0.00000000
   13.14861107   87.35340118    0.00000000    0.00000000
   13.15194416   87.89189911    0.00000000    0.00000000
   13.15499973   89.91539764    0.00000000    0.00000000
   13.15805531   86.36319733    0.00000000    0.00000000
   13.15972137   88.40509796    0.00000000    0.00000000
   13.16138840   86.45379639    0.00000000    0.00000000
   13.16472149   92.12870026    0.00000000    0.00000000
   13.16777802   84.27510071    0.00000000    0.00000000
   13.17083359   86.50090027    0.00000000    0.00000000
   13.17388916   86.17569733    0.00000000    0.00000000
   13.17722225   92.91079712    0.00000000    0.00000000
   13.18027782   89.07769775    0.00000000    0.00000000
   13.18333340   83.94010162    0.00000000    0.00000000
   13.20111084   86.05570221    0.00000000    0.00000000
   13.20333290   83.51599884    0.00000000    0.00000000
   13.20638847   85.64260101    0.00000000    0.00000000
   13.20944405   86.09259796    0.00000000    0.00000000
   13.21277714   83.12480164    0.00000000    0.00000000
   13.21583271   85.24690247    0.00000000    0.00000000
   13.21888828   77.78160095    0.00000000    0.00000000
   13.22222137   82.44180298    0.00000000    0.00000000
   13.22527695   80.90720367    0.00000000    0.00000000
   13.22583294   82.73459625    0.00000000    0.00000000
   13.22861099   80.64189911    0.00000000    0.00000000
   13.23166656   80.57070160    0.00000000    0.00000000
   13.23472214   84.62689972    0.00000000    0.00000000
   13.23777771   83.97010040    0.00000000    0.00000000
   13.24111176   83.23200226    0.00000000    0.00000000
   13.24416733   81.53430176    0.00000000    0.00000000
   13.24722290   83.49250031    0.00000000    0.00000000
   13.25055599   83.80310059    0.00000000    0.00000000
   13.25083351   82.43350220    0.00000000    0.00000000
   13.25388908   90.21720123    0.00000000    0.00000000
   13.25694466   81.91719818    0.00000000    0.00000000
   13.26000023   80.31809998    0.00000000    0.00000000
   13.26305580   83.22730255    0.00000000    0.00000000
   13.26638889   85.84950256    0.00000000    0.00000000
   13.26944447   88.62380219    0.00000000    0.00000000
   13.27250004   87.30429840    0.00000000    0.00000000
   13.27583313   87.62699890    0.00000000    0.00000000
   13.27611065   89.61650085    0.00000000    0.00000000
   13.27916622   87.10430145    0.00000000    0.00000000
   13.28222179   91.30970001    0.00000000    0.00000000
   13.28555584   82.85369873    0.00000000    0.00000000
   13.28861141   88.71700287    0.00000000    0.00000000
   13.29166698   81.07330322    0.00000000    0.00000000
   13.29472256   82.04060364    0.00000000    0.00000000
   13.29805565   85.86370087    0.00000000    0.00000000
   13.30111122   88.00830078    0.00000000    0.00000000
   13.30138874   90.70230103    0.00000000    0.00000000
   13.30444431   88.58309937    0.00000000    0.00000000
   13.30777836   83.34690094    0.00000000    0.00000000
   13.31083393   81.77619934    0.00000000    0.00000000
   13.31388950   86.84539795    0.00000000    0.00000000
   13.31694412   85.96690369    0.00000000    0.00000000
   13.32027817   84.80870056    0.00000000    0.00000000
   13.32333374   84.63490295    0.00000000    0.00000000
   13.32611084   85.91719818    0.00000000    0.00000000
   13.32666683   82.36759949    0.00000000    0.00000000
   13.32972240   87.68299866    0.00000000    0.00000000
   13.33305550   83.77639771    0.00000000    0.00000000
   13.33611107   86.25399780    0.00000000    0.00000000
   13.33916664   89.56520081    0.00000000    0.00000000
   13.34222221   84.92729950    0.00000000    0.00000000
   13.34555531   83.01670074    0.00000000    0.00000000
   13.34861088   86.76779938    0.00000000    0.00000000
   13.35111141   86.26670074    0.00000000    0.00000000
   13.35194492   84.42030334    0.00000000    0.00000000
   13.35500050   85.17299652    0.00000000    0.00000000
   13.35833359   85.77629852    0.00000000    0.00000000
   13.36138916   82.61350250    0.00000000    0.00000000
   13.36444473   78.76760101    0.00000000    0.00000000
   13.36750031   84.76239777    0.00000000    0.00000000
   13.37083340   83.11029816    0.00000000    0.00000000
   13.37388897   82.16120148    0.00000000    0.00000000
   13.37611103   80.80580139    0.00000000    0.00000000
   13.37722206   85.21640015    0.00000000    0.00000000
   13.38027763   83.54250336    0.00000000    0.00000000
   13.38361073   83.01969910    0.00000000    0.00000000
   13.38666630   82.17990112    0.00000000    0.00000000
   13.38972187   84.92089844    0.00000000    0.00000000
   13.39277744   82.20330048    0.00000000    0.00000000
   13.39611053   85.67659760    0.00000000    0.00000000
   13.39916611   83.51580048    0.00000000    0.00000000
   13.40111065   84.23750305    0.00000000    0.00000000
   13.40249920   83.99610138    0.00000000    0.00000000
   13.40555477   82.12249756    0.00000000    0.00000000
   13.40888882   84.65850067    0.00000000    0.00000000
   13.41194439   86.31770325    0.00000000    0.00000000
   13.41499996   82.56929779    0.00000000    0.00000000
   13.41805553   80.83989716    0.00000000    0.00000000
   13.42138958   83.19349670    0.00000000    0.00000000
   13.42444515   89.00350189    0.00000000    0.00000000
   13.42611122   83.44950104    0.00000000    0.00000000
   13.42777824   79.67489624    0.00000000    0.00000000
   13.43083382   82.47160339    0.00000000    0.00000000
   13.43416691   83.53869629    0.00000000    0.00000000
   13.43722248   86.31729889    0.00000000    0.00000000
   13.44027805   82.35070038    0.00000000    0.00000000
   13.44333363   84.08039856    0.00000000    0.00000000
   13.44666672   88.62110138    0.00000000    0.00000000
   13.44972229   84.02490234    0.00000000    0.00000000
   13.45111084   87.07340240    0.00000000    0.00000000
   13.45305538   84.46939850    0.00000000    0.00000000
   13.45611095   84.92510223    0.00000000    0.00000000
   13.45944405   83.57649994    0.00000000    0.00000000
   13.46249962   84.50679779    0.00000000    0.00000000
   13.46555519   82.38539886    0.00000000    0.00000000
   13.46888828   82.79360199    0.00000000    0.00000000
   13.47194386   79.22309875    0.00000000    0.00000000
   13.47499943   90.10820007    0.00000000    0.00000000
   13.47611046   83.05449677    0.00000000    0.00000000
   13.47833252   86.33670044    0.00000000    0.00000000
   13.48138809   79.53070068    0.00000000    0.00000000
   13.48472214   87.97419739    0.00000000    0.00000000
   13.48777771   86.26999664    0.00000000    0.00000000
   13.49083328   81.29609680    0.00000000    0.00000000
   13.49416733   88.19629669    0.00000000    0.00000000
   13.49722290   84.37940216    0.00000000    0.00000000
   13.50027752   79.15249634    0.00000000    0.00000000
   13.50111103   79.97339630    0.00000000    0.00000000
   13.50361156   85.72509766    0.00000000    0.00000000
   13.50666714   83.58989716    0.00000000    0.00000000
   13.51000023   84.17630005    0.00000000    0.00000000
   13.51305580   81.98200226    0.00000000    0.00000000
   13.51611137   85.49330139    0.00000000    0.00000000
   13.51944447   80.96669769    0.00000000    0.00000000
   13.52250004   86.10320282    0.00000000    0.00000000
   13.52555561   81.07260132    0.00000000    0.00000000
   13.52611065   86.23760223    0.00000000    0.00000000
   13.52888870   86.80110168    0.00000000    0.00000000
   13.53194427   78.62129974    0.00000000    0.00000000
   13.53527832   84.28919983    0.00000000    0.00000000
   13.53833389   85.64289856    0.00000000    0.00000000
   13.54138947   88.05259705    0.00000000    0.00000000
   13.54472256   84.97650146    0.00000000    0.00000000
   13.54777813   83.29530334    0.00000000    0.00000000
   13.55083370   83.66919708    0.00000000    0.00000000
   13.55111122   78.11630249    0.00000000    0.00000000
   13.55444431   82.40989685    0.00000000    0.00000000
   13.55749989   84.88059998    0.00000000    0.00000000
   13.56055546   85.22070313    0.00000000    0.00000000
   13.56361103   83.34519958    0.00000000    0.00000000
   13.56694412   81.91979980    0.00000000    0.00000000
   13.56999969   89.84069824    0.00000000    0.00000000
   13.57305527   87.17639923    0.00000000    0.00000000
   13.57611084   83.22679901    0.00000000    0.00000000
   13.57638836   82.86430359    0.00000000    0.00000000
   13.57972240   82.09590149    0.00000000    0.00000000
   13.58277798   85.03579712    0.00000000    0.00000000
   13.58583260   85.04979706    0.00000000    0.00000000
   13.58916664   83.72930145    0.00000000    0.00000000
   13.59222221   90.55549622    0.00000000    0.00000000
   13.59527779   82.45639801    0.00000000    0.00000000
   13.59861088   91.83750153    0.00000000    0.00000000
   13.60111141   85.37200165    0.00000000    0.00000000
   13.60166740   83.18049622    0.00000000    0.00000000
   13.60500050   83.93219757    0.00000000    0.00000000
   13.60805607   89.53079987    0.00000000    0.00000000
   13.61111164   81.86669922    0.00000000    0.00000000
   13.61444473   82.35220337    0.00000000    0.00000000
   13.61750031   82.75170135    0.00000000    0.00000000
   13.62055588   86.08599854    0.00000000    0.00000000
   13.62361145   83.81919861    0.00000000    0.00000000
   13.62611103   81.13909912    0.00000000    0.00000000
   13.62722206   83.09259796    0.00000000    0.00000000
   13.63027763   81.69699860    0.00000000    0.00000000
   13.63333321   85.49199677    0.00000000    0.00000000
   13.63638878   84.32659912    0.00000000    0.00000000
   13.63972187   83.67430115    0.00000000    0.00000000
   13.64277744   84.56349945    0.00000000    0.00000000
   13.64583302   82.98370361    0.00000000    0.00000000
   13.64888859   86.12229919    0.00000000    0.00000000
   13.65111065   85.95999908    0.00000000    0.00000000
   13.65249920   83.77749634    0.00000000    0.00000000
   13.65555477   88.04100037    0.00000000    0.00000000
   13.65861034   82.34110260    0.00000000    0.00000000
   13.66166592   83.07859802    0.00000000    0.00000000
   13.66499996   85.14790344    0.00000000    0.00000000
   13.66805553   82.29190063    0.00000000    0.00000000
   13.67111111   80.23699951    0.00000000    0.00000000
   13.67416668   81.43869781    0.00000000    0.00000000
   13.67611122   80.97119904    0.00000000    0.00000000
   13.67777824   83.69499969    0.00000000    0.00000000
   13.68083382   85.87719727    0.00000000    0.00000000
   13.68388939   83.78559875    0.00000000    0.00000000
   13.68694496   90.65660095    0.00000000    0.00000000
   13.69027805   81.02110291    0.00000000    0.00000000
   13.69333363   80.78170013    0.00000000    0.00000000
   13.69638920   83.32649994    0.00000000    0.00000000
   13.69944477   84.30130005    0.00000000    0.00000000
   13.70111084   82.96269989    0.00000000    0.00000000
   13.70305538   84.05229950    0.00000000    0.00000000
   13.70611095   83.52279663    0.00000000    0.00000000
   13.70916653   85.88289642    0.00000000    0.00000000
   13.71222210   87.88169861    0.00000000    0.00000000
   13.71555519   86.61789703    0.00000000    0.00000000
   13.71861076   88.31839752    0.00000000    0.00000000
   13.72166634   87.39669800    0.00000000    0.00000000
   13.72472191   91.28019714    0.00000000    0.00000000
   13.72611046   87.02529907    0.00000000    0.00000000
   13.72833252   86.78849792    0.00000000    0.00000000
   13.73138809   84.34200287    0.00000000    0.00000000
   13.73444462   81.40509796    0.00000000    0.00000000
   13.73750019   83.34719849    0.00000000    0.00000000
   13.74083328   87.22219849    0.00000000    0.00000000
   13.74388885   85.47750092    0.00000000    0.00000000
   13.74694443   88.51779938    0.00000000    0.00000000
   13.75000000   84.94650269    0.00000000    0.00000000
   13.75111103   86.89330292    0.00000000    0.00000000
   13.75361156   84.33679962    0.00000000    0.00000000
   13.75666714   85.39369965    0.00000000    0.00000000
   13.75972176   89.97830200    0.00000000    0.00000000
   13.76277733   88.26110077    0.00000000    0.00000000
   13.76611137   88.57409668    0.00000000    0.00000000
   13.76916599   90.23449707    0.00000000    0.00000000
   13.77222157   88.89279938    0.00000000    0.00000000
   13.77555561   86.21240234    0.00000000    0.00000000
   13.77611065   96.71109772    0.00000000    0.00000000
   13.77888870   82.94599915    0.00000000    0.00000000
   13.78194427   91.88590240    0.00000000    0.00000000
   13.78500080   88.34889984    0.00000000    0.00000000
   13.78805637   92.78759766    0.00000000    0.00000000
   13.79138947   90.69640350    0.00000000    0.00000000
   13.79444504   91.32270050    0.00000000    0.00000000
   13.79750061   89.94270325    0.00000000    0.00000000
   13.80083370   83.41590118    0.00000000    0.00000000
   13.80111122   90.69730377    0.00000000    0.00000000
   13.80416679   90.93250275    0.00000000    0.00000000
   13.80722237   91.66549683    0.00000000    0.00000000
   13.81027794   89.04570007    0.00000000    0.00000000
   13.81333351   85.95349884    0.00000000    0.00000000
   13.81666660   87.34639740    0.00000000    0.00000000
   13.81972218   89.04380035    0.00000000    0.00000000
   13.82277775   85.03140259    0.00000000    0.00000000
   13.82611084   92.45760345    0.00000000    0.00000000
   13.82638836   89.82450104    0.00000000    0.00000000
   13.82944393   83.64610291    0.00000000    0.00000000
   13.83249950   89.35299683    0.00000000    0.00000000
   13.83583260   86.11470032    0.00000000    0.00000000
   13.83888817   89.67520142    0.00000000    0.00000000
   13.84194374   88.66030121    0.00000000    0.00000000
   13.84499931   85.68190002    0.00000000    0.00000000
   13.84833336   85.78230286    0.00000000    0.00000000
   13.85138893   86.76399994    0.00000000    0.00000000
   13.85166740   85.75160217    0.00000000    0.00000000
   13.85472298   85.99530029    0.00000000    0.00000000
   13.85777855   88.00749969    0.00000000    0.00000000
   13.86111164   84.98040009    0.00000000    0.00000000
   13.86416721   86.11869812    0.00000000    0.00000000
   13.86722279   84.68160248    0.00000000    0.00000000
   13.87055588   85.84739685    0.00000000    0.00000000
   13.87361145   84.55690002    0.00000000    0.00000000
   13.87638855   93.24839783    0.00000000    0.00000000
   13.87694454   84.82479858    0.00000000    0.00000000
   13.88000011   88.81490326    0.00000000    0.00000000
   13.88305569   88.76149750    0.00000000    0.00000000
   13.88638878   88.13269806    0.00000000    0.00000000
   13.88944435   89.55090332    0.00000000    0.00000000
   13.89249992   94.59290314    0.00000000    0.00000000
   13.89583302   85.16010284    0.00000000    0.00000000
   13.89888859   87.41860199    0.00000000    0.00000000
   13.90138817   91.27459717    0.00000000    0.00000000
   13.90222168   90.73339844    0.00000000    0.00000000
   13.90527725   98.18979645    0.00000000    0.00000000
   13.90861034   89.16329956    0.00000000    0.00000000
   13.91166592   85.76599884    0.00000000    0.00000000
   13.91472149   88.89129639    0.00000000    0.00000000
   13.91777802   87.66410065    0.00000000    0.00000000
   13.92111111   90.37889862    0.00000000    0.00000000
   13.92416668   95.85479736    0.00000000    0.00000000
   13.92638874   93.29959869    0.00000000    0.00000000
   13.92750072   90.65930176    0.00000000    0.00000000
   13.93055630   92.55660248    0.00000000    0.00000000
   13.93388939   93.44570160    0.00000000    0.00000000
   13.93694496   93.95960236    0.00000000    0.00000000
   13.94000053   91.45580292    0.00000000    0.00000000
   13.94305515   91.46330261    0.00000000    0.00000000
   13.94638920   86.82479858    0.00000000    0.00000000
   13.94944477   89.12300110    0.00000000    0.00000000
   13.95138836   93.42610168    0.00000000    0.00000000
   13.95277786   88.84439850    0.00000000    0.00000000
   13.95583344   87.02660370    0.00000000    0.00000000
   13.95916653   87.99040222    0.00000000    0.00000000
   13.96222210   89.47810364    0.00000000    0.00000000
   13.96527767   86.95760345    0.00000000    0.00000000
   13.96833324   89.22769928    0.00000000    0.00000000
   13.97166634   91.13800049    0.00000000    0.00000000
   13.97472191   92.88009644    0.00000000    0.00000000
   13.97638798   89.31050110    0.00000000    0.00000000
   13.97805500   89.50579834    0.00000000    0.00000000
   13.98111057   82.93900299    0.00000000    0.00000000
   13.98444462   90.30339813    0.00000000    0.00000000
   13.98750019   87.47979736    0.00000000    0.00000000
   13.99055576   81.20680237    0.00000000    0.00000000
   13.99361134   87.51699829    0.00000000    0.00000000
   13.99694443   92.86280060    0.00000000    0.00000000
   14.00000000   86.76629639    0.00000000    0.00000000
   14.00138855   90.31529999    0.00000000    0.00000000
   14.00333309   87.36889648    0.00000000    0.00000000
   14.00638866   89.13120270    0.00000000    0.00000000
   14.00972176   88.27790070    0.00000000    0.00000000
   14.01277733   93.10590363    0.00000000    0.00000000
   14.01583290   87.28679657    0.00000000    0.00000000
   14.01888847   91.07460022    0.00000000    0.00000000
   14.02222157   86.89589691    0.00000000    0.00000000
   14.02527714   91.18939972    0.00000000    0.00000000
   14.02638817   91.22299957    0.00000000    0.00000000
   14.02861118   90.88719940    0.00000000    0.00000000
   14.03166676   92.80039978    0.00000000    0.00000000
   14.03500080   90.58419800    0.00000000    0.00000000
   14.03805637   88.42829895    0.00000000    0.00000000
   14.04111195   84.71749878    0.00000000    0.00000000
   14.04416752   85.89170074    0.00000000    0.00000000
   14.04750061   86.42500305    0.00000000    0.00000000
   14.05055618   90.54100037    0.00000000    0.00000000
   14.05138874   83.62390137    0.00000000    0.00000000
   14.05388927   90.37979889    0.00000000    0.00000000
   14.05694485   82.04149628    0.00000000    0.00000000
   14.06027794   83.39969635    0.00000000    0.00000000
   14.06333351   84.19149780    0.00000000    0.00000000
   14.06638908   89.01100159    0.00000000    0.00000000
   14.06972218   89.35620117    0.00000000    0.00000000
   14.07277775   86.32669830    0.00000000    0.00000000
   14.07583332   84.74340057    0.00000000    0.00000000
   14.07638836   85.69390106    0.00000000    0.00000000
   14.07916641   84.04270172    0.00000000    0.00000000
   14.08222198   88.38729858    0.00000000    0.00000000
   14.08555508   91.59590149    0.00000000    0.00000000
   14.08861065   88.24549866    0.00000000    0.00000000
   14.09166622   88.40010071    0.00000000    0.00000000
   14.09499931   89.10260010    0.00000000    0.00000000
   14.09805489   84.35189819    0.00000000    0.00000000
   14.10111141   86.56900024    0.00000000    0.00000000
   14.10138893   95.23819733    0.00000000    0.00000000
   14.10472298   82.89430237    0.00000000    0.00000000
   14.10777855   88.19180298    0.00000000    0.00000000
   14.11083412   87.22260284    0.00000000    0.00000000
   14.11388969   90.19219971    0.00000000    0.00000000
   14.11722279   81.69809723    0.00000000    0.00000000
   14.12027836   85.93229675    0.00000000    0.00000000
   14.12333393   86.61889648    0.00000000    0.00000000
   14.12638855   91.51509857    0.00000000    0.00000000
   14.12666702   87.51110077    0.00000000    0.00000000
   14.13000011   85.88990021    0.00000000    0.00000000
   14.13305569   88.07150269    0.00000000    0.00000000
   14.13611126   84.32579803    0.00000000    0.00000000
   14.13944435   85.30429840    0.00000000    0.00000000
   14.14249992   86.78469849    0.00000000    0.00000000
   14.14555550   88.47229767    0.00000000    0.00000000
   14.14861107   85.23159790    0.00000000    0.00000000
   14.15138817   90.45159912    0.00000000    0.00000000
   14.15194416   88.87210083    0.00000000    0.00000000
   14.15527725   91.04450226    0.00000000    0.00000000
   14.15833282   90.35340118    0.00000000    0.00000000
   14.16138840   90.91239929    0.00000000    0.00000000
   14.16472149   89.25140381    0.00000000    0.00000000
   14.16777802   88.27159882    0.00000000    0.00000000
   14.17083359   91.69210052    0.00000000    0.00000000
   14.17388916   84.27310181    0.00000000    0.00000000
   14.17638874   86.46199799    0.00000000    0.00000000
   14.17750072   87.28520203    0.00000000    0.00000000
   14.18055630   90.49230194    0.00000000    0.00000000
   14.18361092   83.91719818    0.00000000    0.00000000
   14.18666649   89.18820190    0.00000000    0.00000000
   14.19000053   85.33660126    0.00000000    0.00000000
   14.19305515   85.82319641    0.00000000    0.00000000
   14.19611073   90.15010071    0.00000000    0.00000000
   14.19944477   79.08560181    0.00000000    0.00000000
   14.21777725   87.41519928    0.00000000    0.00000000
   14.21916580   85.35189819    0.00000000    0.00000000
   14.22222137   87.51830292    0.00000000    0.00000000
   14.22527695   84.34850311    0.00000000    0.00000000
   14.22861099   90.72789764    0.00000000    0.00000000
   14.23166656   84.61699677    0.00000000    0.00000000
   14.23500061   88.48850250    0.00000000    0.00000000
   14.23805618   86.73169708    0.00000000    0.00000000
   14.24111176   86.83969879    0.00000000    0.00000000
   14.24250031   95.29109955    0.00000000    0.00000000
   14.24472237   87.66799927    0.00000000    0.00000000
   14.24777794   98.78269958    0.00000000    0.00000000
   14.25083351   86.62609863    0.00000000    0.00000000
   14.25416660   85.53639984    0.00000000    0.00000000
   14.25722218   82.69750214    0.00000000    0.00000000
   14.26027775   87.38430023    0.00000000    0.00000000
   14.26333332   86.56710052    0.00000000    0.00000000
   14.26666641   90.85859680    0.00000000    0.00000000
   14.26749992   88.87650299    0.00000000    0.00000000
   14.26999950   84.80480194    0.00000000    0.00000000
   14.27305508   80.88480377    0.00000000    0.00000000
   14.27611065   83.48919678    0.00000000    0.00000000
   14.27944374   88.14710236    0.00000000    0.00000000
   14.28249931   85.24210358    0.00000000    0.00000000
   14.28555584   85.86049652    0.00000000    0.00000000
   14.28861141   90.62629700    0.00000000    0.00000000
   14.29194450   87.05629730    0.00000000    0.00000000
   14.29250050   83.46489716    0.00000000    0.00000000
   14.29527855   90.70549774    0.00000000    0.00000000
   14.29833412   90.77580261    0.00000000    0.00000000
   14.30138874   93.04830170    0.00000000    0.00000000
   14.30472279   85.86869812    0.00000000    0.00000000
   14.30777836   86.93879700    0.00000000    0.00000000
   14.31083393   84.40750122    0.00000000    0.00000000
   14.31388950   91.49019623    0.00000000    0.00000000
   14.31722260   90.57080078    0.00000000    0.00000000
   14.31750011   83.39659882    0.00000000    0.00000000
   14.32055569   85.07859802    0.00000000    0.00000000
   14.32361126   93.63700104    0.00000000    0.00000000
   14.32666683   85.07779694    0.00000000    0.00000000
   14.32999992   88.55439758    0.00000000    0.00000000
   14.33305550   84.82759857    0.00000000    0.00000000
   14.33611107   94.43640137    0.00000000    0.00000000
   14.33916664   87.28340149    0.00000000    0.00000000
   14.34249973   86.86879730    0.00000000    0.00000000
   14.34277725   91.04170227    0.00000000    0.00000000
   14.34583282   85.51260376    0.00000000    0.00000000
   14.34888840   87.25879669    0.00000000    0.00000000
   14.35222244   93.78050232    0.00000000    0.00000000
   14.35527802   85.49639893    0.00000000    0.00000000
   14.35833359   85.21330261    0.00000000    0.00000000
   14.36166668   92.38899994    0.00000000    0.00000000
   14.36472225   87.88390350    0.00000000    0.00000000
   14.36777782   85.52279663    0.00000000    0.00000000
   14.36805534   86.41600037    0.00000000    0.00000000
   14.37111092   85.29260254    0.00000000    0.00000000
   14.37444496   83.84339905    0.00000000    0.00000000
   14.37750053   88.08799744    0.00000000    0.00000000
   14.38055611   90.14569855    0.00000000    0.00000000
   14.38361073   92.69499969    0.00000000    0.00000000
   14.38694477  113.56300354    0.00000000    0.00000000
   14.39000034  115.45899963    0.00000000    0.00000000
   14.39277744  153.51499939    0.00000000    0.00000000
   14.39333344  249.53500366    0.00000000    0.00000000
   14.39638901   -1.00000000    0.00000000    0.00000000
   14.39972210  131.50399780    0.00000000    0.00000000
   14.40277767   99.82740021    0.00000000    0.00000000
   14.40583324  113.22899628    0.00000000    0.00000000
   14.40888882  253.80099487    0.00000000    0.00000000
   14.41222191  177.66700745    0.00000000    0.00000000
   14.41527748  125.56600189    0.00000000    0.00000000
   14.41777802  193.45500183    0.00000000    0.00000000
   14.41861153  142.81500244    0.00000000    0.00000000
   14.42166710  100.98000336    0.00000000    0.00000000
   14.42500019  119.80400085    0.00000000    0.00000000
   14.42805576  140.19999695    0.00000000    0.00000000
   14.43111134  134.59599304    0.00000000    0.00000000
   14.43444443  100.57800293    0.00000000    0.00000000
   14.43750000   97.40119934    0.00000000    0.00000000
   14.44055557   91.06719971    0.00000000    0.00000000
   14.44277763   91.14340210    0.00000000    0.00000000
   14.44388866   88.40630341    0.00000000    0.00000000
   14.44694424   96.90350342    0.00000000    0.00000000
   14.45027733   86.92040253    0.00000000    0.00000000
   14.45333290   94.75060272    0.00000000    0.00000000
   14.45638847   92.00090027    0.00000000    0.00000000
   14.45972157   90.37640381    0.00000000    0.00000000
   14.46277714   94.09739685    0.00000000    0.00000000
   14.46583271   85.86969757    0.00000000    0.00000000
   14.46777725   93.68910217    0.00000000    0.00000000
   14.46916580   87.07360077    0.00000000    0.00000000
   14.47222137   91.20929718    0.00000000    0.00000000
   14.47555542   88.29280090    0.00000000    0.00000000
   14.47861099  106.34600067    0.00000000    0.00000000
   14.48166656   95.60420227    0.00000000    0.00000000
   14.48500061  101.31500244    0.00000000    0.00000000
   14.48805618   92.04979706    0.00000000    0.00000000
   14.49111176   90.60050201    0.00000000    0.00000000
   14.49277782   93.59919739    0.00000000    0.00000000
   14.49444485  114.06400299    0.00000000    0.00000000
   14.49750042   -1.00000000    0.00000000    0.00000000
   14.50083351  258.74700928    0.00000000    0.00000000
   14.50388908   -1.00000000    0.00000000    0.00000000
   14.50694466   -1.00000000    0.00000000    0.00000000
   14.51027775   -1.00000000    0.00000000    0.00000000
   14.51333332   -1.00000000    0.00000000    0.00000000
   14.51638889   -1.00000000    0.00000000    0.00000000
   14.51972198   -1.00000000    0.00000000    0.00000000
   14.52277756   -1.00000000    0.00000000    0.00000000
   14.52611065   -1.00000000    0.00000000    0.00000000
   14.52916622   -1.00000000    0.00000000    0.00000000
   14.53222179   -1.00000000    0.00000000    0.00000000
   14.53555584   -1.00000000    0.00000000    0.00000000
   14.53861141   -1.00000000    0.00000000    0.00000000
   14.54166698   -1.00000000    0.00000000    0.00000000
   14.54500008   -1.00000000    0.00000000    0.00000000
   14.54805565   -1.00000000    0.00000000    0.00000000
   14.55138874   -1.00000000    0.00000000    0.00000000
   14.55444431   -1.00000000    0.00000000    0.00000000
   14.55749989   -1.00000000    0.00000000    0.00000000
   14.56083393   -1.00000000    0.00000000    0.00000000
   14.56388950   -1.00000000    0.00000000    0.00000000
   14.56694412   -1.00000000    0.00000000    0.00000000
   14.57027817   -1.00000000    0.00000000    0.00000000
   14.57361126  228.78999329    0.00000000    0.00000000
   14.57666683  210.45199585    0.00000000    0.00000000
   14.57972240  123.31199646    0.00000000    0.00000000
   14.58277798  113.33999634    0.00000000    0.00000000
   14.58611107  131.59500122    0.00000000    0.00000000
   14.58916664   88.80770111    0.00000000    0.00000000
   14.59222221  114.32099915    0.00000000    0.00000000
   14.59277725  128.44799805    0.00000000    0.00000000
   14.59555531   80.82820129    0.00000000    0.00000000
   14.59888840   -1.00000000    0.00000000    0.00000000
   14.60194492   -1.00000000    0.00000000    0.00000000
   14.60500050   -1.00000000    0.00000000    0.00000000
   14.60805607   -1.00000000    0.00000000    0.00000000
   14.61138916   -1.00000000    0.00000000    0.00000000
   14.61444473   -1.00000000    0.00000000    0.00000000
   14.61750031   -1.00000000    0.00000000    0.00000000
   14.62111092   -1.00000000    0.00000000    0.00000000
   14.62416649   -1.00000000    0.00000000    0.00000000
   14.62722206   -1.00000000    0.00000000    0.00000000
   14.63027763   -1.00000000    0.00000000    0.00000000
   14.63361073   -1.00000000    0.00000000    0.00000000
   14.63666630   -1.00000000    0.00000000    0.00000000
   14.63972187   -1.00000000    0.00000000    0.00000000
   14.64305496   -1.00000000    0.00000000    0.00000000
   14.64638901   -1.00000000    0.00000000    0.00000000
   14.64944458   -1.00000000    0.00000000    0.00000000
   14.65249920   -1.00000000    0.00000000    0.00000000
   14.65583324   -1.00000000    0.00000000    0.00000000
   14.65888882   -1.00000000    0.00000000    0.00000000
   14.66194439   -1.00000000    0.00000000    0.00000000
   14.66499996   49.13600159    0.00000000    0.00000000
   14.66861153   -1.00000000    0.00000000    0.00000000
   14.67166710   -1.00000000    0.00000000    0.00000000
   14.67472267   -1.00000000    0.00000000    0.00000000
   14.67777824   -1.00000000    0.00000000    0.00000000
   14.68111134   -1.00000000    0.00000000    0.00000000
   14.68416691   -1.00000000    0.00000000    0.00000000
   14.68722248   -1.00000000    0.00000000    0.00000000
   14.69027805   -1.00000000    0.00000000    0.00000000
   14.69388866   -1.00000000    0.00000000    0.00000000
   14.69694424   -1.00000000    0.00000000    0.00000000
   14.69999981   -1.00000000    0.00000000    0.00000000
   14.70305538   -1.00000000    0.00000000    0.00000000
   14.70638847   -1.00000000    0.00000000    0.00000000
   14.70944405   -1.00000000    0.00000000    0.00000000
   14.71249962   -1.00000000    0.00000000    0.00000000
   14.71555519  203.45899963    0.00000000    0.00000000
   14.71777725  109.65899658    0.00000000    0.00000000
   14.71916580   -1.00000000    0.00000000    0.00000000
   14.72222137   86.91230011    0.00000000    0.00000000
   14.72527695   89.42559814    0.00000000    0.00000000
   14.72833252   88.84369659    0.00000000    0.00000000
   14.73166656   89.67389679    0.00000000    0.00000000
   14.73472214  161.48399353    0.00000000    0.00000000
   14.73777771   -1.00000000    0.00000000    0.00000000
   14.74111176   -1.00000000    0.00000000    0.00000000
   14.74444485   -1.00000000    0.00000000    0.00000000
   14.74750042   34.49580002    0.00000000    0.00000000
   14.75055599  113.83799744    0.00000000    0.00000000
   14.75361156  125.54000092    0.00000000    0.00000000
   14.75694466   -1.00000000    0.00000000    0.00000000
   14.76000023   -1.00000000    0.00000000    0.00000000
   14.76305580   -1.00000000    0.00000000    0.00000000
   14.76611137   -1.00000000    0.00000000    0.00000000
   14.76972198   -1.00000000    0.00000000    0.00000000
   14.77277756   -1.00000000    0.00000000    0.00000000
   14.77583313   -1.00000000    0.00000000    0.00000000
   14.77888870   -1.00000000    0.00000000    0.00000000
   14.78222179   -1.00000000    0.00000000    0.00000000
   14.78527832   -1.00000000    0.00000000    0.00000000
   14.78833389   -1.00000000    0.00000000    0.00000000
   14.79138947   -1.00000000    0.00000000    0.00000000
   14.79500008   -1.00000000    0.00000000    0.00000000
   14.79805565   -1.00000000    0.00000000    0.00000000
   14.80111122   -1.00000000    0.00000000    0.00000000
   14.80416679   -1.00000000    0.00000000    0.00000000
   14.80749989   -1.00000000    0.00000000    0.00000000
   14.81055546   -1.00000000    0.00000000    0.00000000
   14.81361103   -1.00000000    0.00000000    0.00000000
   14.81666660   -1.00000000    0.00000000    0.00000000
   14.82027817   -1.00000000    0.00000000    0.00000000
   14.82333374   -1.00000000    0.00000000    0.00000000
   14.82638836   -1.00000000    0.00000000    0.00000000
   14.82944393   -1.00000000    0.00000000    0.00000000
   14.83277798   -1.00000000    0.00000000    0.00000000
   14.83583260   -1.00000000    0.00000000    0.00000000
   14.83888817   -1.00000000    0.00000000    0.00000000
   14.84222221   -1.00000000    0.00000000    0.00000000
   14.84555531   -1.00000000    0.00000000    0.00000000
   14.84861088   -1.00000000    0.00000000    0.00000000
   14.85166740   -1.00000000    0.00000000    0.00000000
   14.85472298   -1.00000000    0.00000000    0.00000000
   14.85805607   -1.00000000    0.00000000    0.00000000
   14.86111164   -1.00000000    0.00000000    0.00000000
   14.86416721   -1.00000000    0.00000000    0.00000000
   14.86750031   -1.00000000    0.00000000    0.00000000
   14.87083340   -1.00000000    0.00000000    0.00000000
   14.87388897   -1.00000000    0.00000000    0.00000000
   14.87694454   -1.00000000    0.00000000    0.00000000
   14.88027763   -1.00000000    0.00000000    0.00000000
   14.88333321   -1.00000000    0.00000000    0.00000000
   14.88638878   -1.00000000    0.00000000    0.00000000
   14.88944435   -1.00000000    0.00000000    0.00000000
   14.89277744   -1.00000000    0.00000000    0.00000000
   14.89611053   -1.00000000    0.00000000    0.00000000
   14.89916611   -1.00000000    0.00000000    0.00000000
   14.90249920   -1.00000000    0.00000000    0.00000000
   14.90555477   -1.00000000    0.00000000    0.00000000
   14.90861034   -1.00000000    0.00000000    0.00000000
   14.91166592   -1.00000000    0.00000000    0.00000000
   14.91499996  197.23500061    0.00000000    0.00000000
   14.91833401   -1.00000000    0.00000000    0.00000000
   14.92138958   -1.00000000    0.00000000    0.00000000
   14.92444515   -1.00000000    0.00000000    0.00000000
   14.92777824   -1.00000000    0.00000000    0.00000000
   14.93083382   -1.00000000    0.00000000    0.00000000
   14.93388939   -1.00000000    0.00000000    0.00000000
   14.93694496   -1.00000000    0.00000000    0.00000000
   14.94027805   -1.00000000    0.00000000    0.00000000
   14.94361115   -1.00000000    0.00000000    0.00000000
   14.94666672   -1.00000000    0.00000000    0.00000000
   14.94972229   -1.00000000    0.00000000    0.00000000
   14.95305538   -1.00000000    0.00000000    0.00000000
   14.95611095   -1.00000000    0.00000000    0.00000000
   14.95916653   -1.00000000    0.00000000    0.00000000
   14.96222210   -1.00000000    0.00000000    0.00000000
   14.96555519   -1.00000000    0.00000000    0.00000000
   14.96888828   -1.00000000    0.00000000    0.00000000
   14.97194386   -1.00000000    0.00000000    0.00000000
   14.97499943   -1.00000000    0.00000000    0.00000000
   14.97833252   -1.00000000    0.00000000    0.00000000
   14.98138809   -1.00000000    0.00000000    0.00000000
   14.98444462   -1.00000000    0.00000000    0.00000000
   14.98777771   -1.00000000    0.00000000    0.00000000
   14.99083328   -1.00000000    0.00000000    0.00000000
   14.99416733   -1.00000000    0.00000000    0.00000000
   14.99722290   -1.00000000    0.00000000    0.00000000
   15.00027752   -1.00000000    0.00000000    0.00000000
   15.00361156   -1.00000000    0.00000000    0.00000000
   15.00666714   -1.00000000    0.00000000    0.00000000
   15.00972176   -1.00000000    0.00000000    0.00000000
   15.01305580   -1.00000000    0.00000000    0.00000000
   15.01611137   -1.00000000    0.00000000    0.00000000
   15.01944447   -1.00000000    0.00000000    0.00000000
   15.02250004   -1.00000000    0.00000000    0.00000000
   15.02583313   -1.00000000    0.00000000    0.00000000
   15.02888870   -1.00000000    0.00000000    0.00000000
   15.03194427   -1.00000000    0.00000000    0.00000000
   15.03500080   -1.00000000    0.00000000    0.00000000
   15.03833389   -1.00000000    0.00000000    0.00000000
   15.04138947   -1.00000000    0.00000000    0.00000000
   15.04472256   -1.00000000    0.00000000    0.00000000
   15.04777813   -1.00000000    0.00000000    0.00000000
   15.05111122   -1.00000000    0.00000000    0.00000000
   15.05416679   -1.00000000    0.00000000    0.00000000
   15.05722237   -1.00000000    0.00000000    0.00000000
   15.06027794   -1.00000000    0.00000000    0.00000000
   15.06361103   -1.00000000    0.00000000    0.00000000
   15.06666660   -1.00000000    0.00000000    0.00000000
   15.06999969   -1.00000000    0.00000000    0.00000000
   15.07305527   -1.00000000    0.00000000    0.00000000
   15.07638836   -1.00000000    0.00000000    0.00000000
   15.07944393   -1.00000000    0.00000000    0.00000000
   15.08249950   -1.00000000    0.00000000    0.00000000
   15.08555508   -1.00000000    0.00000000    0.00000000
   15.08888817   -1.00000000    0.00000000    0.00000000
   15.09194374   -1.00000000    0.00000000    0.00000000
   15.09527779   -1.00000000    0.00000000    0.00000000
   15.09833336   -1.00000000    0.00000000    0.00000000
   15.10166740   -1.00000000    0.00000000    0.00000000
   15.10472298   -1.00000000    0.00000000    0.00000000
   15.10777855   -1.00000000    0.00000000    0.00000000
   15.11083412   -1.00000000    0.00000000    0.00000000
   15.11416721   -1.00000000    0.00000000    0.00000000
   15.11722279   -1.00000000    0.00000000    0.00000000
   15.12055588   -1.00000000    0.00000000    0.00000000
   15.12361145   -1.00000000    0.00000000    0.00000000
   15.12694454   -1.00000000    0.00000000    0.00000000
   15.13000011   -1.00000000    0.00000000    0.00000000
   15.13305569   -1.00000000    0.00000000    0.00000000
   15.13611126   -1.00000000    0.00000000    0.00000000
   15.13944435   -1.00000000    0.00000000    0.00000000
   15.14249992   -1.00000000    0.00000000    0.00000000
   15.14583302   -1.00000000    0.00000000    0.00000000
   15.14888859   -1.00000000    0.00000000    0.00000000
   15.15222168   -1.00000000    0.00000000    0.00000000
   15.15527725   -1.00000000    0.00000000    0.00000000
   15.15833282   -1.00000000    0.00000000    0.00000000
   15.16138840   -1.00000000    0.00000000    0.00000000
   15.16472149   -1.00000000    0.00000000    0.00000000
   15.16777802   -1.00000000    0.00000000    0.00000000
   15.17111111   -1.00000000    0.00000000    0.00000000
   15.17444515   -1.00000000    0.00000000    0.00000000
   15.17750072   -1.00000000    0.00000000    0.00000000
   15.18055630   -1.00000000    0.00000000    0.00000000
   15.18361092   -1.00000000    0.00000000    0.00000000
   15.18694496   -1.00000000    0.00000000    0.00000000
   15.19000053   -1.00000000    0.00000000    0.00000000
   15.19333363   -1.00000000    0.00000000    0.00000000
   15.19666672   -1.00000000    0.00000000    0.00000000
   15.19972229   -1.00000000    0.00000000    0.00000000
   15.20277786   -1.00000000    0.00000000    0.00000000
   15.20583344   -1.00000000    0.00000000    0.00000000
   15.20916653   -1.00000000    0.00000000    0.00000000
