    HOUR (UT)   FLARE FACTOR    SKY TESTER    SUN TESTER
   17.24194527   -1.00000000   -1.00000000   -1.00000000
   17.26861000   81.02369690    0.00000000    0.00000000
   17.27194405   81.05909729    0.00000000    0.00000000
   17.27499962   78.27809906    0.00000000    0.00000000
   17.27805519   82.93039703    0.00000000    0.00000000
   17.28138924   76.44629669    0.00000000    0.00000000
   17.28444481   79.58489990    0.00000000    0.00000000
   17.28750038   82.35780334    0.00000000    0.00000000
   17.29055595   81.23059845    0.00000000    0.00000000
   17.29333305   83.85620117    0.00000000    0.00000000
   17.29416656   80.10859680    0.00000000    0.00000000
   17.29722214   80.11380005    0.00000000    0.00000000
   17.30027771   83.47129822    0.00000000    0.00000000
   17.30333328   81.25420380    0.00000000    0.00000000
   17.30666542   83.04940033    0.00000000    0.00000000
   17.30999947   79.52649689    0.00000000    0.00000000
   17.31305504   82.79650116    0.00000000    0.00000000
   17.31638718   79.36460114    0.00000000    0.00000000
   17.31833458   78.95050049    0.00000000    0.00000000
   17.31972313   76.81690216    0.00000000    0.00000000
   17.32277870   80.23439789    0.00000000    0.00000000
   17.32583427   82.54149628    0.00000000    0.00000000
   17.32888985   82.47389984    0.00000000    0.00000000
   17.33222389   79.71549988    0.00000000    0.00000000
   17.33527756   81.26409912    0.00000000    0.00000000
   17.33833313   82.67289734    0.00000000    0.00000000
   17.34166718   82.88890076    0.00000000    0.00000000
   17.34361267   84.21269989    0.00000000    0.00000000
   17.34500122   82.37570190    0.00000000    0.00000000
   17.34833336   79.84960175    0.00000000    0.00000000
   17.35166740   80.98690033    0.00000000    0.00000000
   17.35472298   86.72440338    0.00000000    0.00000000
   17.35777855   85.21880341    0.00000000    0.00000000
   17.36111069   80.73210144    0.00000000    0.00000000
   17.36416626   84.60420227    0.00000000    0.00000000
   17.36722183   77.74430084    0.00000000    0.00000000
   17.36833382   77.64070129    0.00000000    0.00000000
   17.37055588   74.97530365    0.00000000    0.00000000
   17.37361145   77.06839752    0.00000000    0.00000000
   17.37694550   83.24990082    0.00000000    0.00000000
   17.38000107   80.51809692    0.00000000    0.00000000
   17.38305473   79.28070068    0.00000000    0.00000000
   17.38611031   76.93160248    0.00000000    0.00000000
   17.38944435   80.92099762    0.00000000    0.00000000
   17.39249992   81.87850189    0.00000000    0.00000000
   17.39333344   81.07769775    0.00000000    0.00000000
   17.39583397   80.32119751    0.00000000    0.00000000
   17.39888954   75.05719757    0.00000000    0.00000000
   17.40194321   79.97170258    0.00000000    0.00000000
   17.40527725   78.97429657    0.00000000    0.00000000
   17.40833282   83.07579803    0.00000000    0.00000000
   17.41138840   76.81629944    0.00000000    0.00000000
   17.41444397   77.66249847    0.00000000    0.00000000
   17.41777802   81.24549866    0.00000000    0.00000000
   17.41833305   80.65139771    0.00000000    0.00000000
   17.42111015   79.61280060    0.00000000    0.00000000
   17.42416573   79.71160126    0.00000000    0.00000000
   17.42722130   84.76719666    0.00000000    0.00000000
   17.43055534   80.42620087    0.00000000    0.00000000
   17.43361092   82.79900360    0.00000000    0.00000000
   17.43666649   80.50779724    0.00000000    0.00000000
   17.43999863   81.10089874    0.00000000    0.00000000
   17.44305420   83.69969940    0.00000000    0.00000000
   17.44333267   78.68740082    0.00000000    0.00000000
   17.44638824   79.61879730    0.00000000    0.00000000
   17.44972038   79.46140289    0.00000000    0.00000000
   17.45277786   78.81749725    0.00000000    0.00000000
   17.45611191   77.71499634    0.00000000    0.00000000
   17.45916748   79.77529907    0.00000000    0.00000000
   17.46250153   80.66200256    0.00000000    0.00000000
   17.46555710   76.76589966    0.00000000    0.00000000
   17.46861076   79.91619873    0.00000000    0.00000000
   17.46916771   83.99089813    0.00000000    0.00000000
   17.47222328   80.33999634    0.00000000    0.00000000
   17.47555542   80.52030182    0.00000000    0.00000000
   17.47861099   81.69280243    0.00000000    0.00000000
   17.48166656   78.79350281    0.00000000    0.00000000
   17.48500061   81.47850037    0.00000000    0.00000000
   17.48805618   80.81279755    0.00000000    0.00000000
   17.49111176   84.35310364    0.00000000    0.00000000
   17.49333382   80.64510345    0.00000000    0.00000000
   17.49444389   81.01170349    0.00000000    0.00000000
   17.49749947   78.80319977    0.00000000    0.00000000
   17.50055504   82.97619629    0.00000000    0.00000000
   17.50361061   79.04270172    0.00000000    0.00000000
   17.50694466   79.53279877    0.00000000    0.00000000
   17.51000023   80.25589752    0.00000000    0.00000000
   17.51305580   78.66490173    0.00000000    0.00000000
   17.51638794   74.01519775    0.00000000    0.00000000
   17.51861000   80.04309845    0.00000000    0.00000000
   17.51972198   78.93209839    0.00000000    0.00000000
   17.52277756   78.61740112    0.00000000    0.00000000
   17.52583313   78.47000122    0.00000000    0.00000000
   17.52916718   80.31739807    0.00000000    0.00000000
   17.53222275   82.80439758    0.00000000    0.00000000
   17.53527641   80.86930084    0.00000000    0.00000000
   17.53861046   76.38469696    0.00000000    0.00000000
   17.54166603   79.04989624    0.00000000    0.00000000
   17.54333305   77.61869812    0.00000000    0.00000000
   17.54500008   80.94740295    0.00000000    0.00000000
   17.54805565   79.65209961    0.00000000    0.00000000
   17.55111122   81.05200195    0.00000000    0.00000000
   17.55444336   80.16390228    0.00000000    0.00000000
   17.55749893   79.70400238    0.00000000    0.00000000
   17.56055450   78.59790039    0.00000000    0.00000000
   17.56361008   76.71959686    0.00000000    0.00000000
   17.56694603   77.07129669    0.00000000    0.00000000
   17.56861115   78.89710236    0.00000000    0.00000000
   17.57027817   77.53399658    0.00000000    0.00000000
   17.57333374   78.47499847    0.00000000    0.00000000
   17.57638931   78.89260101    0.00000000    0.00000000
   17.57972336   80.05339813    0.00000000    0.00000000
   17.58277893   79.26689911    0.00000000    0.00000000
   17.58583450   85.06449890    0.00000000    0.00000000
   17.58916664   80.09020233    0.00000000    0.00000000
   17.59222221   79.75710297    0.00000000    0.00000000
   17.59361267   80.11419678    0.00000000    0.00000000
   17.59555626   77.93180084    0.00000000    0.00000000
   17.59861183   76.76159668    0.00000000    0.00000000
   17.60166740   76.87349701    0.00000000    0.00000000
   17.60499954   80.06230164    0.00000000    0.00000000
   17.60805511   80.65170288    0.00000000    0.00000000
   17.61111069   82.17780304    0.00000000    0.00000000
   17.61416626   79.96060181    0.00000000    0.00000000
   17.61750031   78.74210358    0.00000000    0.00000000
   17.61861038   81.69640350    0.00000000    0.00000000
   17.62083435   81.74069977    0.00000000    0.00000000
   17.62388992   80.01740265    0.00000000    0.00000000
   17.62694550   80.12409973    0.00000000    0.00000000
   17.63027763   77.68470001    0.00000000    0.00000000
   17.63333321   81.46970367    0.00000000    0.00000000
   17.63638878   82.00279999    0.00000000    0.00000000
   17.63944435   79.44719696    0.00000000    0.00000000
   17.64277840   79.70189667    0.00000000    0.00000000
   17.64361191   79.30960083    0.00000000    0.00000000
   17.64611053   77.73989868    0.00000000    0.00000000
   17.64916611   78.87380219    0.00000000    0.00000000
   17.65222168   78.99500275    0.00000000    0.00000000
   17.65555573   77.86319733    0.00000000    0.00000000
   17.65861130   78.63120270    0.00000000    0.00000000
   17.66166687   78.18969727    0.00000000    0.00000000
   17.66472244   81.56140137    0.00000000    0.00000000
   17.66805458   80.74459839    0.00000000    0.00000000
   17.66860962   78.15709686    0.00000000    0.00000000
   17.67138863   80.29869843    0.00000000    0.00000000
   17.67444420   79.66149902    0.00000000    0.00000000
   17.67749977   75.54769897    0.00000000    0.00000000
   17.68083191   77.78109741    0.00000000    0.00000000
   17.68388748   78.46920013    0.00000000    0.00000000
   17.68694305   80.77510071    0.00000000    0.00000000
   17.68999863   79.35870361    0.00000000    0.00000000
   17.69333267   84.08529663    0.00000000    0.00000000
   17.69361115   77.88909912    0.00000000    0.00000000
   17.69666672   78.08820343    0.00000000    0.00000000
   17.69972038   79.32980347    0.00000000    0.00000000
   17.70305634   77.74179840    0.00000000    0.00000000
   17.70611191   81.53269958    0.00000000    0.00000000
   17.70916748   81.20120239    0.00000000    0.00000000
   17.71222305   80.72489929    0.00000000    0.00000000
   17.71555710   81.18669891    0.00000000    0.00000000
   17.71861076   81.52449799    0.00000000    0.00000000
   17.71888924   79.87380219    0.00000000    0.00000000
   17.72194481   78.36609650    0.00000000    0.00000000
   17.72527885   76.85379791    0.00000000    0.00000000
   17.72833443   78.95349884    0.00000000    0.00000000
   17.73139000   77.78700256    0.00000000    0.00000000
   17.73472214   82.53340149    0.00000000    0.00000000
   17.73777771   80.85330200    0.00000000    0.00000000
   17.74111176   79.69589996    0.00000000    0.00000000
   17.74361229   79.73320007    0.00000000    0.00000000
   17.74444389   79.16429901    0.00000000    0.00000000
   17.74777794   81.78900146    0.00000000    0.00000000
   17.75111198   80.16490173    0.00000000    0.00000000
   17.75444412   82.04440308    0.00000000    0.00000000
   17.75749969   78.15290070    0.00000000    0.00000000
   17.76083374   81.84420013    0.00000000    0.00000000
   17.76388931   84.18820190    0.00000000    0.00000000
   17.76722145   84.69580078    0.00000000    0.00000000
   17.76861000   87.17700195    0.00000000    0.00000000
   17.77111053   82.70950317    0.00000000    0.00000000
   17.77416611   80.28839874    0.00000000    0.00000000
   17.77750015   79.76940155    0.00000000    0.00000000
   17.78083229   78.66159821    0.00000000    0.00000000
   17.78416634   78.87860107    0.00000000    0.00000000
   17.78750038   79.53730011    0.00000000    0.00000000
   17.79083252   79.50099945    0.00000000    0.00000000
   17.79361153   79.06700134    0.00000000    0.00000000
   17.79444313   75.56289673    0.00000000    0.00000000
   17.79777718   77.39880371    0.00000000    0.00000000
   17.80083275   76.20529938    0.00000000    0.00000000
   17.80416679   80.46679688    0.00000000    0.00000000
   17.80722237   80.60810089    0.00000000    0.00000000
   17.81027794   80.42369843    0.00000000    0.00000000
   17.81388855   80.90609741    0.00000000    0.00000000
   17.81722260   77.42500305    0.00000000    0.00000000
   17.81861115   80.20210266    0.00000000    0.00000000
   17.82083511   75.41780090    0.00000000    0.00000000
   17.82389069   78.62480164    0.00000000    0.00000000
   17.82722282   79.21360016    0.00000000    0.00000000
   17.83027840   81.24810028    0.00000000    0.00000000
   17.83333397   81.64910126    0.00000000    0.00000000
   17.83638954   79.34960175    0.00000000    0.00000000
   17.83972359   88.68170166    0.00000000    0.00000000
   17.84277916   81.59889984    0.00000000    0.00000000
   17.84361267   82.17089844    0.00000000    0.00000000
   17.84611130   80.40540314    0.00000000    0.00000000
   17.84916687   81.43409729    0.00000000    0.00000000
   17.85250092   77.52809906    0.00000000    0.00000000
   17.85555649   78.16709900    0.00000000    0.00000000
   17.85861206   74.77200317    0.00000000    0.00000000
   17.86166763   78.33979797    0.00000000    0.00000000
   17.86499977   80.35040283    0.00000000    0.00000000
   17.86805534   79.08570099    0.00000000    0.00000000
   17.86861038   75.08190155    0.00000000    0.00000000
   17.87138939   77.64849854    0.00000000    0.00000000
   17.87444496   81.32579803    0.00000000    0.00000000
   17.87777710   81.92169952    0.00000000    0.00000000
   17.88083267   80.43769836    0.00000000    0.00000000
   17.88388824   80.93209839    0.00000000    0.00000000
   17.88722229   82.98950195    0.00000000    0.00000000
   17.89027786   78.19470215    0.00000000    0.00000000
   17.89333344   78.62719727    0.00000000    0.00000000
   17.89361191   83.36910248    0.00000000    0.00000000
   17.89694405   86.47650146    0.00000000    0.00000000
   17.89999962   87.05049896    0.00000000    0.00000000
   17.90305519   84.08840179    0.00000000    0.00000000
   17.90611076   85.62650299    0.00000000    0.00000000
   17.90944481   90.47589874    0.00000000    0.00000000
   17.91250038   94.01360321    0.00000000    0.00000000
   17.91555595   88.78959656    0.00000000    0.00000000
   17.91860962   94.52169800    0.00000000    0.00000000
   17.91888809   91.61969757    0.00000000    0.00000000
   17.92222214   90.93869781    0.00000000    0.00000000
   17.92527771  100.91500092    0.00000000    0.00000000
   17.92833328  101.40899658    0.00000000    0.00000000
   17.93138885  103.76599884    0.00000000    0.00000000
   17.93472099  120.78600311    0.00000000    0.00000000
   17.93777657  136.71299744    0.00000000    0.00000000
   17.94083214  144.97300720    0.00000000    0.00000000
   17.94361115  196.05799866    0.00000000    0.00000000
   17.94416618  183.52699280    0.00000000    0.00000000
   17.94749832  188.43400574    0.00000000    0.00000000
   17.95055580  132.73399353    0.00000000    0.00000000
   17.95361137   -1.00000000    0.00000000    0.00000000
   17.95666695   -1.00000000    0.00000000    0.00000000
   17.96000099   -1.00000000    0.00000000    0.00000000
   17.96305656   -1.00000000    0.00000000    0.00000000
   17.96611214   -1.00000000    0.00000000    0.00000000
   17.96944427   -1.00000000    0.00000000    0.00000000
   17.97277832   -1.00000000    0.00000000    0.00000000
   17.97583389   -1.00000000    0.00000000    0.00000000
   17.97888947   -1.00000000    0.00000000    0.00000000
   17.98194504   -1.00000000    0.00000000    0.00000000
   17.98527718   -1.00000000    0.00000000    0.00000000
   17.98833275   -1.00000000    0.00000000    0.00000000
   17.99138832   -1.00000000    0.00000000    0.00000000
   17.99472237   -1.00000000    0.00000000    0.00000000
   17.99805641   -1.00000000    0.00000000    0.00000000
   18.00111198   -1.00000000    0.00000000    0.00000000
   18.00416756   -1.00000000    0.00000000    0.00000000
   18.00722313   -1.00000000    0.00000000    0.00000000
   18.01055527   -1.00000000    0.00000000    0.00000000
   18.01361084   -1.00000000    0.00000000    0.00000000
   18.01666641   -1.00000000    0.00000000    0.00000000
   18.02000046   -1.00000000    0.00000000    0.00000000
   18.02333260   -1.00000000    0.00000000    0.00000000
   18.02638817   -1.00000000    0.00000000    0.00000000
   18.02944374   -1.00000000    0.00000000    0.00000000
   18.03249931   -1.00000000    0.00000000    0.00000000
   18.03583336   -1.00000000    0.00000000    0.00000000
   18.03888893   -1.00000000    0.00000000    0.00000000
   18.04194450   -1.00000000    0.00000000    0.00000000
   18.04527664   -1.00000000    0.00000000    0.00000000
   18.04861069   -1.00000000    0.00000000    0.00000000
   18.05166626   -1.00000000    0.00000000    0.00000000
   18.05472183   -1.00000000    0.00000000    0.00000000
   18.05805397   -1.00000000    0.00000000    0.00000000
   18.06110954   -1.00000000    0.00000000    0.00000000
   18.06416512   -1.00000000    0.00000000    0.00000000
   18.06722260   -1.00000000    0.00000000    0.00000000
   18.07083511   -1.00000000    0.00000000    0.00000000
   18.07389069   -1.00000000    0.00000000    0.00000000
   18.07694626   -1.00000000    0.00000000    0.00000000
   18.08000183   -1.00000000    0.00000000    0.00000000
   18.08333397   -1.00000000    0.00000000    0.00000000
   18.08638954   -1.00000000    0.00000000    0.00000000
   18.08944511   -1.00000000    0.00000000    0.00000000
   18.09250069   -1.00000000    0.00000000    0.00000000
   18.09611130   -1.00000000    0.00000000    0.00000000
   18.09916687   -1.00000000    0.00000000    0.00000000
   18.10222244   -1.00000000    0.00000000    0.00000000
   18.10527802   -1.00000000    0.00000000    0.00000000
   18.10861206   -1.00000000    0.00000000    0.00000000
   18.11166763   -1.00000000    0.00000000    0.00000000
   18.11472321   -1.00000000    0.00000000    0.00000000
   18.11777878   -1.00000000    0.00000000    0.00000000
   18.12138939   -1.00000000    0.00000000    0.00000000
   18.12444496   -1.00000000    0.00000000    0.00000000
   18.12750053   -1.00000000    0.00000000    0.00000000
   18.13055611   -1.00000000    0.00000000    0.00000000
   18.13388824   -1.00000000    0.00000000    0.00000000
   18.13694382   -1.00000000    0.00000000    0.00000000
   18.13999939   -1.00000000    0.00000000    0.00000000
   18.14305496   -1.00000000    0.00000000    0.00000000
   18.14666748   -1.00000000    0.00000000    0.00000000
   18.14972115   -1.00000000    0.00000000    0.00000000
   18.15277672   -1.00000000    0.00000000    0.00000000
   18.15583229   -1.00000000    0.00000000    0.00000000
   18.15916634   -1.00000000    0.00000000    0.00000000
   18.16222191   -1.00000000    0.00000000    0.00000000
   18.16527748   -1.00000000    0.00000000    0.00000000
   18.16833305   -1.00000000    0.00000000    0.00000000
   18.17194366   -1.00000000    0.00000000    0.00000000
   18.17499924   -1.00000000    0.00000000    0.00000000
   18.17805481   -1.00000000    0.00000000    0.00000000
   18.18138885   -1.00000000    0.00000000    0.00000000
   18.18444443   -1.00000000    0.00000000    0.00000000
   18.18750000   -1.00000000    0.00000000    0.00000000
   18.19083214   -1.00000000    0.00000000    0.00000000
   18.19416618   -1.00000000    0.00000000    0.00000000
   18.19722176   -1.00000000    0.00000000    0.00000000
   18.20027924   -1.00000000    0.00000000    0.00000000
   18.20361137   -1.00000000    0.00000000    0.00000000
   18.20666695   -1.00000000    0.00000000    0.00000000
   18.20972252   -1.00000000    0.00000000    0.00000000
   18.21277809   -1.00000000    0.00000000    0.00000000
   18.21611214   -1.00000000    0.00000000    0.00000000
   18.21944427   -1.00000000    0.00000000    0.00000000
   18.22249985   -1.00000000    0.00000000    0.00000000
   18.22555542   -1.00000000    0.00000000    0.00000000
   18.22888947   -1.00000000    0.00000000    0.00000000
   18.23194504   -1.00000000    0.00000000    0.00000000
   18.23500061   -1.00000000    0.00000000    0.00000000
   18.23805618   -1.00000000    0.00000000    0.00000000
   18.24138832   -1.00000000    0.00000000    0.00000000
   18.24472237   -1.00000000    0.00000000    0.00000000
   18.24777794   -1.00000000    0.00000000    0.00000000
   18.25083351   -1.00000000    0.00000000    0.00000000
   18.25416756   -1.00000000    0.00000000    0.00000000
   18.25722313   -1.00000000    0.00000000    0.00000000
   18.26027870   -1.00000000    0.00000000    0.00000000
   18.26333427   -1.00000000    0.00000000    0.00000000
   18.26666641   -1.00000000    0.00000000    0.00000000
   18.28638840   -1.00000000    0.00000000    0.00000000
   18.28944397   -1.00000000    0.00000000    0.00000000
   18.29249954   -1.00000000    0.00000000    0.00000000
   18.29583359   -1.00000000    0.00000000    0.00000000
   18.29888916   -1.00000000    0.00000000    0.00000000
   18.30194283   -1.00000000    0.00000000    0.00000000
   18.30527687   -1.00000000    0.00000000    0.00000000
   18.30833244   -1.00000000    0.00000000    0.00000000
   18.31166649   -1.00000000    0.00000000    0.00000000
   18.31472206   -1.00000000    0.00000000    0.00000000
   18.31777954   -1.00000000    0.00000000    0.00000000
   18.32111168   -1.00000000    0.00000000    0.00000000
   18.32416725   -1.00000000    0.00000000    0.00000000
   18.32722282   -1.00000000    0.00000000    0.00000000
   18.33027840   -1.00000000    0.00000000    0.00000000
   18.33361244   -1.00000000    0.00000000    0.00000000
   18.33694458   -1.00000000    0.00000000    0.00000000
   18.34000015   -1.00000000    0.00000000    0.00000000
   18.34305573   -1.00000000    0.00000000    0.00000000
   18.34611130   -1.00000000    0.00000000    0.00000000
   18.34944534   -1.00000000    0.00000000    0.00000000
   18.35250092   -1.00000000    0.00000000    0.00000000
   18.35555649   -1.00000000    0.00000000    0.00000000
   18.35861206   -1.00000000    0.00000000    0.00000000
   18.36222267   -1.00000000    0.00000000    0.00000000
   18.36527824   -1.00000000    0.00000000    0.00000000
   18.36833382   -1.00000000    0.00000000    0.00000000
   18.37138939   -1.00000000    0.00000000    0.00000000
   18.37472153   -1.00000000    0.00000000    0.00000000
   18.37777710   -1.00000000    0.00000000    0.00000000
   18.38083267   -1.00000000    0.00000000    0.00000000
   18.38416672   -1.00000000    0.00000000    0.00000000
   18.38750076   -1.00000000    0.00000000    0.00000000
   18.39055634   -1.00000000    0.00000000    0.00000000
   18.39361191   -1.00000000    0.00000000    0.00000000
   18.39694405   -1.00000000    0.00000000    0.00000000
   18.39999962   -1.00000000    0.00000000    0.00000000
   18.40305519   -1.00000000    0.00000000    0.00000000
   18.40611076   -1.00000000    0.00000000    0.00000000
   18.40944481   -1.00000000    0.00000000    0.00000000
   18.41277695   -1.00000000    0.00000000    0.00000000
   18.41583252   -1.00000000    0.00000000    0.00000000
   18.41888809   -1.00000000    0.00000000    0.00000000
   18.42222214   -1.00000000    0.00000000    0.00000000
   18.42527771   -1.00000000    0.00000000    0.00000000
   18.42833328   -1.00000000    0.00000000    0.00000000
   18.43138885   -1.00000000    0.00000000    0.00000000
   18.43472099   -1.00000000    0.00000000    0.00000000
   18.43805504   -1.00000000    0.00000000    0.00000000
   18.44111061   -1.00000000    0.00000000    0.00000000
   18.44416618   -1.00000000    0.00000000    0.00000000
   18.44749832   -1.00000000    0.00000000    0.00000000
   18.45055580   -1.00000000    0.00000000    0.00000000
   18.45361137   -1.00000000    0.00000000    0.00000000
   18.45666695   -1.00000000    0.00000000    0.00000000
   18.46000099   -1.00000000    0.00000000    0.00000000
   18.46333504   -1.00000000    0.00000000    0.00000000
   18.46638870   -1.00000000    0.00000000    0.00000000
   18.46972275   -1.00000000    0.00000000    0.00000000
   18.47277832   -1.00000000    0.00000000    0.00000000
   18.47583389   -1.00000000    0.00000000    0.00000000
   18.47888947   -1.00000000    0.00000000    0.00000000
   18.48222351   -1.00000000    0.00000000    0.00000000
   18.48555565   -1.00000000    0.00000000    0.00000000
   18.48861122   -1.00000000    0.00000000    0.00000000
   18.49166679   -1.00000000    0.00000000    0.00000000
   18.49500084   -1.00000000    0.00000000    0.00000000
   18.49805641   -1.00000000    0.00000000    0.00000000
   18.50111198   -1.00000000    0.00000000    0.00000000
   18.50416756   -1.00000000    0.00000000    0.00000000
   18.50749969   -1.00000000    0.00000000    0.00000000
   18.51083374   -1.00000000    0.00000000    0.00000000
   18.51388931   -1.00000000    0.00000000    0.00000000
   18.51694489   -1.00000000    0.00000000    0.00000000
   18.52027702   -1.00000000    0.00000000    0.00000000
   18.52333260   -1.00000000    0.00000000    0.00000000
   18.52638817   -1.00000000    0.00000000    0.00000000
   18.52944374   -1.00000000    0.00000000    0.00000000
   18.53277779   -1.00000000    0.00000000    0.00000000
   18.53610992   -1.00000000    0.00000000    0.00000000
   18.53916550   -1.00000000    0.00000000    0.00000000
   18.54222107   -1.00000000    0.00000000    0.00000000
   18.54555511   -1.00000000    0.00000000    0.00000000
   18.54861069   -1.00000000    0.00000000    0.00000000
   18.55166626   -1.00000000    0.00000000    0.00000000
   18.55499840   -1.00000000    0.00000000    0.00000000
   18.55805397   -1.00000000    0.00000000    0.00000000
   18.56138802   -1.00000000    0.00000000    0.00000000
   18.56444359   -1.00000000    0.00000000    0.00000000
   18.56750107   -1.00000000    0.00000000    0.00000000
   18.57083511   -1.00000000    0.00000000    0.00000000
   18.57389069   -1.00000000    0.00000000    0.00000000
   18.57694626   -1.00000000    0.00000000    0.00000000
   18.58027840   -1.00000000    0.00000000    0.00000000
   18.58333397   -1.00000000    0.00000000    0.00000000
   18.58666801   -1.00000000    0.00000000    0.00000000
   18.58972359   -1.00000000    0.00000000    0.00000000
   18.59277916   -1.00000000    0.00000000    0.00000000
   18.59611130   -1.00000000    0.00000000    0.00000000
   18.59916687   -1.00000000    0.00000000    0.00000000
   18.60222244   -1.00000000    0.00000000    0.00000000
   18.60555649   -1.00000000    0.00000000    0.00000000
   18.60861206   -1.00000000    0.00000000    0.00000000
   18.61194420   -1.00000000    0.00000000    0.00000000
   18.61499977   -1.00000000    0.00000000    0.00000000
   18.61861038   -1.00000000    0.00000000    0.00000000
   18.62194443   -1.00000000    0.00000000    0.00000000
   18.62500000   -1.00000000    0.00000000    0.00000000
   18.62805557   84.10240173    0.00000000    0.00000000
   18.63111115   89.55680084    0.00000000    0.00000000
   18.63444519   86.07949829    0.00000000    0.00000000
   18.63527679   82.90209961    0.00000000    0.00000000
   18.63777733   -1.00000000    0.00000000    0.00000000
   18.64083290   -1.00000000    0.00000000    0.00000000
   18.64416695   -1.00000000    0.00000000    0.00000000
   18.64722252   -1.00000000    0.00000000    0.00000000
   18.65027809   -1.00000000    0.00000000    0.00000000
   18.65333366   -1.00000000    0.00000000    0.00000000
   18.65666580   -1.00000000    0.00000000    0.00000000
   18.65972137   -1.00000000    0.00000000    0.00000000
   18.66305542   -1.00000000    0.00000000    0.00000000
   18.66611099   -1.00000000    0.00000000    0.00000000
   18.66944313   -1.00000000    0.00000000    0.00000000
   18.67249870   -1.00000000    0.00000000    0.00000000
   18.67555428   -1.00000000    0.00000000    0.00000000
   18.67860985   96.48560333    0.00000000    0.00000000
   18.68194389   -1.00000000    0.00000000    0.00000000
   18.68499947   -1.00000000    0.00000000    0.00000000
   18.68833160   -1.00000000    0.00000000    0.00000000
   18.69166565   88.12480164    0.00000000    0.00000000
   18.69472122   83.76889801    0.00000000    0.00000000
   18.69777679   -1.00000000    0.00000000    0.00000000
   18.70111275   -1.00000000    0.00000000    0.00000000
   18.70416832   -1.00000000    0.00000000    0.00000000
   18.70722389   -1.00000000    0.00000000    0.00000000
   18.71055603   -1.00000000    0.00000000    0.00000000
   18.71444511   -1.00000000    0.00000000    0.00000000
   18.71750069   -1.00000000    0.00000000    0.00000000
   18.72055626   77.89589691    0.00000000    0.00000000
   18.72389030   82.70619965    0.00000000    0.00000000
   18.72694588   78.51170349    0.00000000    0.00000000
   18.73000145   84.90889740    0.00000000    0.00000000
   18.73305511   87.31809998    0.00000000    0.00000000
   18.73527718   85.13739777    0.00000000    0.00000000
   18.73638916   83.17910004    0.00000000    0.00000000
   18.73972321   89.35729980    0.00000000    0.00000000
   18.74277878   81.16590118    0.00000000    0.00000000
   18.74583435   84.17120361    0.00000000    0.00000000
   18.74888992   83.67739868    0.00000000    0.00000000
   18.75222206   91.15070343    0.00000000    0.00000000
   18.75527763   85.74710083    0.00000000    0.00000000
   18.75833321   83.87640381    0.00000000    0.00000000
   18.76027870   84.01860046    0.00000000    0.00000000
   18.76166725   82.31510162    0.00000000    0.00000000
   18.76499939   83.10140228    0.00000000    0.00000000
   18.76805496   84.86080170    0.00000000    0.00000000
   18.77111053   87.15019989    0.00000000    0.00000000
   18.77444458   80.49009705    0.00000000    0.00000000
   18.77750015   88.11329651    0.00000000    0.00000000
   18.78055573   82.57830048    0.00000000    0.00000000
   18.78361130   89.17199707    0.00000000    0.00000000
   18.78527641   84.47660065    0.00000000    0.00000000
   18.78694344   82.43560028    0.00000000    0.00000000
   18.79027748   81.47489929    0.00000000    0.00000000
   18.79333305   84.00520325    0.00000000    0.00000000
   18.79638863   95.87860107    0.00000000    0.00000000
   18.79972076   89.38490295    0.00000000    0.00000000
   18.80277634   93.61519623    0.00000000    0.00000000
   18.80583191   90.83999634    0.00000000    0.00000000
   18.80888748   89.11849976    0.00000000    0.00000000
   18.81027794   86.73139954    0.00000000    0.00000000
   18.81222153   89.50029755    0.00000000    0.00000000
   18.81555557   86.56179810    0.00000000    0.00000000
   18.81861115   80.43460083    0.00000000    0.00000000
   18.82166672   82.69059753    0.00000000    0.00000000
   18.82500076   81.60070038    0.00000000    0.00000000
   18.82805634   82.44439697    0.00000000    0.00000000
   18.83111191   78.93090057    0.00000000    0.00000000
   18.83416748   80.47080231    0.00000000    0.00000000
   18.83527756   83.76409912    0.00000000    0.00000000
   18.83750153   87.41590118    0.00000000    0.00000000
   18.84083366   85.05950165    0.00000000    0.00000000
   18.84388924   84.72840118    0.00000000    0.00000000
   18.84694481   83.33799744    0.00000000    0.00000000
   18.85027885   87.59030151    0.00000000    0.00000000
   18.85333443   82.66390228    0.00000000    0.00000000
   18.85639000   86.78810120    0.00000000    0.00000000
   18.85944557   84.25340271    0.00000000    0.00000000
   18.86027908   83.92189789    0.00000000    0.00000000
   18.86305618   81.42639923    0.00000000    0.00000000
   18.86611176   85.43000031    0.00000000    0.00000000
   18.86916733   81.27870178    0.00000000    0.00000000
   18.87222290   92.04280090    0.00000000    0.00000000
   18.87555504   79.48580170    0.00000000    0.00000000
   18.87861061   90.79540253    0.00000000    0.00000000
   18.88166618   81.21620178    0.00000000    0.00000000
   18.88472176   80.02639771    0.00000000    0.00000000
   18.88527679   84.73870087    0.00000000    0.00000000
   18.88833237   85.71620178    0.00000000    0.00000000
   18.89138794   85.41709900    0.00000000    0.00000000
   18.89444351   84.15360260    0.00000000    0.00000000
   18.89749908   82.89469910    0.00000000    0.00000000
   18.90083313   80.39199829    0.00000000    0.00000000
   18.90388870   87.33439636    0.00000000    0.00000000
   18.90694427   82.90670013    0.00000000    0.00000000
   18.90999985   81.81520081    0.00000000    0.00000000
   18.91055489   88.36669922    0.00000000    0.00000000
   18.91361046   88.79550171    0.00000000    0.00000000
   18.91666603   84.65570068    0.00000000    0.00000000
   18.92000008   84.87139893    0.00000000    0.00000000
   18.92305565   85.65180206    0.00000000    0.00000000
   18.92611122   83.38189697    0.00000000    0.00000000
   18.92916679   89.14129639    0.00000000    0.00000000
   18.93249893   83.64759827    0.00000000    0.00000000
   18.93555450   83.89630127    0.00000000    0.00000000
   18.93583298   86.92610168    0.00000000    0.00000000
   18.93888855   85.25890350    0.00000000    0.00000000
   18.94194412   85.39050293    0.00000000    0.00000000
   18.94527626   81.68520355    0.00000000    0.00000000
   18.94833183   84.84670258    0.00000000    0.00000000
   18.95138931   84.97640228    0.00000000    0.00000000
   18.95472336   85.09539795    0.00000000    0.00000000
   18.95777893   85.80960083    0.00000000    0.00000000
   18.96055603   86.11199951    0.00000000    0.00000000
   18.96111107   83.78040314    0.00000000    0.00000000
   18.96416664   90.53720093    0.00000000    0.00000000
   18.96722221   84.19750214    0.00000000    0.00000000
   18.97055626   87.42359924    0.00000000    0.00000000
   18.97361183   85.68090057    0.00000000    0.00000000
   18.97666740   87.24700165    0.00000000    0.00000000
   18.98000145   79.72789764    0.00000000    0.00000000
   18.98305511   82.89479828    0.00000000    0.00000000
   18.98555565   82.41690063    0.00000000    0.00000000
   18.98638916   80.43959808    0.00000000    0.00000000
   18.98944473   81.66310120    0.00000000    0.00000000
   18.99250031   82.78170013    0.00000000    0.00000000
   18.99583435   83.25910187    0.00000000    0.00000000
   18.99888992   85.32620239    0.00000000    0.00000000
   19.00194359   83.37850189    0.00000000    0.00000000
   19.00527763   81.47589874    0.00000000    0.00000000
   19.00833321   81.53639984    0.00000000    0.00000000
   19.01055527   84.64250183    0.00000000    0.00000000
   19.01166725   81.04969788    0.00000000    0.00000000
   19.01472282   81.37319946    0.00000000    0.00000000
   19.01777840   82.18990326    0.00000000    0.00000000
   19.02111053   82.16369629    0.00000000    0.00000000
   19.02416611   79.94509888    0.00000000    0.00000000
   19.02722168   82.76020050    0.00000000    0.00000000
   19.03055573   87.19539642    0.00000000    0.00000000
   19.03361130   81.66549683    0.00000000    0.00000000
   19.03555489   81.61280060    0.00000000    0.00000000
   19.03694344   79.40879822    0.00000000    0.00000000
   19.03999901   84.46970367    0.00000000    0.00000000
   19.04333305   83.32440186    0.00000000    0.00000000
   19.04638863   84.37259674    0.00000000    0.00000000
   19.04944420   92.92680359    0.00000000    0.00000000
   19.05249977   85.14849854    0.00000000    0.00000000
   19.05583191   84.27069855    0.00000000    0.00000000
   19.05888748   84.32209778    0.00000000    0.00000000
   19.06055450   85.82409668    0.00000000    0.00000000
   19.06222153   83.85679626    0.00000000    0.00000000
   19.06527710   87.86730194    0.00000000    0.00000000
   19.06861115   85.79589844    0.00000000    0.00000000
   19.07166672   85.64659882    0.00000000    0.00000000
   19.07472229   83.78029633    0.00000000    0.00000000
   19.07777786   82.61180115    0.00000000    0.00000000
   19.08111191   82.91470337    0.00000000    0.00000000
   19.08416748   86.25260162    0.00000000    0.00000000
   19.08555603   83.33139801    0.00000000    0.00000000
   19.08750153   86.26000214    0.00000000    0.00000000
   19.09055710   80.24970245    0.00000000    0.00000000
   19.09388924   86.62699890    0.00000000    0.00000000
   19.09694481   89.38529968    0.00000000    0.00000000
   19.10000038   83.96520233    0.00000000    0.00000000
   19.10305595   83.27709961    0.00000000    0.00000000
   19.10639000   82.88379669    0.00000000    0.00000000
   19.10944557   89.99109650    0.00000000    0.00000000
   19.11055565   92.12539673    0.00000000    0.00000000
   19.11277771   87.60179901    0.00000000    0.00000000
   19.11583328   87.54239655    0.00000000    0.00000000
   19.11916733   82.21779633    0.00000000    0.00000000
   19.12222290   86.40509796    0.00000000    0.00000000
   19.12527847   89.44730377    0.00000000    0.00000000
   19.12833405   82.49120331    0.00000000    0.00000000
   19.13166618   83.10330200    0.00000000    0.00000000
   19.13472176   88.10739899    0.00000000    0.00000000
   19.13555527   90.62680054    0.00000000    0.00000000
   19.13805580   80.61499786    0.00000000    0.00000000
   19.14111137   83.03659821    0.00000000    0.00000000
   19.14444351   88.12210083    0.00000000    0.00000000
   19.14749908   84.36679840    0.00000000    0.00000000
   19.15055466   84.34300232    0.00000000    0.00000000
   19.15388870   84.80699921    0.00000000    0.00000000
   19.15694427   80.34870148    0.00000000    0.00000000
   19.15999985   80.91929626    0.00000000    0.00000000
   19.16055489   86.19660187    0.00000000    0.00000000
   19.16333389   80.87709808    0.00000000    0.00000000
   19.16638756   85.78379822    0.00000000    0.00000000
   19.16972160   81.73819733    0.00000000    0.00000000
   19.17277718   78.17209625    0.00000000    0.00000000
   19.17583275   83.08439636    0.00000000    0.00000000
   19.17916679   81.81890106    0.00000000    0.00000000
   19.18222237   85.66750336    0.00000000    0.00000000
   19.18527603   81.12500000    0.00000000    0.00000000
   19.18555450   82.37259674    0.00000000    0.00000000
   19.18888855   79.42829895    0.00000000    0.00000000
   19.19194412   82.95369720    0.00000000    0.00000000
   19.19499969   80.64430237    0.00000000    0.00000000
   19.19805527   83.45259857    0.00000000    0.00000000
   19.20138931   80.57630157    0.00000000    0.00000000
   19.20444489   84.48509979    0.00000000    0.00000000
   19.20750046   81.16850281    0.00000000    0.00000000
   19.21055603   84.79119873    0.00000000    0.00000000
   19.21083450   82.95539856    0.00000000    0.00000000
   19.21416664   82.94069672    0.00000000    0.00000000
   19.21722221   82.34439850    0.00000000    0.00000000
   19.22027779   82.97170258    0.00000000    0.00000000
   19.22361183   85.12509918    0.00000000    0.00000000
   19.22666740   82.61550140    0.00000000    0.00000000
   19.22972298   86.80400085    0.00000000    0.00000000
   19.23277855   79.27210236    0.00000000    0.00000000
   19.23555565   89.08329773    0.00000000    0.00000000
   19.23611069   82.38549805    0.00000000    0.00000000
   19.23944473   85.79879761    0.00000000    0.00000000
   19.24250031   82.46029663    0.00000000    0.00000000
   19.24555588   83.80139923    0.00000000    0.00000000
   19.24888992   82.39530182    0.00000000    0.00000000
   19.25194359   78.49810028    0.00000000    0.00000000
   19.25499916   82.88320160    0.00000000    0.00000000
   19.25805473   78.88929749    0.00000000    0.00000000
   19.26055527   82.83329773    0.00000000    0.00000000
   19.26138878   79.64700317    0.00000000    0.00000000
   19.26472282   81.09709930    0.00000000    0.00000000
   19.26777840   81.96959686    0.00000000    0.00000000
   19.27083397   83.37490082    0.00000000    0.00000000
   19.27416611   83.03919983    0.00000000    0.00000000
   19.27722168   78.91889954    0.00000000    0.00000000
   19.28027725   80.42130280    0.00000000    0.00000000
   19.28333282   82.22810364    0.00000000    0.00000000
   19.30194283   79.12270355    0.00000000    0.00000000
   19.30333328   82.21530151    0.00000000    0.00000000
   19.30638885   87.21089935    0.00000000    0.00000000
   19.30972099   82.25039673    0.00000000    0.00000000
   19.31277657   87.03540039    0.00000000    0.00000000
   19.31583214   80.84279633    0.00000000    0.00000000
   19.31888962   86.27320099    0.00000000    0.00000000
   19.32222366   82.72160339    0.00000000    0.00000000
   19.32527924   82.49569702    0.00000000    0.00000000
   19.32666779   82.59639740    0.00000000    0.00000000
   19.32861137   83.32640076    0.00000000    0.00000000
   19.33166695   79.85910034    0.00000000    0.00000000
   19.33472252   82.99669647    0.00000000    0.00000000
   19.33805656   84.45290375    0.00000000    0.00000000
   19.34111214   83.51260376    0.00000000    0.00000000
   19.34416771   81.99310303    0.00000000    0.00000000
   19.34722328   78.62580109    0.00000000    0.00000000
   19.35055542   79.94309998    0.00000000    0.00000000
   19.35166740   83.73269653    0.00000000    0.00000000
   19.35388947   79.26100159    0.00000000    0.00000000
   19.35694504   79.16049957    0.00000000    0.00000000
   19.36000061   79.36360168    0.00000000    0.00000000
   19.36333466   84.18409729    0.00000000    0.00000000
   19.36638832   85.36990356    0.00000000    0.00000000
   19.36944389   82.51409912    0.00000000    0.00000000
   19.37277794   78.88680267    0.00000000    0.00000000
   19.37583351   80.11270142    0.00000000    0.00000000
   19.37694550   85.70749664    0.00000000    0.00000000
   19.37916756   84.70130157    0.00000000    0.00000000
   19.38222313   83.58300018    0.00000000    0.00000000
   19.38527679   81.43810272    0.00000000    0.00000000
   19.38861084   78.93109894    0.00000000    0.00000000
   19.39166641   84.80000305    0.00000000    0.00000000
   19.39472198   82.15689850    0.00000000    0.00000000
   19.39777756   79.88359833    0.00000000    0.00000000
   19.40111160   86.16680145    0.00000000    0.00000000
   19.40194321   82.45680237    0.00000000    0.00000000
   19.40444374   81.41940308    0.00000000    0.00000000
   19.40749931   81.72139740    0.00000000    0.00000000
   19.41055489   79.55490112    0.00000000    0.00000000
   19.41388893   81.49310303    0.00000000    0.00000000
   19.41694450   82.32630157    0.00000000    0.00000000
   19.42000008   83.09989929    0.00000000    0.00000000
   19.42305565   84.55699921    0.00000000    0.00000000
   19.42638779   82.21749878    0.00000000    0.00000000
   19.42694473   79.39779663    0.00000000    0.00000000
   19.42972183   77.98100281    0.00000000    0.00000000
   19.43277740   83.42530060    0.00000000    0.00000000
   19.43583298   80.00489807    0.00000000    0.00000000
   19.43916512   82.03079987    0.00000000    0.00000000
   19.44222069   80.01300049    0.00000000    0.00000000
   19.44527626   89.03489685    0.00000000    0.00000000
   19.44861031   79.76499939    0.00000000    0.00000000
   19.45166779   82.27809906    0.00000000    0.00000000
   19.45194435   86.17469788    0.00000000    0.00000000
   19.45499992   80.98870087    0.00000000    0.00000000
   19.45833397   83.89179993    0.00000000    0.00000000
   19.46138954   79.07029724    0.00000000    0.00000000
   19.46444511   80.01899719    0.00000000    0.00000000
   19.46750069   82.30329895    0.00000000    0.00000000
   19.47083473   82.70230103    0.00000000    0.00000000
   19.47389030   79.32540131    0.00000000    0.00000000
   19.47694588   80.53089905    0.00000000    0.00000000
   19.47722244   84.70989990    0.00000000    0.00000000
   19.48027802   81.48989868    0.00000000    0.00000000
   19.48361206   82.67790222    0.00000000    0.00000000
   19.48666763   81.24530029    0.00000000    0.00000000
   19.48972321   80.09750366    0.00000000    0.00000000
   19.49305534   81.82279968    0.00000000    0.00000000
   19.49611092   81.56900024    0.00000000    0.00000000
   19.49916649   82.42849731    0.00000000    0.00000000
   19.50194359   82.56040192    0.00000000    0.00000000
   19.50277710   85.67569733    0.00000000    0.00000000
   19.50611115   84.48049927    0.00000000    0.00000000
   19.50916672   83.24539948    0.00000000    0.00000000
   19.51222229   79.05690002    0.00000000    0.00000000
   19.51527786   84.34929657    0.00000000    0.00000000
   19.51861000   82.84999847    0.00000000    0.00000000
   19.52166557   83.92160034    0.00000000    0.00000000
   19.52472115   81.45480347    0.00000000    0.00000000
   19.52694511   88.11840057    0.00000000    0.00000000
   19.52805519   87.29840088    0.00000000    0.00000000
   19.53111076   84.02760315    0.00000000    0.00000000
   19.53444481   80.71779633    0.00000000    0.00000000
   19.53750038   81.49459839    0.00000000    0.00000000
   19.54055595   81.20860291    0.00000000    0.00000000
   19.54388809   82.62560272    0.00000000    0.00000000
   19.54694366   86.80059814    0.00000000    0.00000000
   19.54999924   78.05789948    0.00000000    0.00000000
   19.55194283   81.11879730    0.00000000    0.00000000
   19.55333328   84.21330261    0.00000000    0.00000000
   19.55666542   81.37940216    0.00000000    0.00000000
   19.55972099   84.60440063    0.00000000    0.00000000
   19.56277657   87.55049896    0.00000000    0.00000000
   19.56583214   84.35939789    0.00000000    0.00000000
   19.56916809   85.04409790    0.00000000    0.00000000
   19.57222366   80.27390289    0.00000000    0.00000000
   19.57527924   86.80490112    0.00000000    0.00000000
   19.57694626   86.10900116    0.00000000    0.00000000
   19.57861137   79.61060333    0.00000000    0.00000000
   19.58194542   81.01239777    0.00000000    0.00000000
   19.58500099   80.70690155    0.00000000    0.00000000
   19.58805656   81.50689697    0.00000000    0.00000000
   19.59111214   78.79489899    0.00000000    0.00000000
   19.59444427   79.64129639    0.00000000    0.00000000
   19.59749985   80.78939819    0.00000000    0.00000000
   19.60055542   79.94309998    0.00000000    0.00000000
   19.60194397   89.24500275    0.00000000    0.00000000
   19.60388947   84.36360168    0.00000000    0.00000000
   19.60722351   85.24469757    0.00000000    0.00000000
   19.61027908   77.27770233    0.00000000    0.00000000
   19.61333466   79.57299805    0.00000000    0.00000000
   19.61638832   79.56600189    0.00000000    0.00000000
   19.61972237   77.27189636    0.00000000    0.00000000
   19.62277794   80.70099640    0.00000000    0.00000000
   19.62583351   83.00260162    0.00000000    0.00000000
   19.62694550   82.64649963    0.00000000    0.00000000
   19.62916756   85.67839813    0.00000000    0.00000000
   19.63249969   83.37660217    0.00000000    0.00000000
   19.63555527   84.03510284    0.00000000    0.00000000
   19.63861084   83.66169739    0.00000000    0.00000000
   19.64166641   84.41560364    0.00000000    0.00000000
   19.64500046   83.53430176    0.00000000    0.00000000
   19.64805603   85.50910187    0.00000000    0.00000000
   19.65111160   80.96849823    0.00000000    0.00000000
   19.65194321   83.89869690    0.00000000    0.00000000
   19.65444374   82.76650238    0.00000000    0.00000000
   19.65777779   82.13839722    0.00000000    0.00000000
   19.66083336   79.00689697    0.00000000    0.00000000
   19.66388893   81.49259949    0.00000000    0.00000000
   19.66694450   87.62210083    0.00000000    0.00000000
   19.67027664   78.92739868    0.00000000    0.00000000
   19.67333221   80.85839844    0.00000000    0.00000000
   19.67638779   81.57810211    0.00000000    0.00000000
   19.67694473   81.19490051    0.00000000    0.00000000
   19.67972183   80.92299652    0.00000000    0.00000000
   19.68305397   82.40429688    0.00000000    0.00000000
   19.68610954   82.87920380    0.00000000    0.00000000
   19.68916512   83.68540192    0.00000000    0.00000000
   19.69249916   84.89459991    0.00000000    0.00000000
   19.69555473   80.93920135    0.00000000    0.00000000
   19.69861031   83.40660095    0.00000000    0.00000000
   19.70166779   85.18599701    0.00000000    0.00000000
   19.70222282   88.06620026    0.00000000    0.00000000
   19.70527840   85.35119629    0.00000000    0.00000000
   19.70833397   83.82469940    0.00000000    0.00000000
   19.71138954   84.55259705    0.00000000    0.00000000
   19.71472359   84.52780151    0.00000000    0.00000000
   19.71777916   82.59609985    0.00000000    0.00000000
   19.72083473   82.92990112    0.00000000    0.00000000
   19.72416687   84.53990173    0.00000000    0.00000000
   19.72722244   82.31109619    0.00000000    0.00000000
   19.72750092   82.67939758    0.00000000    0.00000000
   19.73055649   80.43019867    0.00000000    0.00000000
   19.73361206   82.68419647    0.00000000    0.00000000
   19.73694420   88.27300262    0.00000000    0.00000000
   19.73999977   85.61479950    0.00000000    0.00000000
   19.74305534   83.09169769    0.00000000    0.00000000
   19.74611092   82.71579742    0.00000000    0.00000000
   19.74944496   85.91040039    0.00000000    0.00000000
   19.75222206   81.60679626    0.00000000    0.00000000
   19.75277710   88.49980164    0.00000000    0.00000000
   19.75583267   89.41139984    0.00000000    0.00000000
   19.75888824   81.81310272    0.00000000    0.00000000
   19.76222229   86.12300110    0.00000000    0.00000000
   19.76527786   86.43789673    0.00000000    0.00000000
   19.76833344   96.94470215    0.00000000    0.00000000
   19.77138901   88.48249817    0.00000000    0.00000000
   19.77472115   95.25730133    0.00000000    0.00000000
   19.77722168   93.71790314    0.00000000    0.00000000
   19.77805519   89.77749634    0.00000000    0.00000000
   19.78111076   95.04039764    0.00000000    0.00000000
   19.78416634  103.57199860    0.00000000    0.00000000
   19.78750038  103.03800201    0.00000000    0.00000000
   19.79055595  101.54000092    0.00000000    0.00000000
   19.79361153  115.06199646    0.00000000    0.00000000
   19.79666710  113.47599792    0.00000000    0.00000000
   19.79999924  109.82800293    0.00000000    0.00000000
   19.80222130  140.23399353    0.00000000    0.00000000
   19.80333328  130.64100647    0.00000000    0.00000000
   19.80638885  143.38600159    0.00000000    0.00000000
   19.80944443  162.66000366    0.00000000    0.00000000
   19.81277657  263.84600830    0.00000000    0.00000000
   19.81583214  237.11399841    0.00000000    0.00000000
   19.81888962  189.07400513    0.00000000    0.00000000
   19.82194519  142.77400208    0.00000000    0.00000000
   19.82527924   23.57019997    0.00000000    0.00000000
   19.82861137   -1.00000000    0.00000000    0.00000000
   19.83166695   -1.00000000    0.00000000    0.00000000
   19.83472252   -1.00000000    0.00000000    0.00000000
   19.83805656   -1.00000000    0.00000000    0.00000000
   19.84111214   -1.00000000    0.00000000    0.00000000
   19.84416771   -1.00000000    0.00000000    0.00000000
   19.84722328   -1.00000000    0.00000000    0.00000000
   19.85055542   -1.00000000    0.00000000    0.00000000
   19.85388947   -1.00000000    0.00000000    0.00000000
   19.85694504   -1.00000000    0.00000000    0.00000000
   19.86000061   -1.00000000    0.00000000    0.00000000
   19.86333466   -1.00000000    0.00000000    0.00000000
   19.86638832   -1.00000000    0.00000000    0.00000000
   19.86944389   -1.00000000    0.00000000    0.00000000
   19.87249947   -1.00000000    0.00000000    0.00000000
   19.87583351   -1.00000000    0.00000000    0.00000000
   19.87916756   -1.00000000    0.00000000    0.00000000
   19.88222313   -1.00000000    0.00000000    0.00000000
   19.88527679   -1.00000000    0.00000000    0.00000000
   19.88861084   -1.00000000    0.00000000    0.00000000
   19.89166641   -1.00000000    0.00000000    0.00000000
   19.89472198   -1.00000000    0.00000000    0.00000000
   19.89777756   -1.00000000    0.00000000    0.00000000
   19.90111160   -1.00000000    0.00000000    0.00000000
   19.90444374   -1.00000000    0.00000000    0.00000000
   19.90749931   -1.00000000    0.00000000    0.00000000
   19.91055489   -1.00000000    0.00000000    0.00000000
   19.91388893   -1.00000000    0.00000000    0.00000000
   19.91694450   -1.00000000    0.00000000    0.00000000
   19.92000008   -1.00000000    0.00000000    0.00000000
   19.92305565   -1.00000000    0.00000000    0.00000000
   19.92638779   -1.00000000    0.00000000    0.00000000
   19.92972183   -1.00000000    0.00000000    0.00000000
   19.93277740   -1.00000000    0.00000000    0.00000000
   19.93583298   -1.00000000    0.00000000    0.00000000
   19.93916512   -1.00000000    0.00000000    0.00000000
   19.94222069   -1.00000000    0.00000000    0.00000000
   19.94527626   -1.00000000    0.00000000    0.00000000
   19.94861031   -1.00000000    0.00000000    0.00000000
   19.95166779   -1.00000000    0.00000000    0.00000000
   19.95499992   -1.00000000    0.00000000    0.00000000
   19.95805550   -1.00000000    0.00000000    0.00000000
   19.96111107   -1.00000000    0.00000000    0.00000000
   19.96444511   -1.00000000    0.00000000    0.00000000
   19.96750069   -1.00000000    0.00000000    0.00000000
   19.97055626   -1.00000000    0.00000000    0.00000000
   19.97389030   -1.00000000    0.00000000    0.00000000
   19.97694588   -1.00000000    0.00000000    0.00000000
   19.98027802   -1.00000000    0.00000000    0.00000000
   19.98361206   -1.00000000    0.00000000    0.00000000
   19.98666763   -1.00000000    0.00000000    0.00000000
   19.98972321   -1.00000000    0.00000000    0.00000000
   19.99277878   -1.00000000    0.00000000    0.00000000
   19.99611092   -1.00000000    0.00000000    0.00000000
   19.99916649   86.57620239    0.00000000    0.00000000
   20.00222206   79.57109833    0.00000000    0.00000000
   20.00250053   84.76950073    0.00000000    0.00000000
   20.00583267   89.14009857    0.00000000    0.00000000
   20.00888824   78.32659912    0.00000000    0.00000000
   20.01194382   84.31469727    0.00000000    0.00000000
   20.01499939   80.23780060    0.00000000    0.00000000
   20.01833344   81.34290314    0.00000000    0.00000000
   20.02138901   79.02590179    0.00000000    0.00000000
   20.02444458   79.98950195    0.00000000    0.00000000
   20.02722168   80.78710175    0.00000000    0.00000000
   20.02777672   80.51930237    0.00000000    0.00000000
   20.03111076   80.01650238    0.00000000    0.00000000
   20.03416634   83.64399719    0.00000000    0.00000000
   20.03722191   79.95989990    0.00000000    0.00000000
   20.04027748   82.72679901    0.00000000    0.00000000
   20.04361153   79.70449829    0.00000000    0.00000000
   20.04666710   83.40650177    0.00000000    0.00000000
   20.04999924   84.84089661    0.00000000    0.00000000
   20.05222130   78.86669922    0.00000000    0.00000000
   20.05305481   80.78800201    0.00000000    0.00000000
   20.05638885   80.36250305    0.00000000    0.00000000
   20.05944443   84.63230133    0.00000000    0.00000000
   20.06250000   86.86730194    0.00000000    0.00000000
   20.06555557   81.12550354    0.00000000    0.00000000
   20.06888962   86.90100098    0.00000000    0.00000000
   20.07194519   83.32980347    0.00000000    0.00000000
   20.07500076   86.81549835    0.00000000    0.00000000
   20.07722282   82.39489746    0.00000000    0.00000000
   20.07833481   83.38710022    0.00000000    0.00000000
   20.08166695   81.15920258    0.00000000    0.00000000
   20.08472252   82.14440155    0.00000000    0.00000000
   20.08777809   81.49250031    0.00000000    0.00000000
   20.09083366   78.34210205    0.00000000    0.00000000
   20.09416771   80.31539917    0.00000000    0.00000000
   20.09722328   80.92690277    0.00000000    0.00000000
   20.10027885   80.29250336    0.00000000    0.00000000
   20.10222244   77.68419647    0.00000000    0.00000000
   20.10361099   78.44699860    0.00000000    0.00000000
   20.10694504   83.79969788    0.00000000    0.00000000
   20.11000061   85.43060303    0.00000000    0.00000000
   20.11305618   83.47280121    0.00000000    0.00000000
   20.11611176   80.06320190    0.00000000    0.00000000
   20.11944389   85.09210205    0.00000000    0.00000000
   20.12249947   83.75879669    0.00000000    0.00000000
   20.12555504   86.34459686    0.00000000    0.00000000
   20.12722206   80.00330353    0.00000000    0.00000000
   20.12888908   81.74459839    0.00000000    0.00000000
   20.13222313   84.01339722    0.00000000    0.00000000
   20.13527679   87.37999725    0.00000000    0.00000000
   20.13833237   89.92690277    0.00000000    0.00000000
   20.14138794  104.03900146    0.00000000    0.00000000
   20.14472198   96.54429626    0.00000000    0.00000000
   20.14777756  116.05100250    0.00000000    0.00000000
   20.15083313  143.54699707    0.00000000    0.00000000
   20.15222168  190.06199646    0.00000000    0.00000000
   20.15416718  186.15800476    0.00000000    0.00000000
   20.15749931   -1.00000000    0.00000000    0.00000000
   20.16055489   -1.00000000    0.00000000    0.00000000
   20.16361046   -1.00000000    0.00000000    0.00000000
   20.16666603   -1.00000000    0.00000000    0.00000000
   20.17000008   -1.00000000    0.00000000    0.00000000
   20.17305565   -1.00000000    0.00000000    0.00000000
   20.17611122   -1.00000000    0.00000000    0.00000000
   20.17944336   -1.00000000    0.00000000    0.00000000
   20.18944359   -1.00000000    0.00000000    0.00000000
   20.19249916   -1.00000000    0.00000000    0.00000000
   20.19555473   -1.00000000    0.00000000    0.00000000
   20.19944382   -1.00000000    0.00000000    0.00000000
   20.20277786   -1.00000000    0.00000000    0.00000000
   20.20611191   -1.00000000    0.00000000    0.00000000
   20.20972252   -1.00000000    0.00000000    0.00000000
   20.21305656   -1.00000000    0.00000000    0.00000000
   20.21611214   -1.00000000    0.00000000    0.00000000
   20.22000122   -1.00000000    0.00000000    0.00000000
   20.22305679   -1.00000000    0.00000000    0.00000000
