    HOUR (UT)   FLARE FACTOR    SKY TESTER    SUN TESTER
   11.37305546   -1.00000000   -1.00000000   -1.00000000
   11.39999962  177.27200317    0.00000000    0.00000000
   11.40305519  221.30400085    0.00000000    0.00000000
   11.40611076  225.86500549    0.00000000    0.00000000
   11.40944386  178.13200378    0.00000000    0.00000000
   11.41249943  187.09300232    0.00000000    0.00000000
   11.41555500  178.97000122    0.00000000    0.00000000
   11.41861153  183.65899658    0.00000000    0.00000000
   11.42194462  191.48800659    0.00000000    0.00000000
   11.42472267  184.45500183    0.00000000    0.00000000
   11.42527771  210.47300720    0.00000000    0.00000000
   11.42861176  205.43400574    0.00000000    0.00000000
   11.43166733  176.42300415    0.00000000    0.00000000
   11.43500042  193.89599609    0.00000000    0.00000000
   11.43805599  172.57099915    0.00000000    0.00000000
   11.44111156  174.46899414    0.00000000    0.00000000
   11.44472218  176.99000549    0.00000000    0.00000000
   11.44777775  177.73699951    0.00000000    0.00000000
   11.44972229  167.19900513    0.00000000    0.00000000
   11.45111084  190.87699890    0.00000000    0.00000000
   11.45416641  170.63600159    0.00000000    0.00000000
   11.45749950  159.34399414    0.00000000    0.00000000
   11.46055508  160.39999390    0.00000000    0.00000000
   11.46361065  154.87699890    0.00000000    0.00000000
   11.46666622  143.33700562    0.00000000    0.00000000
   11.46999931  153.54600525    0.00000000    0.00000000
   11.47305489  147.60800171    0.00000000    0.00000000
   11.47472191  170.76400757    0.00000000    0.00000000
   11.47638798  165.58799744    0.00000000    0.00000000
   11.47944355  146.20899963    0.00000000    0.00000000
   11.48277760  148.41700745    0.00000000    0.00000000
   11.48583317  160.72799683    0.00000000    0.00000000
   11.48888874  148.99099731    0.00000000    0.00000000
   11.49222279  141.55099487    0.00000000    0.00000000
   11.49555588  157.19000244    0.00000000    0.00000000
   11.49888897  136.48500061    0.00000000    0.00000000
   11.49972248  134.27000427    0.00000000    0.00000000
   11.50222206  139.13800049    0.00000000    0.00000000
   11.50527763  127.42099762    0.00000000    0.00000000
   11.50861073  133.23899841    0.00000000    0.00000000
   11.51166630  143.39599609    0.00000000    0.00000000
   11.51472187  129.62100220    0.00000000    0.00000000
   11.51777744  139.14900208    0.00000000    0.00000000
   11.52111053  133.44099426    0.00000000    0.00000000
   11.52416611  129.96400452    0.00000000    0.00000000
   11.52472210  118.95800018    0.00000000    0.00000000
   11.52750015  121.79299927    0.00000000    0.00000000
   11.53055573  127.30400085    0.00000000    0.00000000
   11.53388977  129.67300415    0.00000000    0.00000000
   11.53694534  126.08000183    0.00000000    0.00000000
   11.54000092  118.17199707    0.00000000    0.00000000
   11.54305553  121.98300171    0.00000000    0.00000000
   11.54638958  121.37200165    0.00000000    0.00000000
   11.54944515  126.97100067    0.00000000    0.00000000
   11.54972267  117.47100067    0.00000000    0.00000000
   11.55305576  125.52400208    0.00000000    0.00000000
   11.55611134  117.88500214    0.00000000    0.00000000
   11.55916691  119.66500092    0.00000000    0.00000000
   11.56222248  116.82099915    0.00000000    0.00000000
   11.56555557  122.90299988    0.00000000    0.00000000
   11.56861115  116.58100128    0.00000000    0.00000000
   11.57166672  121.89299774    0.00000000    0.00000000
   11.57472229  112.79599762    0.00000000    0.00000000
   11.57499981  114.11299896    0.00000000    0.00000000
   11.57833290  122.87999725    0.00000000    0.00000000
   11.58138847  127.22000122    0.00000000    0.00000000
   11.58444405  129.14999390    0.00000000    0.00000000
   11.58749962  127.82900238    0.00000000    0.00000000
   11.59083271  116.09400177    0.00000000    0.00000000
   11.59388828  113.54599762    0.00000000    0.00000000
   11.59694386  109.30400085    0.00000000    0.00000000
   11.59972191  110.70899963    0.00000000    0.00000000
   11.60027790  110.57800293    0.00000000    0.00000000
   11.60361195  126.23899841    0.00000000    0.00000000
   11.60666752  110.77300262    0.00000000    0.00000000
   11.60972214  113.49299622    0.00000000    0.00000000
   11.61277771  118.07299805    0.00000000    0.00000000
   11.61611176  113.88400269    0.00000000    0.00000000
   11.61916637  108.81199646    0.00000000    0.00000000
   11.62222195  107.31400299    0.00000000    0.00000000
   11.62472248  115.62500000    0.00000000    0.00000000
   11.62555599  115.15200043    0.00000000    0.00000000
   11.62888908  113.69699860    0.00000000    0.00000000
   11.63194466  113.62300110    0.00000000    0.00000000
   11.63500023  103.83100128    0.00000000    0.00000000
   11.63805580  112.77200317    0.00000000    0.00000000
   11.64138889  112.76200104    0.00000000    0.00000000
   11.64444447  101.74299622    0.00000000    0.00000000
   11.64750004  102.27700043    0.00000000    0.00000000
   11.64972210  107.72100067    0.00000000    0.00000000
   11.65083313  115.79399872    0.00000000    0.00000000
   11.65416622  110.64399719    0.00000000    0.00000000
   11.65722179  105.99700165    0.00000000    0.00000000
   11.66027737  106.83799744    0.00000000    0.00000000
   11.66361046   98.93800354    0.00000000    0.00000000
   11.66666698  104.10199738    0.00000000    0.00000000
   11.66972256  117.18099976    0.00000000    0.00000000
   11.67277813  118.55200195    0.00000000    0.00000000
   11.67472267  117.17900085    0.00000000    0.00000000
   11.67611122  102.13300323    0.00000000    0.00000000
   11.67944431  116.21800232    0.00000000    0.00000000
   11.68249989  106.86100006    0.00000000    0.00000000
   11.68555546  102.05500031    0.00000000    0.00000000
   11.68888855  106.55300140    0.00000000    0.00000000
   11.69194412  103.02300262    0.00000000    0.00000000
   11.69499969  100.50599670    0.00000000    0.00000000
   11.69805527  105.59400177    0.00000000    0.00000000
   11.69972229  102.58200073    0.00000000    0.00000000
   11.70166683  108.68699646    0.00000000    0.00000000
   11.70472240   98.61679840    0.00000000    0.00000000
   11.70777798  110.11699677    0.00000000    0.00000000
   11.71083355  103.18699646    0.00000000    0.00000000
   11.71416664  100.20500183    0.00000000    0.00000000
   11.71722221  104.50599670    0.00000000    0.00000000
   11.72027779  104.66400146    0.00000000    0.00000000
   11.72361088   99.56659698    0.00000000    0.00000000
   11.72472191  105.60800171    0.00000000    0.00000000
   11.72694397  106.45700073    0.00000000    0.00000000
   11.72999954   97.90619659    0.00000000    0.00000000
   11.73305511   98.48390198    0.00000000    0.00000000
   11.73611164   98.25029755    0.00000000    0.00000000
   11.73944473  102.11100006    0.00000000    0.00000000
   11.74250031  100.78399658    0.00000000    0.00000000
   11.74555588   99.72299957    0.00000000    0.00000000
   11.74888897  107.43699646    0.00000000    0.00000000
   11.74972248   97.06320190    0.00000000    0.00000000
   11.75222206   95.35140228    0.00000000    0.00000000
   11.75527763   91.16649628    0.00000000    0.00000000
   11.75833321   93.63990021    0.00000000    0.00000000
   11.76138878   94.74690247    0.00000000    0.00000000
   11.76472187  101.12000275    0.00000000    0.00000000
   11.76777744   97.32240295    0.00000000    0.00000000
   11.77083302  100.14700317    0.00000000    0.00000000
   11.77416611   92.16970062    0.00000000    0.00000000
   11.77472210   95.29820251    0.00000000    0.00000000
   11.77750015   98.70570374    0.00000000    0.00000000
   11.78055573   92.24169922    0.00000000    0.00000000
   11.78361130   96.24759674    0.00000000    0.00000000
   11.78666687   97.57099915    0.00000000    0.00000000
   11.79000092   94.17430115    0.00000000    0.00000000
   11.79305553   99.40049744    0.00000000    0.00000000
   11.79611111   91.95240021    0.00000000    0.00000000
   11.79944515  108.87400055    0.00000000    0.00000000
   11.79972267  100.22399902    0.00000000    0.00000000
   11.80277824  100.82599640    0.00000000    0.00000000
   11.80583382   93.69039917    0.00000000    0.00000000
   11.80888939   93.29869843    0.00000000    0.00000000
   11.81222248   97.13760376    0.00000000    0.00000000
   11.81527805   92.71859741    0.00000000    0.00000000
   11.81833363  104.95899963    0.00000000    0.00000000
   11.82138920  102.22599792    0.00000000    0.00000000
   11.82472229   99.50530243    0.00000000    0.00000000
   11.82499981  106.05799866    0.00000000    0.00000000
   11.82805538   99.19470215    0.00000000    0.00000000
   11.83138847   94.97889709    0.00000000    0.00000000
   11.83444405  104.81400299    0.00000000    0.00000000
   11.83749962  101.53299713    0.00000000    0.00000000
   11.84055519   91.38680267    0.00000000    0.00000000
   11.84388828   97.02269745    0.00000000    0.00000000
   11.84694386   95.23120117    0.00000000    0.00000000
   11.85000038   94.06849670    0.00000000    0.00000000
   11.85027790   99.19329834    0.00000000    0.00000000
   11.85333347   95.74030304    0.00000000    0.00000000
   11.85666752  103.51200104    0.00000000    0.00000000
   11.85972214  105.46600342    0.00000000    0.00000000
   11.86277771   99.93430328    0.00000000    0.00000000
   11.86611176   95.42559814    0.00000000    0.00000000
   11.86916637   95.40720367    0.00000000    0.00000000
   11.87222195   97.60659790    0.00000000    0.00000000
   11.87500000   98.79910278    0.00000000    0.00000000
   11.87555599   95.67630005    0.00000000    0.00000000
   11.87861156   91.94259644    0.00000000    0.00000000
   11.88194466  100.13300323    0.00000000    0.00000000
   11.88500023   92.07630157    0.00000000    0.00000000
   11.88805580   93.06009674    0.00000000    0.00000000
   11.89138889   94.99379730    0.00000000    0.00000000
   11.89444447   99.04019928    0.00000000    0.00000000
   11.89750004   98.42279816    0.00000000    0.00000000
   11.89999962   97.60079956    0.00000000    0.00000000
   11.90083313   96.86289978    0.00000000    0.00000000
   11.90388870  105.24199677    0.00000000    0.00000000
   11.90722179   92.66840363    0.00000000    0.00000000
   11.91027737   94.25859833    0.00000000    0.00000000
   11.91333294   95.13030243    0.00000000    0.00000000
   11.91666698  101.75499725    0.00000000    0.00000000
   11.91972256   90.74810028    0.00000000    0.00000000
   11.92277813   97.74629974    0.00000000    0.00000000
   11.92500019   90.13559723    0.00000000    0.00000000
   11.92611122   91.56369781    0.00000000    0.00000000
   11.92916679   90.60199738    0.00000000    0.00000000
   11.93249989   94.46320343    0.00000000    0.00000000
   11.93555546   91.12210083    0.00000000    0.00000000
   11.93861103   90.17169952    0.00000000    0.00000000
   11.94194412   94.86150360    0.00000000    0.00000000
   11.94499969   89.49829865    0.00000000    0.00000000
   11.94805527   97.13659668    0.00000000    0.00000000
   11.94999981   95.20220184    0.00000000    0.00000000
   11.95138836   93.55349731    0.00000000    0.00000000
   11.95472240   93.01360321    0.00000000    0.00000000
   11.95777798  100.98300171    0.00000000    0.00000000
   11.96083355  101.25700378    0.00000000    0.00000000
   11.96388912   91.84580231    0.00000000    0.00000000
   11.96722221   96.43060303    0.00000000    0.00000000
   11.97027779   98.57990265    0.00000000    0.00000000
   11.97333336   88.75730133    0.00000000    0.00000000
   11.97499943   87.61650085    0.00000000    0.00000000
   11.97666645   92.66840363    0.00000000    0.00000000
   11.97999954   89.94180298    0.00000000    0.00000000
   11.98305511   91.73410034    0.00000000    0.00000000
   11.98611164   90.89089966    0.00000000    0.00000000
   11.98916721   90.35590363    0.00000000    0.00000000
   11.99250031   90.30269623    0.00000000    0.00000000
   11.99555588   91.94640350    0.00000000    0.00000000
   11.99861145   89.74839783    0.00000000    0.00000000
   12.00000000   93.26309967    0.00000000    0.00000000
   12.00194454   92.46170044    0.00000000    0.00000000
   12.00527763   92.22540283    0.00000000    0.00000000
   12.00833321   96.48439789    0.00000000    0.00000000
   12.01138878   92.30549622    0.00000000    0.00000000
   12.01444435   95.39179993    0.00000000    0.00000000
   12.01777744   99.13880157    0.00000000    0.00000000
   12.02083302   92.25640106    0.00000000    0.00000000
   12.02388859   92.94270325    0.00000000    0.00000000
   12.02499962   94.63619995    0.00000000    0.00000000
   12.02722168   96.93710327    0.00000000    0.00000000
   12.03055573   93.81999969    0.00000000    0.00000000
   12.03361130   93.26879883    0.00000000    0.00000000
   12.03666687   98.27610016    0.00000000    0.00000000
   12.03972244   95.07299805    0.00000000    0.00000000
   12.04305553   90.09819794    0.00000000    0.00000000
   12.04611111   95.35009766    0.00000000    0.00000000
   12.04916668   95.70349884    0.00000000    0.00000000
   12.05000019   87.98739624    0.00000000    0.00000000
   12.05249977   90.99649811    0.00000000    0.00000000
   12.05583382   93.62290192    0.00000000    0.00000000
   12.05888939   88.90969849    0.00000000    0.00000000
   12.06194496   96.44599915    0.00000000    0.00000000
   12.06500053   91.01219940    0.00000000    0.00000000
   12.06833363   89.90560150    0.00000000    0.00000000
   12.07138920   94.38960266    0.00000000    0.00000000
   12.07444477   90.26419830    0.00000000    0.00000000
   12.07499981   89.02829742    0.00000000    0.00000000
   12.07777786   91.62770081    0.00000000    0.00000000
   12.08111095   96.67379761    0.00000000    0.00000000
   12.08416653   95.71299744    0.00000000    0.00000000
   12.08722210   96.38439941    0.00000000    0.00000000
   12.09027767  102.44599915    0.00000000    0.00000000
   12.09361076  114.43299866    0.00000000    0.00000000
   12.09666634  105.61000061    0.00000000    0.00000000
   12.09972191  117.97000122    0.00000000    0.00000000
   12.10027790  102.39199829    0.00000000    0.00000000
   12.10333347  118.18399811    0.00000000    0.00000000
   12.10638905  134.96299744    0.00000000    0.00000000
   12.10944462  119.90100098    0.00000000    0.00000000
   12.11277771  105.16600037    0.00000000    0.00000000
   12.11583328   96.30390167    0.00000000    0.00000000
   12.11888885   98.61380005    0.00000000    0.00000000
   12.12222195  104.06500244    0.00000000    0.00000000
   12.12527752  124.39299774    0.00000000    0.00000000
   12.12555599  116.96499634    0.00000000    0.00000000
   12.12861156  106.91899872    0.00000000    0.00000000
   12.13166714  101.82700348    0.00000000    0.00000000
   12.13500023   90.33190155    0.00000000    0.00000000
   12.13805580   94.71920013    0.00000000    0.00000000
   12.14111137   92.44960022    0.00000000    0.00000000
   12.14416695  102.46600342    0.00000000    0.00000000
   12.14750004   95.18090057    0.00000000    0.00000000
   12.14999962   91.73049927    0.00000000    0.00000000
   12.15083313   89.44100189    0.00000000    0.00000000
   12.15388870   90.00469971    0.00000000    0.00000000
   12.15694427   92.48650360    0.00000000    0.00000000
   12.16027737   91.07959747    0.00000000    0.00000000
   12.16333294   89.92839813    0.00000000    0.00000000
   12.16638851   94.67030334    0.00000000    0.00000000
   12.16944504   89.92469788    0.00000000    0.00000000
   12.17277813   88.34919739    0.00000000    0.00000000
   12.17527771   92.19619751    0.00000000    0.00000000
   12.17611122   89.82839966    0.00000000    0.00000000
   12.17916679   92.47619629    0.00000000    0.00000000
   12.18222237   86.03610229    0.00000000    0.00000000
   12.18555546   89.84909821    0.00000000    0.00000000
   12.18861103  101.07099915    0.00000000    0.00000000
   12.19166660   89.91410065    0.00000000    0.00000000
   12.19472218   92.45079803    0.00000000    0.00000000
   12.19805527   98.84429932    0.00000000    0.00000000
   12.20027733   93.13829803    0.00000000    0.00000000
   12.20138836   92.45050049    0.00000000    0.00000000
   12.20444393   97.18890381    0.00000000    0.00000000
   12.20749950   88.47810364    0.00000000    0.00000000
   12.21083355   88.94779968    0.00000000    0.00000000
   12.21388912   91.16619873    0.00000000    0.00000000
   12.21694374   93.72579956    0.00000000    0.00000000
   12.21999931   98.23639679    0.00000000    0.00000000
   12.22333336   87.47920227    0.00000000    0.00000000
   12.22527695   90.64450073    0.00000000    0.00000000
   12.22666645   99.12719727    0.00000000    0.00000000
   12.22972202   89.80020142    0.00000000    0.00000000
   12.23277760   88.13639832    0.00000000    0.00000000
   12.23611164   88.90180206    0.00000000    0.00000000
   12.23916721   87.66190338    0.00000000    0.00000000
   12.24222279   86.69170380    0.00000000    0.00000000
   12.24527836   90.76799774    0.00000000    0.00000000
   12.24861145   89.95790100    0.00000000    0.00000000
   12.25027752   87.92600250    0.00000000    0.00000000
   12.25194454   88.97480011    0.00000000    0.00000000
   12.25500011   98.66940308    0.00000000    0.00000000
   12.25805569   89.80419922    0.00000000    0.00000000
   12.26138878   96.08190155    0.00000000    0.00000000
   12.26444435   92.00499725    0.00000000    0.00000000
   12.26749992   95.10369873    0.00000000    0.00000000
   12.27083302   89.01339722    0.00000000    0.00000000
   12.27388859   96.95580292    0.00000000    0.00000000
   12.27527714   92.07070160    0.00000000    0.00000000
   12.27722168   89.55130005    0.00000000    0.00000000
   12.28027725   87.56719971    0.00000000    0.00000000
   12.28333378   96.56130219    0.00000000    0.00000000
   12.28666687   97.54309845    0.00000000    0.00000000
   12.28972244   91.56320190    0.00000000    0.00000000
   12.29277802   89.39800262    0.00000000    0.00000000
   12.29583359   90.69609833    0.00000000    0.00000000
   12.29916668   97.60479736    0.00000000    0.00000000
   12.30027771   89.54049683    0.00000000    0.00000000
   12.30249977   89.64959717    0.00000000    0.00000000
   12.30555534   88.56999969    0.00000000    0.00000000
   12.30861092   89.40339661    0.00000000    0.00000000
   12.31194496   86.54000092    0.00000000    0.00000000
   12.31500053   87.73789978    0.00000000    0.00000000
   12.31805515   98.16410065    0.00000000    0.00000000
   12.32138920   92.30889893    0.00000000    0.00000000
   12.32444477   93.12039948    0.00000000    0.00000000
   12.32527733   90.27130127    0.00000000    0.00000000
   12.32777786   87.95159912    0.00000000    0.00000000
   12.33083344   93.13349915    0.00000000    0.00000000
   12.33388901   96.21939850    0.00000000    0.00000000
   12.33722210   94.91419983    0.00000000    0.00000000
   12.34027767   87.61399841    0.00000000    0.00000000
   12.34333324   88.12560272    0.00000000    0.00000000
   12.34666634   93.90370178    0.00000000    0.00000000
   12.34972191   93.06150055    0.00000000    0.00000000
   12.35027790   96.69560242    0.00000000    0.00000000
   12.35305595   96.97219849    0.00000000    0.00000000
   12.35611153   93.15059662    0.00000000    0.00000000
   12.35916710   95.73049927    0.00000000    0.00000000
   12.36250019  100.69100189    0.00000000    0.00000000
   12.36555576  147.77299500    0.00000000    0.00000000
   12.36861134  103.15799713    0.00000000    0.00000000
   12.37194443   99.58920288    0.00000000    0.00000000
   12.37500000   89.61949921    0.00000000    0.00000000
   12.37527752   88.62789917    0.00000000    0.00000000
   12.37833309   88.48459625    0.00000000    0.00000000
   12.38166714   92.70099640    0.00000000    0.00000000
   12.38472176   89.72499847    0.00000000    0.00000000
   12.38777733   87.73429871    0.00000000    0.00000000
   12.39083290   89.36730194    0.00000000    0.00000000
   12.39416695   92.09909821    0.00000000    0.00000000
   12.39722252   96.56719971    0.00000000    0.00000000
   12.41638851   89.78890228    0.00000000    0.00000000
   12.41694450   97.49800110    0.00000000    0.00000000
   12.42000008   91.85019684    0.00000000    0.00000000
   12.42333412   91.85379791    0.00000000    0.00000000
   12.42638874   92.36640167    0.00000000    0.00000000
   12.42944431   92.87660217    0.00000000    0.00000000
   12.43277836   90.51260376    0.00000000    0.00000000
   12.43583298   87.45539856    0.00000000    0.00000000
   12.43888855   91.09510040    0.00000000    0.00000000
   12.44138908   93.26719666    0.00000000    0.00000000
   12.44222260   96.63999939    0.00000000    0.00000000
   12.44527817   98.83679962    0.00000000    0.00000000
   12.44833374   95.61930084    0.00000000    0.00000000
   12.45166683   95.54460144    0.00000000    0.00000000
   12.45472240  100.76499939    0.00000000    0.00000000
   12.45777798   89.70320129    0.00000000    0.00000000
   12.46111107   98.53520203    0.00000000    0.00000000
   12.46416664   93.73480225    0.00000000    0.00000000
   12.46638870   97.99970245    0.00000000    0.00000000
   12.46749973   94.13610077    0.00000000    0.00000000
   12.47055531   94.05130005    0.00000000    0.00000000
   12.47361088   94.02739716    0.00000000    0.00000000
   12.47694397   89.28459930    0.00000000    0.00000000
   12.47999954  100.78099823    0.00000000    0.00000000
   12.48305511   94.39579773    0.00000000    0.00000000
   12.48638916   93.01309967    0.00000000    0.00000000
   12.48944473   89.57260132    0.00000000    0.00000000
   12.49138927   99.33209991    0.00000000    0.00000000
   12.49277782   89.30509949    0.00000000    0.00000000
   12.49583340   95.37490082    0.00000000    0.00000000
   12.49916649   94.31780243    0.00000000    0.00000000
   12.50222206   95.78980255    0.00000000    0.00000000
   12.50527763   94.13379669    0.00000000    0.00000000
   12.50833321   96.49819946    0.00000000    0.00000000
   12.51166630   90.39520264    0.00000000    0.00000000
   12.51472187   90.98870087    0.00000000    0.00000000
   12.51638889   93.82689667    0.00000000    0.00000000
   12.51805496   91.74240112    0.00000000    0.00000000
   12.52111053   96.33180237    0.00000000    0.00000000
   12.52444458   86.43979645    0.00000000    0.00000000
   12.52750015   92.91790009    0.00000000    0.00000000
   12.53055573   94.53009796    0.00000000    0.00000000
   12.53361130   86.41020203    0.00000000    0.00000000
   12.53694534   95.25820160    0.00000000    0.00000000
   12.54000092   89.09580231    0.00000000    0.00000000
   12.54138947   88.35620117    0.00000000    0.00000000
   12.54333401   88.63849640    0.00000000    0.00000000
   12.54638958   88.44519806    0.00000000    0.00000000
   12.54972267   90.98899841    0.00000000    0.00000000
   12.55277824   90.70130157    0.00000000    0.00000000
   12.55583382   89.71800232    0.00000000    0.00000000
   12.55888939   89.89389801    0.00000000    0.00000000
   12.56222248   92.49019623    0.00000000    0.00000000
   12.56527805   90.91840363    0.00000000    0.00000000
   12.56638908   90.72460175    0.00000000    0.00000000
   12.56861115   93.12740326    0.00000000    0.00000000
   12.57166672   85.77619934    0.00000000    0.00000000
   12.57499981   89.34709930    0.00000000    0.00000000
   12.57805538   90.29399872    0.00000000    0.00000000
   12.58111095   94.01409912    0.00000000    0.00000000
   12.58416653   90.70989990    0.00000000    0.00000000
   12.58749962   87.89810181    0.00000000    0.00000000
   12.59055519   88.15699768    0.00000000    0.00000000
   12.59138870   93.65280151    0.00000000    0.00000000
   12.59388828   87.12809753    0.00000000    0.00000000
   12.59694386   89.87079620    0.00000000    0.00000000
   12.60027790   96.37280273    0.00000000    0.00000000
   12.60333347   91.53980255    0.00000000    0.00000000
   12.60638905   88.91249847    0.00000000    0.00000000
   12.60944462   93.39710236    0.00000000    0.00000000
   12.61277771   95.11910248    0.00000000    0.00000000
   12.61583328   88.19080353    0.00000000    0.00000000
   12.61638927   86.44850159    0.00000000    0.00000000
   12.61916637   94.30130005    0.00000000    0.00000000
   12.62222195   90.12249756    0.00000000    0.00000000
   12.62555599   91.34860229    0.00000000    0.00000000
   12.62861156   86.17600250    0.00000000    0.00000000
   12.63166714   92.98439789    0.00000000    0.00000000
   12.63500023   87.91799927    0.00000000    0.00000000
   12.63805580   90.57109833    0.00000000    0.00000000
   12.64111137   93.22540283    0.00000000    0.00000000
   12.64138889   90.77999878    0.00000000    0.00000000
   12.64472198   86.79910278    0.00000000    0.00000000
   12.64777756   88.43589783    0.00000000    0.00000000
   12.65083313   91.58229828    0.00000000    0.00000000
   12.65388870   88.52610016    0.00000000    0.00000000
   12.65722179   90.26159668    0.00000000    0.00000000
   12.66027737   84.70829773    0.00000000    0.00000000
   12.66333294   90.26619720    0.00000000    0.00000000
   12.66638851   88.73300171    0.00000000    0.00000000
   12.66666698   90.59349823    0.00000000    0.00000000
   12.67000008   87.27290344    0.00000000    0.00000000
   12.67305565   92.67420197    0.00000000    0.00000000
   12.67611122   91.98459625    0.00000000    0.00000000
   12.67944431   93.47229767    0.00000000    0.00000000
   12.68249989   89.04609680    0.00000000    0.00000000
   12.68555546   92.74859619    0.00000000    0.00000000
   12.68861103   88.57129669    0.00000000    0.00000000
   12.69138908   90.91580200    0.00000000    0.00000000
   12.69194412   90.25610352    0.00000000    0.00000000
   12.69527817   91.79109955    0.00000000    0.00000000
   12.69833374   90.04080200    0.00000000    0.00000000
   12.70138836   92.58300018    0.00000000    0.00000000
   12.70472240   90.35320282    0.00000000    0.00000000
   12.70777798   86.72440338    0.00000000    0.00000000
   12.71083355   90.41329956    0.00000000    0.00000000
   12.71388912   91.45330048    0.00000000    0.00000000
   12.71638870   86.07050323    0.00000000    0.00000000
   12.71722221   90.70099640    0.00000000    0.00000000
   12.72055531   93.71779633    0.00000000    0.00000000
   12.72361088   85.82959747    0.00000000    0.00000000
   12.72666645   92.85320282    0.00000000    0.00000000
   12.72999954   93.00509644    0.00000000    0.00000000
   12.73305511   90.98699951    0.00000000    0.00000000
   12.73611164   95.50559998    0.00000000    0.00000000
   12.73944473   90.67700195    0.00000000    0.00000000
   12.74138927   92.88330078    0.00000000    0.00000000
   12.74277782   91.81099701    0.00000000    0.00000000
   12.74583340   89.35160065    0.00000000    0.00000000
   12.74888897   90.05319977    0.00000000    0.00000000
   12.75194454   89.86150360    0.00000000    0.00000000
   12.75527763   87.24420166    0.00000000    0.00000000
   12.75833321   91.58260345    0.00000000    0.00000000
   12.76138878   94.97219849    0.00000000    0.00000000
   12.76444435   88.25859833    0.00000000    0.00000000
   12.76638889   93.06390381    0.00000000    0.00000000
   12.76805496   93.13009644    0.00000000    0.00000000
   12.77111053   88.07399750    0.00000000    0.00000000
   12.77416611   89.49259949    0.00000000    0.00000000
   12.77722168   89.73419952    0.00000000    0.00000000
   12.78055573   88.83290100    0.00000000    0.00000000
   12.78361130   94.78949738    0.00000000    0.00000000
   12.78666687   94.49189758    0.00000000    0.00000000
   12.78972244   91.58930206    0.00000000    0.00000000
   12.79138947   91.76770020    0.00000000    0.00000000
   12.79333401   87.64959717    0.00000000    0.00000000
   12.79638958   85.86019897    0.00000000    0.00000000
   12.79944515   87.73229980    0.00000000    0.00000000
   12.80249977   87.00640106    0.00000000    0.00000000
   12.80583382   88.96540070    0.00000000    0.00000000
   12.80888939   86.03189850    0.00000000    0.00000000
   12.81194496   84.30639648    0.00000000    0.00000000
   12.81527805   85.95210266    0.00000000    0.00000000
   12.81638908   87.56240082    0.00000000    0.00000000
   12.81861115   91.94809723    0.00000000    0.00000000
   12.82166672   87.92800140    0.00000000    0.00000000
   12.82472229   83.39969635    0.00000000    0.00000000
   12.82777786   85.48280334    0.00000000    0.00000000
   12.83111095   88.44229889    0.00000000    0.00000000
   12.83416653   82.15059662    0.00000000    0.00000000
   12.83722210   81.91020203    0.00000000    0.00000000
   12.84055519   89.25939941    0.00000000    0.00000000
   12.84138870   87.58959961    0.00000000    0.00000000
   12.84388828   88.79889679    0.00000000    0.00000000
   12.84694386   90.00700378    0.00000000    0.00000000
   12.85000038   90.37809753    0.00000000    0.00000000
   12.85305595   83.88289642    0.00000000    0.00000000
   12.85638905   88.48509979    0.00000000    0.00000000
   12.85944462   84.80519867    0.00000000    0.00000000
   12.86250019   85.92220306    0.00000000    0.00000000
   12.86583328   84.76850128    0.00000000    0.00000000
   12.86638927   87.27799988    0.00000000    0.00000000
   12.86916637   88.81300354    0.00000000    0.00000000
   12.87222195   87.41870117    0.00000000    0.00000000
   12.87527752   89.67209625    0.00000000    0.00000000
   12.87861156   86.56829834    0.00000000    0.00000000
   12.88166714   81.88950348    0.00000000    0.00000000
   12.88472176   83.50350189    0.00000000    0.00000000
   12.88777733   87.88449860    0.00000000    0.00000000
   12.89111137   89.86250305    0.00000000    0.00000000
   12.89138889   90.62429810    0.00000000    0.00000000
   12.89444447   89.44129944    0.00000000    0.00000000
   12.89750004   85.79509735    0.00000000    0.00000000
   12.90055561   83.37979889    0.00000000    0.00000000
   12.90388870   88.57140350    0.00000000    0.00000000
   12.90694427   92.20110321    0.00000000    0.00000000
   12.90999985   88.19020081    0.00000000    0.00000000
   12.91333294   88.18949890    0.00000000    0.00000000
   12.91638851   87.01180267    0.00000000    0.00000000
   12.91666698   88.10919952    0.00000000    0.00000000
   12.91972256   85.47429657    0.00000000    0.00000000
   12.92305565   92.01499939    0.00000000    0.00000000
   12.92611122   89.70510101    0.00000000    0.00000000
   12.92916679   88.02100372    0.00000000    0.00000000
   12.93222237   90.65859985    0.00000000    0.00000000
   12.93555546   87.78199768    0.00000000    0.00000000
   12.93861103   86.55249786    0.00000000    0.00000000
   12.94166660   86.79309845    0.00000000    0.00000000
   12.94194412   85.77619934    0.00000000    0.00000000
   12.94499969   88.43440247    0.00000000    0.00000000
   12.94833374   88.28230286    0.00000000    0.00000000
   12.95138836   85.97109985    0.00000000    0.00000000
   12.95444393   83.22239685    0.00000000    0.00000000
   12.95777798   83.98459625    0.00000000    0.00000000
   12.96083355   84.95459747    0.00000000    0.00000000
   12.96388912   84.66519928    0.00000000    0.00000000
   12.96666622   84.10009766    0.00000000    0.00000000
   12.96722221   84.07369995    0.00000000    0.00000000
   12.97027779   93.17389679    0.00000000    0.00000000
   12.97361088   89.22280121    0.00000000    0.00000000
   12.97666645   89.33499908    0.00000000    0.00000000
   12.97972202   89.14769745    0.00000000    0.00000000
   12.98305511   90.08260345    0.00000000    0.00000000
   12.98611164   87.08760071    0.00000000    0.00000000
   12.98916721   88.30930328    0.00000000    0.00000000
   12.99166679   89.45980072    0.00000000    0.00000000
   12.99250031   99.24250031    0.00000000    0.00000000
   12.99583340   90.16269684    0.00000000    0.00000000
   12.99888897   91.45760345    0.00000000    0.00000000
   13.00194454   89.57119751    0.00000000    0.00000000
   13.00500011   88.00199890    0.00000000    0.00000000
   13.00833321   90.26380157    0.00000000    0.00000000
   13.01138878   89.04499817    0.00000000    0.00000000
   13.01444435   87.32089996    0.00000000    0.00000000
   13.01666641   83.61920166    0.00000000    0.00000000
   13.01777744   86.01159668    0.00000000    0.00000000
   13.02111053   85.27069855    0.00000000    0.00000000
   13.02416611   88.89440155    0.00000000    0.00000000
   13.02722168   83.19809723    0.00000000    0.00000000
   13.03027725   85.43450165    0.00000000    0.00000000
   13.03361130   87.93109894    0.00000000    0.00000000
   13.03666687   85.02890015    0.00000000    0.00000000
   13.03972244   84.66249847    0.00000000    0.00000000
   13.04166698   83.22419739    0.00000000    0.00000000
   13.04305553   83.41089630    0.00000000    0.00000000
   13.04638958   81.71749878    0.00000000    0.00000000
   13.04944515   91.18389893    0.00000000    0.00000000
   13.05249977   92.56809998    0.00000000    0.00000000
   13.05555534   84.59739685    0.00000000    0.00000000
   13.05888939   83.83080292    0.00000000    0.00000000
   13.06194496   81.48190308    0.00000000    0.00000000
   13.06500053   82.72920227    0.00000000    0.00000000
   13.06666660   92.80560303    0.00000000    0.00000000
   13.06833363   83.13300323    0.00000000    0.00000000
   13.07166672   83.86820221    0.00000000    0.00000000
   13.07472229   88.52570343    0.00000000    0.00000000
   13.07777786   80.55740356    0.00000000    0.00000000
   13.08083344   80.85870361    0.00000000    0.00000000
   13.08416653   85.31510162    0.00000000    0.00000000
   13.08722210   83.46839905    0.00000000    0.00000000
   13.09027767   80.10929871    0.00000000    0.00000000
   13.09166622   81.54290009    0.00000000    0.00000000
   13.09361076   81.62460327    0.00000000    0.00000000
   13.09694386   81.54170227    0.00000000    0.00000000
   13.10000038   85.39309692    0.00000000    0.00000000
   13.10305595   88.05609894    0.00000000    0.00000000
   13.10611153   85.83860016    0.00000000    0.00000000
   13.10944462   85.12590027    0.00000000    0.00000000
   13.11250019   84.04969788    0.00000000    0.00000000
   13.11555576   82.57929993    0.00000000    0.00000000
   13.11666679   87.56710052    0.00000000    0.00000000
   13.11888885   87.48429871    0.00000000    0.00000000
   13.12222195   88.35279846    0.00000000    0.00000000
   13.12527752   84.15540314    0.00000000    0.00000000
   13.12833309   89.77369690    0.00000000    0.00000000
   13.13138866   82.40809631    0.00000000    0.00000000
   13.13472176   86.59870148    0.00000000    0.00000000
   13.13777733   88.05280304    0.00000000    0.00000000
   13.14083290   80.52809906    0.00000000    0.00000000
   13.14166641   81.92769623    0.00000000    0.00000000
   13.14416695   82.28769684    0.00000000    0.00000000
   13.14750004   85.24759674    0.00000000    0.00000000
   13.15055561   88.95300293    0.00000000    0.00000000
   13.15361118   85.91629791    0.00000000    0.00000000
   13.15694427   82.65360260    0.00000000    0.00000000
   13.15999985   82.49310303    0.00000000    0.00000000
   13.16305542   83.99970245    0.00000000    0.00000000
   13.16611099   83.05380249    0.00000000    0.00000000
   13.16666698   82.70680237    0.00000000    0.00000000
   13.16944504   84.76339722    0.00000000    0.00000000
   13.17277813   82.99500275    0.00000000    0.00000000
   13.17583370   86.51589966    0.00000000    0.00000000
   13.17888927   83.66539764    0.00000000    0.00000000
   13.18222237   82.50499725    0.00000000    0.00000000
   13.18527794   83.22769928    0.00000000    0.00000000
   13.18833351   85.19129944    0.00000000    0.00000000
   13.19138908   93.02330017    0.00000000    0.00000000
   13.19194412   85.66239929    0.00000000    0.00000000
   13.19499969   80.38459778    0.00000000    0.00000000
   13.19805527   83.22979736    0.00000000    0.00000000
   13.20111084   83.89700317    0.00000000    0.00000000
   13.20444393   83.49669647    0.00000000    0.00000000
   13.20749950   81.43540192    0.00000000    0.00000000
   13.21055508   82.60790253    0.00000000    0.00000000
   13.21388912   86.12729645    0.00000000    0.00000000
   13.21694374   86.26419830    0.00000000    0.00000000
   13.21722221   87.23780060    0.00000000    0.00000000
   13.22027779   86.00679779    0.00000000    0.00000000
   13.22333336   86.96949768    0.00000000    0.00000000
   13.22666645   86.97270203    0.00000000    0.00000000
   13.22972202   88.18750000    0.00000000    0.00000000
   13.23277760   84.40660095    0.00000000    0.00000000
   13.23611164   88.85520172    0.00000000    0.00000000
   13.23916721   83.98059845    0.00000000    0.00000000
   13.24194431   82.35900116    0.00000000    0.00000000
   13.24250031   84.80310059    0.00000000    0.00000000
   13.24555588   86.84580231    0.00000000    0.00000000
   13.24861145   84.16079712    0.00000000    0.00000000
   13.25194454   86.75800323    0.00000000    0.00000000
   13.25500011   83.08699799    0.00000000    0.00000000
   13.25805569   84.80239868    0.00000000    0.00000000
   13.26111126   83.21070099    0.00000000    0.00000000
   13.26444435   83.26909637    0.00000000    0.00000000
   13.26694393   83.70709991    0.00000000    0.00000000
   13.26777744   84.13960266    0.00000000    0.00000000
   13.27083302   84.69190216    0.00000000    0.00000000
   13.27388859   86.82830048    0.00000000    0.00000000
   13.27722168   85.34130096    0.00000000    0.00000000
   13.28027725   85.65670013    0.00000000    0.00000000
   13.28333378   84.58670044    0.00000000    0.00000000
   13.28638935   93.54709625    0.00000000    0.00000000
   13.28972244   89.54299927    0.00000000    0.00000000
   13.29194450   89.17900085    0.00000000    0.00000000
   13.29305553   92.01809692    0.00000000    0.00000000
   13.29611111   89.04270172    0.00000000    0.00000000
   13.29916668   89.84239960    0.00000000    0.00000000
   13.30249977   93.70089722    0.00000000    0.00000000
   13.30555534   93.27780151    0.00000000    0.00000000
   13.30861092   90.61430359    0.00000000    0.00000000
   13.31166649   87.13240051    0.00000000    0.00000000
   13.31500053   88.17530060    0.00000000    0.00000000
   13.31694412   89.09780121    0.00000000    0.00000000
   13.31833363   93.35009766    0.00000000    0.00000000
   13.32138920   89.64559937    0.00000000    0.00000000
   13.32444477   91.04270172    0.00000000    0.00000000
   13.32777786   91.76899719    0.00000000    0.00000000
   13.33083344   87.28630066    0.00000000    0.00000000
   13.33388901   91.91750336    0.00000000    0.00000000
   13.33722210   86.27529907    0.00000000    0.00000000
   13.34027767   87.12079620    0.00000000    0.00000000
   13.34194374   88.80419922    0.00000000    0.00000000
   13.34361076   85.07790375    0.00000000    0.00000000
   13.34666634   86.02839661    0.00000000    0.00000000
   13.34972191   83.71080017    0.00000000    0.00000000
   13.35305595   83.01280212    0.00000000    0.00000000
   13.35611153   85.08769989    0.00000000    0.00000000
   13.35916710   85.86080170    0.00000000    0.00000000
   13.36250019   85.82499695    0.00000000    0.00000000
   13.36555576   85.19909668    0.00000000    0.00000000
   13.36694431   83.02040100    0.00000000    0.00000000
   13.36888885   86.38089752    0.00000000    0.00000000
   13.37194443   86.66480255    0.00000000    0.00000000
   13.37500000   83.94860077    0.00000000    0.00000000
   13.37833309   88.28340149    0.00000000    0.00000000
   13.38138866   87.13169861    0.00000000    0.00000000
   13.38444424   84.18080139    0.00000000    0.00000000
   13.38777733   85.10559845    0.00000000    0.00000000
   13.39083290   85.40820313    0.00000000    0.00000000
   13.39194393   86.39369965    0.00000000    0.00000000
   13.39416695   85.67440033    0.00000000    0.00000000
   13.39722252   85.20659637    0.00000000    0.00000000
   13.40027714   85.28250122    0.00000000    0.00000000
   13.40361118   85.38269806    0.00000000    0.00000000
   13.40666676   82.41510010    0.00000000    0.00000000
   13.40972137   82.02940369    0.00000000    0.00000000
   13.41305542   84.30259705    0.00000000    0.00000000
   13.41611099   85.95909882    0.00000000    0.00000000
   13.43305588   78.99900055    0.00000000    0.00000000
   13.43611145   86.70459747    0.00000000    0.00000000
   13.43916702   81.84329987    0.00000000    0.00000000
   13.44222260   83.79789734    0.00000000    0.00000000
   13.44527817   82.42410278    0.00000000    0.00000000
   13.44861126   82.85079956    0.00000000    0.00000000
   13.45166683   83.17639923    0.00000000    0.00000000
   13.45472240   82.31490326    0.00000000    0.00000000
   13.45777798   92.19049835    0.00000000    0.00000000
   13.45833302   89.43049622    0.00000000    0.00000000
   13.46138859   82.69499969    0.00000000    0.00000000
   13.46444416   86.27290344    0.00000000    0.00000000
   13.46777725   87.34480286    0.00000000    0.00000000
   13.47083282   82.88610077    0.00000000    0.00000000
   13.47388840   84.46440125    0.00000000    0.00000000
   13.47694397   88.43789673    0.00000000    0.00000000
   13.48027706   90.46209717    0.00000000    0.00000000
   13.48333359   87.48960114    0.00000000    0.00000000
   13.48361111   94.02960205    0.00000000    0.00000000
   13.48666668   88.88639832    0.00000000    0.00000000
   13.48972225   86.29789734    0.00000000    0.00000000
   13.49305534   89.25489807    0.00000000    0.00000000
   13.49611092   87.56109619    0.00000000    0.00000000
   13.49916649   88.09100342    0.00000000    0.00000000
   13.50222206   90.32060242    0.00000000    0.00000000
   13.50555515   85.79869843    0.00000000    0.00000000
   13.50833321   87.06320190    0.00000000    0.00000000
   13.50888920   85.47299957    0.00000000    0.00000000
   13.51194477   94.47709656    0.00000000    0.00000000
   13.51500034   94.19480133    0.00000000    0.00000000
   13.51833344   84.16310120    0.00000000    0.00000000
   13.52138901   84.29419708    0.00000000    0.00000000
   13.52444458   85.82610321    0.00000000    0.00000000
   13.52750015   89.25949860    0.00000000    0.00000000
   13.53083324   90.06320190    0.00000000    0.00000000
   13.53333378   88.77539825    0.00000000    0.00000000
   13.53416729   87.11309814    0.00000000    0.00000000
   13.53722286   88.84169769    0.00000000    0.00000000
   13.54027843   89.83200073    0.00000000    0.00000000
   13.54361153   93.59020233    0.00000000    0.00000000
   13.54666710   88.72899628    0.00000000    0.00000000
   13.54972267   86.07769775    0.00000000    0.00000000
   13.55277824   88.38120270    0.00000000    0.00000000
   13.55611134   93.13179779    0.00000000    0.00000000
   13.55833340   87.31459808    0.00000000    0.00000000
   13.55944443   89.87190247    0.00000000    0.00000000
   13.56250000   88.93530273    0.00000000    0.00000000
   13.56555557   94.46489716    0.00000000    0.00000000
   13.56888866   88.04229736    0.00000000    0.00000000
   13.57194424   89.59410095    0.00000000    0.00000000
   13.57499981   94.78990173    0.00000000    0.00000000
   13.57833290   92.99250031    0.00000000    0.00000000
   13.58138847   84.53140259    0.00000000    0.00000000
   13.58333302   90.81710052    0.00000000    0.00000000
   13.58472157   88.26560211    0.00000000    0.00000000
   13.58777714   86.23880005    0.00000000    0.00000000
   13.59111118   83.95510101    0.00000000    0.00000000
   13.59416676   82.14389801    0.00000000    0.00000000
   13.59722233   86.87830353    0.00000000    0.00000000
   13.60027790   82.93360138    0.00000000    0.00000000
   13.60361195   80.47820282    0.00000000    0.00000000
   13.60666752   82.56130219    0.00000000    0.00000000
   13.60833359   82.24669647    0.00000000    0.00000000
   13.61000061   82.42230225    0.00000000    0.00000000
   13.61305618   80.72699738    0.00000000    0.00000000
   13.61611176   85.66649628    0.00000000    0.00000000
   13.61944485   87.28340149    0.00000000    0.00000000
   13.62250042   83.43969727    0.00000000    0.00000000
   13.62555599   81.51979828    0.00000000    0.00000000
   13.62888908   93.53019714    0.00000000    0.00000000
   13.63194466   88.84159851    0.00000000    0.00000000
   13.63333321   86.65850067    0.00000000    0.00000000
   13.63527775   89.46219635    0.00000000    0.00000000
   13.63833332  102.25900269    0.00000000    0.00000000
   13.64138889   90.83280182    0.00000000    0.00000000
   13.64472198   88.25730133    0.00000000    0.00000000
   13.64777756   88.47380066    0.00000000    0.00000000
   13.65083313   85.49389648    0.00000000    0.00000000
   13.65416622   90.09470367    0.00000000    0.00000000
   13.65722179   85.27279663    0.00000000    0.00000000
   13.65833282   88.79309845    0.00000000    0.00000000
   13.66055489   87.02690125    0.00000000    0.00000000
   13.66361046   84.60890198    0.00000000    0.00000000
   13.66694450   86.68080139    0.00000000    0.00000000
   13.67000008   85.56320190    0.00000000    0.00000000
   13.67305565   83.61329651    0.00000000    0.00000000
   13.67638874   84.69229889    0.00000000    0.00000000
   13.67944431   81.43409729    0.00000000    0.00000000
   13.68249989   83.11710358    0.00000000    0.00000000
   13.68333340   82.72530365    0.00000000    0.00000000
   13.68583298   80.65090179    0.00000000    0.00000000
   13.68888855   81.66410065    0.00000000    0.00000000
   13.69222260   88.73429871    0.00000000    0.00000000
   13.69527817   86.95169830    0.00000000    0.00000000
   13.69833374   92.33769989    0.00000000    0.00000000
   13.70138836   85.21739960    0.00000000    0.00000000
   13.70472240   83.56629944    0.00000000    0.00000000
   13.70777798   91.24729919    0.00000000    0.00000000
   13.70833302   84.68399811    0.00000000    0.00000000
   13.71111107   87.58499908    0.00000000    0.00000000
   13.71416664   92.34809875    0.00000000    0.00000000
   13.71749973   82.69239807    0.00000000    0.00000000
   13.72055531   84.66249847    0.00000000    0.00000000
   13.72361088   84.02159882    0.00000000    0.00000000
   13.72666645   86.79609680    0.00000000    0.00000000
   13.72999954   92.98220062    0.00000000    0.00000000
   13.73305511   85.81089783    0.00000000    0.00000000
   13.73333359   89.55159760    0.00000000    0.00000000
   13.73638916   86.17980194    0.00000000    0.00000000
   13.73972225   86.08979797    0.00000000    0.00000000
   13.74277782   81.33460236    0.00000000    0.00000000
   13.74583340   87.58699799    0.00000000    0.00000000
   13.74916649   81.95020294    0.00000000    0.00000000
   13.75222206   83.55169678    0.00000000    0.00000000
   13.75527763   82.07640076    0.00000000    0.00000000
   13.75833321   83.37979889    0.00000000    0.00000000
   13.75861073   85.31459808    0.00000000    0.00000000
   13.76194477   87.50689697    0.00000000    0.00000000
   13.76500034   92.98010254    0.00000000    0.00000000
   13.76805496   79.93679810    0.00000000    0.00000000
   13.77111053   86.90779877    0.00000000    0.00000000
   13.77444458   84.19909668    0.00000000    0.00000000
   13.77750015   83.09020233    0.00000000    0.00000000
   13.78055573   87.12400055    0.00000000    0.00000000
   13.78333378   83.73690033    0.00000000    0.00000000
   13.78388977   89.24050140    0.00000000    0.00000000
   13.78722286   85.01090240    0.00000000    0.00000000
   13.79027843   87.81179810    0.00000000    0.00000000
   13.79333401   81.77909851    0.00000000    0.00000000
   13.79638958   88.69080353    0.00000000    0.00000000
   13.79972267   92.62210083    0.00000000    0.00000000
   13.80277824   83.87570190    0.00000000    0.00000000
   13.80583382   84.77059937    0.00000000    0.00000000
   13.80833340   84.11759949    0.00000000    0.00000000
   13.80916691   92.11599731    0.00000000    0.00000000
   13.81250000   87.66780090    0.00000000    0.00000000
   13.81555557   91.86170197    0.00000000    0.00000000
   13.81861115   92.56300354    0.00000000    0.00000000
   13.82166672   90.73280334    0.00000000    0.00000000
   13.82499981   88.41709900    0.00000000    0.00000000
   13.82805538   89.25460052    0.00000000    0.00000000
   13.83111095   87.43599701    0.00000000    0.00000000
   13.83333302   95.66470337    0.00000000    0.00000000
   13.83444405   92.20719910    0.00000000    0.00000000
   13.83777714   89.75140381    0.00000000    0.00000000
   13.84083271   90.21549988    0.00000000    0.00000000
   13.84388828   93.36489868    0.00000000    0.00000000
   13.84694386   88.69029999    0.00000000    0.00000000
   13.85027790   88.61579895    0.00000000    0.00000000
   13.85333347   98.00620270    0.00000000    0.00000000
   13.85638905  104.40399933    0.00000000    0.00000000
   13.85833359   92.87550354    0.00000000    0.00000000
   13.85972214   92.44380188    0.00000000    0.00000000
   13.86305618   88.11280060    0.00000000    0.00000000
   13.86611176   96.51709747    0.00000000    0.00000000
   13.86916637  137.63800049    0.00000000    0.00000000
   13.87250042  127.82700348    0.00000000    0.00000000
   13.87555599   89.80049896    0.00000000    0.00000000
   13.87861156   87.81069946    0.00000000    0.00000000
   13.88166714   86.86190033    0.00000000    0.00000000
   13.88333321   85.83689880    0.00000000    0.00000000
   13.88500023   95.33699799    0.00000000    0.00000000
   13.88833332   87.91380310    0.00000000    0.00000000
   13.89138889   91.25460052    0.00000000    0.00000000
   13.89444447   85.78309631    0.00000000    0.00000000
   13.89777756   82.46649933    0.00000000    0.00000000
   13.90083313   88.01229858    0.00000000    0.00000000
   13.90388870   93.87909698    0.00000000    0.00000000
   13.90694427   89.87220001    0.00000000    0.00000000
   13.90833282   86.91449738    0.00000000    0.00000000
   13.91027737   86.01709747    0.00000000    0.00000000
   13.91361046   87.58959961    0.00000000    0.00000000
   13.91666698   84.20179749    0.00000000    0.00000000
   13.91972256   87.47190094    0.00000000    0.00000000
   13.92305565   86.34839630    0.00000000    0.00000000
   13.92611122   83.38400269    0.00000000    0.00000000
   13.92916679   87.13120270    0.00000000    0.00000000
   13.93222237   93.34329987    0.00000000    0.00000000
   13.93333340  101.44999695    0.00000000    0.00000000
   13.93583298  100.26899719    0.00000000    0.00000000
   13.93888855   88.09290314    0.00000000    0.00000000
   13.94194412   88.36769867    0.00000000    0.00000000
   13.94499969   96.47109985    0.00000000    0.00000000
   13.94833374   85.89520264    0.00000000    0.00000000
   13.95138836   90.43579865    0.00000000    0.00000000
   13.95444393  131.07400513    0.00000000    0.00000000
   13.95749950  132.15100098    0.00000000    0.00000000
   13.95833302  127.52899933    0.00000000    0.00000000
   13.96111107  176.25500488    0.00000000    0.00000000
   13.96416664  195.44700623    0.00000000    0.00000000
   13.96722221  148.81500244    0.00000000    0.00000000
   13.97027779  105.87400055    0.00000000    0.00000000
   13.97361088  103.50299835    0.00000000    0.00000000
   13.97666645   98.20690155    0.00000000    0.00000000
   13.97972202  130.39799500    0.00000000    0.00000000
   13.98277760  114.52100372    0.00000000    0.00000000
   13.98333359  158.28399658    0.00000000    0.00000000
   13.98638916  176.76300049    0.00000000    0.00000000
   13.98944473  167.81700134    0.00000000    0.00000000
   13.99250031  113.63300323    0.00000000    0.00000000
   13.99555588  111.27600098    0.00000000    0.00000000
   13.99888897  108.75299835    0.00000000    0.00000000
   14.00194454  103.43099976    0.00000000    0.00000000
   14.00500011   98.98590088    0.00000000    0.00000000
   14.00833321  113.91400146    0.00000000    0.00000000
   14.00861073  104.07499695    0.00000000    0.00000000
   14.01166630  121.25000000    0.00000000    0.00000000
   14.01472187  148.12699890    0.00000000    0.00000000
   14.01805496  124.89800262    0.00000000    0.00000000
   14.02111053  107.52100372    0.00000000    0.00000000
   14.02416611  184.88600159    0.00000000    0.00000000
   14.02722168  163.81300354    0.00000000    0.00000000
   14.03055573  200.89399719    0.00000000    0.00000000
   14.03361130  101.63899994    0.00000000    0.00000000
   14.03388977  114.00199890    0.00000000    0.00000000
   14.03694534  117.81700134    0.00000000    0.00000000
   14.04000092  130.53900146    0.00000000    0.00000000
   14.04333401  141.13299561    0.00000000    0.00000000
   14.04638958  116.00499725    0.00000000    0.00000000
   14.04944515   92.77619934    0.00000000    0.00000000
   14.05249977  129.34500122    0.00000000    0.00000000
   14.05583382  142.04699707    0.00000000    0.00000000
   14.05861092  155.09500122    0.00000000    0.00000000
   14.05916691  166.57099915    0.00000000    0.00000000
   14.06222248  127.92700195    0.00000000    0.00000000
   14.06527805  105.19499969    0.00000000    0.00000000
   14.06861115   98.14450073    0.00000000    0.00000000
   14.07166672   98.54170227    0.00000000    0.00000000
   14.07472229   93.16280365    0.00000000    0.00000000
   14.07805538   97.72789764    0.00000000    0.00000000
   14.08111095  110.22499847    0.00000000    0.00000000
   14.08361053  110.10099792    0.00000000    0.00000000
   14.08444405  105.37300110    0.00000000    0.00000000
   14.08749962  121.71399689    0.00000000    0.00000000
   14.09055519  107.15100098    0.00000000    0.00000000
   14.09388828  114.62100220    0.00000000    0.00000000
   14.09694386  147.72300720    0.00000000    0.00000000
   14.10000038  133.25399780    0.00000000    0.00000000
   14.10333347  141.79100037    0.00000000    0.00000000
   14.10638905  182.90299988    0.00000000    0.00000000
   14.10861111  116.18900299    0.00000000    0.00000000
   14.10972214  121.66400146    0.00000000    0.00000000
   14.11277771  106.70899963    0.00000000    0.00000000
   14.11583328  108.27100372    0.00000000    0.00000000
   14.11916637  114.80000305    0.00000000    0.00000000
   14.12222195  103.94599915    0.00000000    0.00000000
   14.12527752  139.03799438    0.00000000    0.00000000
   14.12861156  111.53199768    0.00000000    0.00000000
   14.13166714  120.55999756    0.00000000    0.00000000
   14.13361073  102.21700287    0.00000000    0.00000000
   14.13500023  101.50099945    0.00000000    0.00000000
   14.13805580  112.45500183    0.00000000    0.00000000
   14.14111137  131.86399841    0.00000000    0.00000000
   14.14444447  140.80000305    0.00000000    0.00000000
   14.14750004  114.55000305    0.00000000    0.00000000
   14.15055561  125.31099701    0.00000000    0.00000000
   14.15388870  187.39500427    0.00000000    0.00000000
   14.15694427   67.38790131    0.00000000    0.00000000
   14.16027737   70.41860199    0.00000000    0.00000000
   14.16333294  183.82000732    0.00000000    0.00000000
   14.16666698  122.31400299    0.00000000    0.00000000
   14.16972256  112.30200195    0.00000000    0.00000000
   14.17277813  123.65499878    0.00000000    0.00000000
   14.17583370  134.06599426    0.00000000    0.00000000
   14.17916679  106.37200165    0.00000000    0.00000000
   14.18222237  118.58000183    0.00000000    0.00000000
   14.18361092   98.53610229    0.00000000    0.00000000
   14.18555546  108.61399841    0.00000000    0.00000000
   14.18861103  110.71099854    0.00000000    0.00000000
   14.19194412  104.78399658    0.00000000    0.00000000
   14.19499969  123.94400024    0.00000000    0.00000000
   14.19805527  117.13300323    0.00000000    0.00000000
   14.20111084  100.26399994    0.00000000    0.00000000
   14.20444393  106.85299683    0.00000000    0.00000000
   14.20749950   91.34349823    0.00000000    0.00000000
   14.20861053   90.49800110    0.00000000    0.00000000
   14.21083355   97.92160034    0.00000000    0.00000000
   14.21388912   98.49299622    0.00000000    0.00000000
   14.21722221  127.55000305    0.00000000    0.00000000
   14.22027779  115.58100128    0.00000000    0.00000000
   14.22333336  101.76300049    0.00000000    0.00000000
   14.22638798  113.34300232    0.00000000    0.00000000
   14.22972202  129.16600037    0.00000000    0.00000000
   14.23277760  131.72700500    0.00000000    0.00000000
   14.23361111  119.68699646    0.00000000    0.00000000
   14.23611164  108.61699677    0.00000000    0.00000000
   14.23916721  125.88899994    0.00000000    0.00000000
   14.24250031  115.01999664    0.00000000    0.00000000
   14.24555588  106.26999664    0.00000000    0.00000000
   14.24861145  116.23100281    0.00000000    0.00000000
   14.25166702  144.77999878    0.00000000    0.00000000
   14.25500011  111.23200226    0.00000000    0.00000000
   14.25805569  133.93499756    0.00000000    0.00000000
   14.25861073  150.30400085    0.00000000    0.00000000
   14.26138878  134.00999451    0.00000000    0.00000000
   14.26444435  158.46699524    0.00000000    0.00000000
   14.26777744  107.38500214    0.00000000    0.00000000
   14.27083302  100.31199646    0.00000000    0.00000000
   14.27388859   96.32610321    0.00000000    0.00000000
   14.27722168  102.83200073    0.00000000    0.00000000
   14.28027725  111.58300018    0.00000000    0.00000000
   14.28333378  150.56100464    0.00000000    0.00000000
   14.28361130  143.21800232    0.00000000    0.00000000
   14.28694534  143.78700256    0.00000000    0.00000000
   14.29000092  154.69799805    0.00000000    0.00000000
   14.29305553  178.87800598    0.00000000    0.00000000
   14.29611111  257.34698486    0.00000000    0.00000000
   14.29944515  135.46099854    0.00000000    0.00000000
   14.30249977   -1.00000000    0.00000000    0.00000000
   14.30555534  234.16600037    0.00000000    0.00000000
   14.30861092  201.46800232    0.00000000    0.00000000
   14.30888939  180.07400513    0.00000000    0.00000000
   14.31222248  196.47099304    0.00000000    0.00000000
   14.31527805  218.87899780    0.00000000    0.00000000
   14.31833363  142.24099731    0.00000000    0.00000000
   14.32166672  152.90499878    0.00000000    0.00000000
   14.32472229  102.14499664    0.00000000    0.00000000
   14.32777786   93.78829956    0.00000000    0.00000000
   14.33083344   96.19409943    0.00000000    0.00000000
   14.33361053  118.30200195    0.00000000    0.00000000
   14.33416653  120.91600037    0.00000000    0.00000000
   14.33749962  168.73399353    0.00000000    0.00000000
   14.34055519  189.10499573    0.00000000    0.00000000
   14.34361076  116.60199738    0.00000000    0.00000000
   14.34694386  104.53399658    0.00000000    0.00000000
   14.35000038   97.62960052    0.00000000    0.00000000
   14.35305595   97.78079987    0.00000000    0.00000000
   14.35611153   96.96009827    0.00000000    0.00000000
   14.35861111   95.77310181    0.00000000    0.00000000
   14.35944462   91.56890106    0.00000000    0.00000000
   14.36277771   94.85089874    0.00000000    0.00000000
   14.36583328   88.52919769    0.00000000    0.00000000
   14.36888885   92.91770172    0.00000000    0.00000000
   14.37222195   95.44450378    0.00000000    0.00000000
   14.37527752   99.03389740    0.00000000    0.00000000
   14.37833309  107.18900299    0.00000000    0.00000000
   14.38138866  101.50800323    0.00000000    0.00000000
   14.38361073  111.69200134    0.00000000    0.00000000
   14.38500023  104.70200348    0.00000000    0.00000000
   14.38805580   95.32420349    0.00000000    0.00000000
   14.39111137   91.90299988    0.00000000    0.00000000
   14.39416695   97.34310150    0.00000000    0.00000000
   14.39750004  112.80100250    0.00000000    0.00000000
   14.40055561  192.21000671    0.00000000    0.00000000
   14.40361118  142.68200684    0.00000000    0.00000000
   14.40694427  115.65200043    0.00000000    0.00000000
   14.40861034  111.90599823    0.00000000    0.00000000
   14.41027737  100.01599884    0.00000000    0.00000000
   14.41333294   99.90560150    0.00000000    0.00000000
   14.41638851   98.48539734    0.00000000    0.00000000
   14.41944504   93.22090149    0.00000000    0.00000000
   14.42277813   99.20600128    0.00000000    0.00000000
   14.42583370   86.23359680    0.00000000    0.00000000
   14.42888927   93.83419800    0.00000000    0.00000000
   14.43222237  102.24099731    0.00000000    0.00000000
   14.44972229   88.51270294    0.00000000    0.00000000
   14.45166683   84.06590271    0.00000000    0.00000000
   14.45499992   96.31500244    0.00000000    0.00000000
   14.45805550   85.15390015    0.00000000    0.00000000
   14.46111107   88.05719757    0.00000000    0.00000000
   14.46444416   88.10910034    0.00000000    0.00000000
   14.46749973   85.46540070    0.00000000    0.00000000
   14.47055531  100.74700165    0.00000000    0.00000000
   14.47361088   96.68669891    0.00000000    0.00000000
   14.47472191  103.01799774    0.00000000    0.00000000
   14.47694397  104.93599701    0.00000000    0.00000000
   14.47999954   99.82050323    0.00000000    0.00000000
   14.48333359   92.53530121    0.00000000    0.00000000
   14.48638916   82.86769867    0.00000000    0.00000000
   14.48944473   88.06880188    0.00000000    0.00000000
   14.49277782   91.28430176    0.00000000    0.00000000
   14.49583340   89.03220367    0.00000000    0.00000000
   14.49888897   89.35959625    0.00000000    0.00000000
   14.49972248   88.12570190    0.00000000    0.00000000
   14.50222206   89.03440094    0.00000000    0.00000000
   14.50527763   90.69470215    0.00000000    0.00000000
   14.50861073   99.55310059    0.00000000    0.00000000
   14.51166630   83.96589661    0.00000000    0.00000000
   14.51472187   84.76260376    0.00000000    0.00000000
   14.51805496   86.13259888    0.00000000    0.00000000
   14.52111053   95.11080170    0.00000000    0.00000000
   14.52416611   88.62000275    0.00000000    0.00000000
   14.52472210   89.34449768    0.00000000    0.00000000
   14.52750015   85.46489716    0.00000000    0.00000000
   14.53055573   98.06559753    0.00000000    0.00000000
   14.53388977   92.96900177    0.00000000    0.00000000
   14.53694534   94.89700317    0.00000000    0.00000000
   14.54000092   93.40290070    0.00000000    0.00000000
