    HOUR (UT)   FLARE FACTOR    SKY TESTER    SUN TESTER
   14.54027843   -1.00000000   -1.00000000   -1.00000000
   14.69916630   -1.00000000   -1.00000000   -1.00000000
   15.19000053   -1.00000000    0.00000000    0.00000000
   15.19333363   -1.00000000    0.00000000    0.00000000
   15.19638920   -1.00000000    0.00000000    0.00000000
   15.19944477   -1.00000000    0.00000000    0.00000000
   15.20277786   -1.00000000    0.00000000    0.00000000
   15.20583344   -1.00000000    0.00000000    0.00000000
   15.20888901   -1.00000000    0.00000000    0.00000000
   15.21222210   -1.00000000    0.00000000    0.00000000
   15.21555519   -1.00000000    0.00000000    0.00000000
   15.21861076   -1.00000000    0.00000000    0.00000000
   15.22166634   -1.00000000    0.00000000    0.00000000
   15.22472191   -1.00000000    0.00000000    0.00000000
   15.22805500   -1.00000000    0.00000000    0.00000000
   15.23111057   -1.00000000    0.00000000    0.00000000
   15.23416710   -1.00000000    0.00000000    0.00000000
   15.23750019   -1.00000000    0.00000000    0.00000000
   15.24083328   -1.00000000    0.00000000    0.00000000
   15.24388885   -1.00000000    0.00000000    0.00000000
   15.24694443   -1.00000000    0.00000000    0.00000000
   15.25000000   -1.00000000    0.00000000    0.00000000
   15.25333309   -1.00000000    0.00000000    0.00000000
   15.25638866   -1.00000000    0.00000000    0.00000000
   15.25944424   -1.00000000    0.00000000    0.00000000
   15.26277733   -1.00000000    0.00000000    0.00000000
   15.26611137   -1.00000000    0.00000000    0.00000000
   15.26916599   -1.00000000    0.00000000    0.00000000
   15.27222157   -1.00000000    0.00000000    0.00000000
   15.27527714   -1.00000000    0.00000000    0.00000000
   15.27861118   -1.00000000    0.00000000    0.00000000
   15.28166676   -1.00000000    0.00000000    0.00000000
   15.28472233   -1.00000000    0.00000000    0.00000000
   15.28805637   -1.00000000    0.00000000    0.00000000
   15.29138947   -1.00000000    0.00000000    0.00000000
   15.29444504   -1.00000000    0.00000000    0.00000000
   15.29750061   -1.00000000    0.00000000    0.00000000
   15.30055618   -1.00000000    0.00000000    0.00000000
   15.30388927   -1.00000000    0.00000000    0.00000000
   15.30694485   -1.00000000    0.00000000    0.00000000
   15.31000042   -1.00000000    0.00000000    0.00000000
   15.31333351   -1.00000000    0.00000000    0.00000000
   15.31666660   -1.00000000    0.00000000    0.00000000
   15.31972218   -1.00000000    0.00000000    0.00000000
   15.32277775   -1.00000000    0.00000000    0.00000000
   15.32611084   -1.00000000    0.00000000    0.00000000
   15.32916641   -1.00000000    0.00000000    0.00000000
   15.33222198   -1.00000000    0.00000000    0.00000000
   15.33527756   -1.00000000    0.00000000    0.00000000
   15.33861065   -1.00000000    0.00000000    0.00000000
   15.34194374   -1.00000000    0.00000000    0.00000000
   15.34499931   -1.00000000    0.00000000    0.00000000
   15.34805489   -1.00000000    0.00000000    0.00000000
   15.35138893   -1.00000000    0.00000000    0.00000000
   15.35444450   -1.00000000    0.00000000    0.00000000
   15.35750008   -1.00000000    0.00000000    0.00000000
   15.36055565   -1.00000000    0.00000000    0.00000000
   15.36416721   -1.00000000    0.00000000    0.00000000
   15.36722279   -1.00000000    0.00000000    0.00000000
   15.37027836   -1.00000000    0.00000000    0.00000000
   15.37333393   -1.00000000    0.00000000    0.00000000
   15.37666702   -1.00000000    0.00000000    0.00000000
   15.37972260   -1.00000000    0.00000000    0.00000000
   15.38277817   -1.00000000    0.00000000    0.00000000
   15.38583279   -1.00000000    0.00000000    0.00000000
   15.38944435   -1.00000000    0.00000000    0.00000000
   15.39249992   -1.00000000    0.00000000    0.00000000
   15.39555550   -1.00000000    0.00000000    0.00000000
   15.39861107   -1.00000000    0.00000000    0.00000000
   15.40194416   -1.00000000    0.00000000    0.00000000
   15.40499973   -1.00000000    0.00000000    0.00000000
   15.40805531   -1.00000000    0.00000000    0.00000000
   15.41111088   -1.00000000    0.00000000    0.00000000
   15.41472149   -1.00000000    0.00000000    0.00000000
   15.41777802   41.21680069    0.00000000    0.00000000
   15.42083359   -1.00000000    0.00000000    0.00000000
   15.42388916   -1.00000000    0.00000000    0.00000000
   15.42722225   -1.00000000    0.00000000    0.00000000
   15.43027782   -1.00000000    0.00000000    0.00000000
   15.43333340   -1.00000000    0.00000000    0.00000000
   15.43638897   -1.00000000    0.00000000    0.00000000
   15.44000053   38.46780014    0.00000000    0.00000000
   15.44305515   -1.00000000    0.00000000    0.00000000
   15.44611073  179.94900513    0.00000000    0.00000000
   15.44916630   -1.00000000    0.00000000    0.00000000
   15.45249939   -1.00000000    0.00000000    0.00000000
   15.45555496   -1.00000000    0.00000000    0.00000000
   15.45861053   -1.00000000    0.00000000    0.00000000
   15.46166611   -1.00000000    0.00000000    0.00000000
   15.46527767   -1.00000000    0.00000000    0.00000000
   15.46833324   -1.00000000    0.00000000    0.00000000
   15.47138882   -1.00000000    0.00000000    0.00000000
   15.47472191   -1.00000000    0.00000000    0.00000000
   15.47777748   -1.00000000    0.00000000    0.00000000
   15.48083305   -1.00000000    0.00000000    0.00000000
   15.48388958   -1.00000000    0.00000000    0.00000000
   15.48750019   -1.00000000    0.00000000    0.00000000
   15.49055576   -1.00000000    0.00000000    0.00000000
   15.49361134   -1.00000000    0.00000000    0.00000000
   15.49694443   -1.00000000    0.00000000    0.00000000
   15.50000000   -1.00000000    0.00000000    0.00000000
   15.50305557   -1.00000000    0.00000000    0.00000000
   15.50638866   -1.00000000    0.00000000    0.00000000
   15.50944424   -1.00000000    0.00000000    0.00000000
   15.51277733   -1.00000000    0.00000000    0.00000000
   15.51583290   -1.00000000    0.00000000    0.00000000
   15.51888847   -1.00000000    0.00000000    0.00000000
   15.52222157   -1.00000000    0.00000000    0.00000000
   15.52527714   -1.00000000    0.00000000    0.00000000
   15.52833271   -1.00000000    0.00000000    0.00000000
   15.53138828   -1.00000000    0.00000000    0.00000000
   15.53472233   -1.00000000    0.00000000    0.00000000
   15.53805637   -1.00000000    0.00000000    0.00000000
   15.54111195   -1.00000000    0.00000000    0.00000000
   15.54416752   -1.00000000    0.00000000    0.00000000
   15.54750061   -1.00000000    0.00000000    0.00000000
   15.55055618   -1.00000000    0.00000000    0.00000000
   15.55361176   -1.00000000    0.00000000    0.00000000
   15.55666733   -1.00000000    0.00000000    0.00000000
   15.56000042   -1.00000000    0.00000000    0.00000000
   15.56333351   -1.00000000    0.00000000    0.00000000
   15.56638908   -1.00000000    0.00000000    0.00000000
   15.56944466   -1.00000000    0.00000000    0.00000000
   15.57277775   -1.00000000    0.00000000    0.00000000
   15.57583332   -1.00000000    0.00000000    0.00000000
   15.57888889   -1.00000000    0.00000000    0.00000000
   15.58194447   -1.00000000    0.00000000    0.00000000
   15.58527756   -1.00000000    0.00000000    0.00000000
   15.58861065   -1.00000000    0.00000000    0.00000000
   15.59166622   -1.00000000    0.00000000    0.00000000
   15.59472179   -1.00000000    0.00000000    0.00000000
   15.59805489   -1.00000000    0.00000000    0.00000000
   15.60111141  177.45300293    0.00000000    0.00000000
   15.60416698   -1.00000000    0.00000000    0.00000000
   15.60722256  203.88099670    0.00000000    0.00000000
   15.61055565   -1.00000000    0.00000000    0.00000000
   15.61222267   59.72040176    0.00000000    0.00000000
   15.61388969   -1.00000000    0.00000000    0.00000000
   15.61694431  229.60600281    0.00000000    0.00000000
   15.61999989  189.97099304    0.00000000    0.00000000
   15.62333393  197.82800293    0.00000000    0.00000000
   15.62638855  189.13699341    0.00000000    0.00000000
   15.62944412  161.53999329    0.00000000    0.00000000
   15.63277817  175.66299438    0.00000000    0.00000000
   15.63583279  153.91099548    0.00000000    0.00000000
   15.63722229  189.93099976    0.00000000    0.00000000
   15.63916683  171.51899719    0.00000000    0.00000000
   15.64222240  158.08999634    0.00000000    0.00000000
   15.64555550  142.61599731    0.00000000    0.00000000
   15.64861107  168.09500122    0.00000000    0.00000000
   15.65166664  157.72900391    0.00000000    0.00000000
   15.65472221  171.83399963    0.00000000    0.00000000
   15.65805531  149.95799255    0.00000000    0.00000000
   15.66111088  161.35000610    0.00000000    0.00000000
   15.66222191  143.24200439    0.00000000    0.00000000
   15.66444397  180.50799561    0.00000000    0.00000000
   15.66750050  185.09700012    0.00000000    0.00000000
   15.67083359  169.41200256    0.00000000    0.00000000
   15.67388916  140.95500183    0.00000000    0.00000000
   15.67694473  127.40399933    0.00000000    0.00000000
   15.68000031  114.12100220    0.00000000    0.00000000
   15.68333340  124.13300323    0.00000000    0.00000000
   15.68638897  119.86000061    0.00000000    0.00000000
   15.68722248  124.40899658    0.00000000    0.00000000
   15.68972206  107.79799652    0.00000000    0.00000000
   15.69277763  112.76100159    0.00000000    0.00000000
   15.69611073  103.47399902    0.00000000    0.00000000
   15.69916630  102.74500275    0.00000000    0.00000000
   15.70222187  100.56900024    0.00000000    0.00000000
   15.70527744  100.36399841    0.00000000    0.00000000
   15.70861053   96.14520264    0.00000000    0.00000000
   15.71166611  104.26899719    0.00000000    0.00000000
   15.71222210   93.95010376    0.00000000    0.00000000
   15.71500015  105.10399628    0.00000000    0.00000000
   15.71805477  121.33899689    0.00000000    0.00000000
   15.72138882   98.15570068    0.00000000    0.00000000
   15.72444439   94.23090363    0.00000000    0.00000000
   15.72749996  105.86199951    0.00000000    0.00000000
   15.73055553  115.05999756    0.00000000    0.00000000
   15.73388958  109.72799683    0.00000000    0.00000000
   15.73694515   95.49590302    0.00000000    0.00000000
   15.73722267  103.28600311    0.00000000    0.00000000
   15.74027824   93.30049896    0.00000000    0.00000000
   15.74361134  109.44200134    0.00000000    0.00000000
   15.74666691  129.23100281    0.00000000    0.00000000
   15.74972248  119.10800171    0.00000000    0.00000000
   15.75305557   98.57039642    0.00000000    0.00000000
   15.75611115  142.03599548    0.00000000    0.00000000
   15.75916672  126.27799988    0.00000000    0.00000000
   15.76222229  147.63400269    0.00000000    0.00000000
   15.76249981  114.89399719    0.00000000    0.00000000
   15.76583290  118.91000366    0.00000000    0.00000000
   15.76888847  107.04499817    0.00000000    0.00000000
   15.77194405  111.24299622    0.00000000    0.00000000
   15.77499962   95.14469910    0.00000000    0.00000000
   15.77833271  104.98500061    0.00000000    0.00000000
   15.78138828   96.64880371    0.00000000    0.00000000
   15.78444481   95.74659729    0.00000000    0.00000000
   15.78722286   86.90350342    0.00000000    0.00000000
   15.78777790   89.71019745    0.00000000    0.00000000
   15.79111195   84.92269897    0.00000000    0.00000000
   15.79416752   85.05249786    0.00000000    0.00000000
   15.79722309   84.38259888    0.00000000    0.00000000
   15.80055618   81.17910004    0.00000000    0.00000000
   15.80361176   80.28569794    0.00000000    0.00000000
   15.80666733   82.14279938    0.00000000    0.00000000
   15.80972195   83.71479797    0.00000000    0.00000000
   15.81222248   84.48999786    0.00000000    0.00000000
   15.81305599   86.96040344    0.00000000    0.00000000
   15.81638908   83.87969971    0.00000000    0.00000000
   15.81944466   82.43869781    0.00000000    0.00000000
   15.82250023   83.32959747    0.00000000    0.00000000
   15.82583332   88.39360046    0.00000000    0.00000000
   15.82888889   86.06199646    0.00000000    0.00000000
   15.83194447   87.31340027    0.00000000    0.00000000
   15.83500004   80.43190002    0.00000000    0.00000000
   15.83722210   87.19799805    0.00000000    0.00000000
   15.83833313   82.94730377    0.00000000    0.00000000
   15.84166622   86.35410309    0.00000000    0.00000000
   15.84472179   85.37359619    0.00000000    0.00000000
   15.84777737   86.55100250    0.00000000    0.00000000
   15.85111141   86.27059937    0.00000000    0.00000000
   15.85416698   84.03939819    0.00000000    0.00000000
   15.85722256   94.56359863    0.00000000    0.00000000
   15.86027813   97.17230225    0.00000000    0.00000000
   15.86222267   90.58959961    0.00000000    0.00000000
   15.86361122   96.99700165    0.00000000    0.00000000
   15.86694431   94.58560181    0.00000000    0.00000000
   15.86999989   92.03869629    0.00000000    0.00000000
   15.87305546   92.65390015    0.00000000    0.00000000
   15.87638855  101.23999786    0.00000000    0.00000000
   15.87944412  111.92500305    0.00000000    0.00000000
   15.88249969   97.40570068    0.00000000    0.00000000
   15.88555527   93.70680237    0.00000000    0.00000000
   15.88722229   91.46389771    0.00000000    0.00000000
   15.88888836   93.51119995    0.00000000    0.00000000
   15.89222240   97.02799988    0.00000000    0.00000000
   15.89527798  101.35399628    0.00000000    0.00000000
   15.89833355  114.64900208    0.00000000    0.00000000
   15.90166664  119.78900146    0.00000000    0.00000000
   15.90472221  134.70500183    0.00000000    0.00000000
   15.90777779  200.77799988    0.00000000    0.00000000
   15.91083336  172.89500427    0.00000000    0.00000000
   15.91222191  135.15800476    0.00000000    0.00000000
   15.91444397  109.97799683    0.00000000    0.00000000
   15.91750050   89.85009766    0.00000000    0.00000000
   15.92055607   97.46929932    0.00000000    0.00000000
   15.92361164  113.57900238    0.00000000    0.00000000
   15.92694473   98.68750000    0.00000000    0.00000000
   15.93000031   94.81809998    0.00000000    0.00000000
   15.93305588   97.70120239    0.00000000    0.00000000
   15.93611145  123.84999847    0.00000000    0.00000000
   15.93722248  127.52999878    0.00000000    0.00000000
   15.93972206  140.64300537    0.00000000    0.00000000
   15.94277763   99.65699768    0.00000000    0.00000000
   15.94583321   95.54100037    0.00000000    0.00000000
   15.94888878   99.37049866    0.00000000    0.00000000
   15.95222187  123.45400238    0.00000000    0.00000000
   15.95527744  100.22799683    0.00000000    0.00000000
   15.95833302  107.77700043    0.00000000    0.00000000
   15.96166611   95.70140076    0.00000000    0.00000000
   15.96222210   87.90200043    0.00000000    0.00000000
   15.96500015   87.84110260    0.00000000    0.00000000
   15.96805477   90.54900360    0.00000000    0.00000000
   15.97111034   91.65100098    0.00000000    0.00000000
   15.97416592   94.78089905    0.00000000    0.00000000
   15.97749996   88.24929810    0.00000000    0.00000000
   15.98055553   92.60459900    0.00000000    0.00000000
   15.98361111   88.90190125    0.00000000    0.00000000
   15.98694515   88.61679840    0.00000000    0.00000000
   15.98722267   96.81719971    0.00000000    0.00000000
   15.99027824   89.75730133    0.00000000    0.00000000
   15.99333382   86.09279633    0.00000000    0.00000000
   15.99638939   93.65139771    0.00000000    0.00000000
   15.99944496   89.76380157    0.00000000    0.00000000
   16.00277710   86.94229889    0.00000000    0.00000000
   16.00583267   90.91359711    0.00000000    0.00000000
   16.00888824   83.16570282    0.00000000    0.00000000
   16.01222229   87.73699951    0.00000000    0.00000000
   16.01250076   86.00240326    0.00000000    0.00000000
   16.01555634   91.82990265    0.00000000    0.00000000
   16.01861000   88.29190063    0.00000000    0.00000000
   16.02194405   90.53730011    0.00000000    0.00000000
   16.02499962   87.06430054    0.00000000    0.00000000
   16.02805519   98.09559631    0.00000000    0.00000000
   16.03111076   94.05860138    0.00000000    0.00000000
   16.03444481  105.92600250    0.00000000    0.00000000
   16.03750038   98.14700317    0.00000000    0.00000000
   16.03777695   93.42140198    0.00000000    0.00000000
   16.04083252   92.18070221    0.00000000    0.00000000
   16.04388809   90.96540070    0.00000000    0.00000000
   16.04722214   96.00789642    0.00000000    0.00000000
   16.05027771   92.83450317    0.00000000    0.00000000
   16.05333328   99.27929688    0.00000000    0.00000000
   16.05666542  100.83399963    0.00000000    0.00000000
   16.05972099  115.07499695    0.00000000    0.00000000
   16.06250000   99.96559906    0.00000000    0.00000000
   16.06305504   95.31809998    0.00000000    0.00000000
   16.06611061   91.12239838    0.00000000    0.00000000
   16.06916809   94.06539917    0.00000000    0.00000000
   16.07250023  109.02899933    0.00000000    0.00000000
   16.07555580  100.69499969    0.00000000    0.00000000
   16.07861137   99.49770355    0.00000000    0.00000000
   16.08194542  108.57700348    0.00000000    0.00000000
   16.08500099  114.04699707    0.00000000    0.00000000
   16.08750153  166.75199890    0.00000000    0.00000000
   16.08833313  199.64799500    0.00000000    0.00000000
   16.09138870   -1.00000000    0.00000000    0.00000000
   16.09444427   -1.00000000    0.00000000    0.00000000
   16.09777832  177.56199646    0.00000000    0.00000000
   16.10083389   -1.00000000    0.00000000    0.00000000
   16.10388947   -1.00000000    0.00000000    0.00000000
   16.10722351   -1.00000000   -1.00000000   -1.00000000
   16.11027908   -1.00000000    0.00000000    0.00000000
   16.11361122   -1.00000000    0.00000000    0.00000000
   16.11666679   -1.00000000    0.00000000    0.00000000
   16.12000084  194.04600525    0.00000000    0.00000000
   16.12305641  150.82699585    0.00000000    0.00000000
   16.12611198  222.71499634    0.00000000    0.00000000
   16.12944412   -1.00000000    0.00000000    0.00000000
   16.13249969   -1.00000000    0.00000000    0.00000000
   16.13555527  183.29400635    0.00000000    0.00000000
   16.13750076  233.06500244    0.00000000    0.00000000
   16.13888931   33.52640152    0.00000000    0.00000000
   16.14194489   -1.00000000    0.00000000    0.00000000
   16.14527702   -1.00000000    0.00000000    0.00000000
   16.14833260   -1.00000000    0.00000000    0.00000000
   16.15138817   61.26770020    0.00000000    0.00000000
   16.15444374   -1.00000000    0.00000000    0.00000000
   16.15777779   -1.00000000    0.00000000    0.00000000
   16.16083336   -1.00000000    0.00000000    0.00000000
   16.16250038   46.47499847    0.00000000    0.00000000
   16.16416550  144.74499512    0.00000000    0.00000000
   16.16722107  184.26699829    0.00000000    0.00000000
   16.17055511  103.53199768    0.00000000    0.00000000
   16.17361069   99.43039703    0.00000000    0.00000000
   16.17666626  200.11700439    0.00000000    0.00000000
   16.17972183  281.47299194    0.00000000    0.00000000
   16.18305397  232.07600403    0.00000000    0.00000000
   16.18610954   -1.00000000    0.00000000    0.00000000
   16.20388985  160.63400269    0.00000000    0.00000000
   16.20583344  115.81400299    0.00000000    0.00000000
   16.20888901  196.96499634    0.00000000    0.00000000
   16.21194458  120.82900238    0.00000000    0.00000000
   16.21527863  142.37699890    0.00000000    0.00000000
   16.21833420  151.72799683    0.00000000    0.00000000
   16.22138977  109.02200317    0.00000000    0.00000000
   16.22444534  114.02799988    0.00000000    0.00000000
   16.22777748  169.48399353    0.00000000    0.00000000
   16.22861099  121.19200134    0.00000000    0.00000000
   16.23083305  207.00100708    0.00000000    0.00000000
   16.23416710  114.99400330    0.00000000    0.00000000
   16.23722267  113.55999756    0.00000000    0.00000000
   16.24027824  223.58299255    0.00000000    0.00000000
   16.24361229   46.36149979    0.00000000    0.00000000
   16.24666786  141.29200745    0.00000000    0.00000000
   16.24972153  131.50399780    0.00000000    0.00000000
   16.25333405  137.28599548    0.00000000    0.00000000
   16.25361061  124.55200195    0.00000000    0.00000000
   16.25666618  139.84500122    0.00000000    0.00000000
   16.25972176   -1.00000000    0.00000000    0.00000000
   16.26277733   -1.00000000    0.00000000    0.00000000
   16.26583290   -1.00000000    0.00000000    0.00000000
   16.26916695  206.07800293    0.00000000    0.00000000
   16.27222252  218.48800659    0.00000000    0.00000000
   16.27527809   45.95399857    0.00000000    0.00000000
   16.27833366   -1.00000000    0.00000000    0.00000000
   16.28194427   -1.00000000    0.00000000    0.00000000
   16.28499985   -1.00000000    0.00000000    0.00000000
   16.28805542   -1.00000000    0.00000000    0.00000000
   16.29138756   -1.00000000    0.00000000    0.00000000
   16.29444313   -1.00000000    0.00000000    0.00000000
   16.29749870   -1.00000000    0.00000000    0.00000000
   16.30055428   -1.00000000    0.00000000    0.00000000
   16.30416679   -1.00000000    0.00000000    0.00000000
   16.30722237   -1.00000000    0.00000000    0.00000000
   16.31027794   60.11940002    0.00000000    0.00000000
   16.31333351  140.03300476    0.00000000    0.00000000
   16.31666756  125.91100311    0.00000000    0.00000000
   16.31972313  117.34400177    0.00000000    0.00000000
   16.32277870  250.73800659    0.00000000    0.00000000
   16.32583427  170.03100586    0.00000000    0.00000000
   16.32888985  199.93800354    0.00000000    0.00000000
   16.32944489  181.91700745    0.00000000    0.00000000
   16.33250046  119.71499634    0.00000000    0.00000000
   16.33555603  190.16000366    0.00000000    0.00000000
   16.33889008  155.17500305    0.00000000    0.00000000
   16.34194565   -1.00000000    0.00000000    0.00000000
   16.34500122  182.71899414    0.00000000    0.00000000
   16.34805679  114.56500244    0.00000000    0.00000000
   16.35138893  125.91899872    0.00000000    0.00000000
   16.35388947  183.47799683    0.00000000    0.00000000
   16.35472298  217.86500549    0.00000000    0.00000000
   16.35777855   -1.00000000    0.00000000    0.00000000
   16.36083412   -1.00000000    0.00000000    0.00000000
   16.36416626   -1.00000000    0.00000000    0.00000000
   16.36722183   -1.00000000    0.00000000    0.00000000
   16.37027740   -1.00000000    0.00000000    0.00000000
   16.37333298   -1.00000000    0.00000000    0.00000000
   16.37666702   -1.00000000    0.00000000    0.00000000
   16.38000107   -1.00000000    0.00000000    0.00000000
   16.38305473   -1.00000000    0.00000000    0.00000000
   16.38611031   -1.00000000    0.00000000    0.00000000
   16.38944435   -1.00000000    0.00000000    0.00000000
   16.39249992   -1.00000000    0.00000000    0.00000000
   16.39555550   -1.00000000    0.00000000    0.00000000
   16.39861107   -1.00000000    0.00000000    0.00000000
   16.40194321   -1.00000000    0.00000000    0.00000000
   16.40527725   -1.00000000    0.00000000    0.00000000
   16.40833282   -1.00000000    0.00000000    0.00000000
   16.41138840   -1.00000000    0.00000000    0.00000000
   16.41472244   -1.00000000    0.00000000    0.00000000
   16.41777802   -1.00000000    0.00000000    0.00000000
   16.42083359   -1.00000000    0.00000000    0.00000000
   16.42388916   -1.00000000    0.00000000    0.00000000
   16.42722130   -1.00000000    0.00000000    0.00000000
   16.43055534   -1.00000000    0.00000000    0.00000000
   16.43361092   -1.00000000    0.00000000    0.00000000
   16.43666649   -1.00000000    0.00000000    0.00000000
   16.43999863   -1.00000000    0.00000000    0.00000000
   16.44305420   -1.00000000    0.00000000    0.00000000
   16.44610977   -1.00000000    0.00000000    0.00000000
   16.44916534   -1.00000000    0.00000000    0.00000000
   16.45250130   -1.00000000    0.00000000    0.00000000
   16.45583344   -1.00000000    0.00000000    0.00000000
   16.45888901   -1.00000000    0.00000000    0.00000000
   16.46194458  116.56400299    0.00000000    0.00000000
   16.46527863   -1.00000000    0.00000000    0.00000000
   16.46833420   -1.00000000    0.00000000    0.00000000
   16.47138977   -1.00000000    0.00000000    0.00000000
   16.47444534   -1.00000000    0.00000000    0.00000000
   16.47777748   -1.00000000    0.00000000    0.00000000
   16.48111153   -1.00000000    0.00000000    0.00000000
   16.48416710   -1.00000000    0.00000000    0.00000000
   16.48722267   -1.00000000    0.00000000    0.00000000
   16.49055672   -1.00000000    0.00000000    0.00000000
   16.49361229   -1.00000000    0.00000000    0.00000000
   16.49666786   -1.00000000    0.00000000    0.00000000
   16.49972153   -1.00000000    0.00000000    0.00000000
   16.50305557   -1.00000000    0.00000000    0.00000000
   16.50638962   -1.00000000    0.00000000    0.00000000
   16.50944519   -1.00000000    0.00000000    0.00000000
   16.51250076   -1.00000000    0.00000000    0.00000000
   16.51583290   -1.00000000    0.00000000    0.00000000
   16.51888847  314.33599854    0.00000000    0.00000000
   16.52194405  218.83900452    0.00000000    0.00000000
   16.52499962  203.98100281    0.00000000    0.00000000
   16.52833366  231.10000610    0.00000000    0.00000000
   16.52888870  202.21800232    0.00000000    0.00000000
   16.53166580  205.49499512    0.00000000    0.00000000
   16.53472137  293.59899902    0.00000000    0.00000000
   16.53777695   -1.00000000    0.00000000    0.00000000
   16.54111099   38.66450119    0.00000000    0.00000000
   16.54416656  130.31199646    0.00000000    0.00000000
   16.54722214  232.73199463    0.00000000    0.00000000
   16.55055428  115.19400024    0.00000000    0.00000000
   16.55360985  214.01600647    0.00000000    0.00000000
   16.55388832  200.35099792    0.00000000    0.00000000
   16.55694389  225.35099792    0.00000000    0.00000000
   16.56027794  237.89399719    0.00000000    0.00000000
   16.56333351   -1.00000000    0.00000000    0.00000000
   16.56638718   -1.00000000    0.00000000    0.00000000
   16.56944466  234.39599609    0.00000000    0.00000000
   16.57277870   65.42690277    0.00000000    0.00000000
   16.57583427  208.98800659    0.00000000    0.00000000
   16.57888985  215.19700623    0.00000000    0.00000000
   16.57916832  191.36999512    0.00000000    0.00000000
   16.58222389  215.06599426    0.00000000    0.00000000
   16.58555603  172.82699585    0.00000000    0.00000000
   16.58861160  194.71699524    0.00000000    0.00000000
   16.59166718  182.22099304    0.00000000    0.00000000
   16.59472275   -1.00000000    0.00000000    0.00000000
   16.59805679   -1.00000000    0.00000000    0.00000000
   16.60111237   -1.00000000    0.00000000    0.00000000
   16.60388947   23.57019997    0.00000000    0.00000000
   16.60444450   -1.00000000    0.00000000    0.00000000
   16.60750008   -1.00000000    0.00000000    0.00000000
   16.61083412   -1.00000000    0.00000000    0.00000000
   16.61388969   -1.00000000    0.00000000    0.00000000
   16.61694527   -1.00000000    0.00000000    0.00000000
   16.62000084   -1.00000000    0.00000000    0.00000000
   16.62333298   -1.00000000    0.00000000    0.00000000
   16.62638855   -1.00000000    0.00000000    0.00000000
   16.62888908  122.89399719    0.00000000    0.00000000
   16.62972260  135.20799255    0.00000000    0.00000000
   16.63277817  107.43399811    0.00000000    0.00000000
   16.63611031  135.58200073    0.00000000    0.00000000
   16.63916588  135.86799622    0.00000000    0.00000000
   16.64222145  128.07600403    0.00000000    0.00000000
   16.64555550  201.95899963    0.00000000    0.00000000
   16.64861107  160.35299683    0.00000000    0.00000000
   16.65166664  101.79199982    0.00000000    0.00000000
   16.65388870  115.88899994    0.00000000    0.00000000
   16.65499878  102.14700317    0.00000000    0.00000000
   16.65833282  112.80599976    0.00000000    0.00000000
   16.66138840  134.71699524    0.00000000    0.00000000
   16.66444397  132.72099304    0.00000000    0.00000000
   16.66749954  234.12899780    0.00000000    0.00000000
   16.67083359  231.81500244    0.00000000    0.00000000
   16.67388916   76.91500092    0.00000000    0.00000000
   16.67694473   64.30180359    0.00000000    0.00000000
   16.68027687  120.62400055    0.00000000    0.00000000
   16.68333244   96.07520294    0.00000000    0.00000000
   16.68666649   -1.00000000    0.00000000    0.00000000
   16.68972206   -1.00000000    0.00000000    0.00000000
   16.69277763   -1.00000000    0.00000000    0.00000000
   16.69610977   -1.00000000    0.00000000    0.00000000
   16.69916534  237.86599731    0.00000000    0.00000000
   16.70222282   -1.00000000    0.00000000    0.00000000
   16.70555687   23.57019997    0.00000000    0.00000000
   16.70888901  145.39999390    0.00000000    0.00000000
   16.71194458   -1.00000000    0.00000000    0.00000000
   16.71500015  224.87100220    0.00000000    0.00000000
   16.71805573  140.20300293    0.00000000    0.00000000
   16.72138977  119.60500336    0.00000000    0.00000000
   16.72444534  110.55500031    0.00000000    0.00000000
   16.72750092   97.43879700    0.00000000    0.00000000
   16.72888947   96.40509796    0.00000000    0.00000000
   16.73083305  132.53300476    0.00000000    0.00000000
   16.73416710   -1.00000000    0.00000000    0.00000000
   16.73722267   -1.00000000    0.00000000    0.00000000
   16.74027824   -1.00000000    0.00000000    0.00000000
   16.74333382   -1.00000000    0.00000000    0.00000000
   16.74666786  114.76300049    0.00000000    0.00000000
   16.74972153   98.34310150    0.00000000    0.00000000
   16.75277710  198.76199341    0.00000000    0.00000000
   16.75388908  172.75399780    0.00000000    0.00000000
   16.75611115  125.11900330    0.00000000    0.00000000
   16.75944519  139.56700134    0.00000000    0.00000000
   16.76250076  107.97799683    0.00000000    0.00000000
   16.76555634  106.54799652    0.00000000    0.00000000
   16.76861000   99.47139740    0.00000000    0.00000000
   16.77194405  121.35199738    0.00000000    0.00000000
   16.77499962  121.32499695    0.00000000    0.00000000
   16.77805519  170.02000427    0.00000000    0.00000000
   16.77888870  218.15800476    0.00000000    0.00000000
   16.78138924  174.59100342    0.00000000    0.00000000
   16.78472137  167.10699463    0.00000000    0.00000000
   16.78777695   71.77639771    0.00000000    0.00000000
   16.79083252  123.08399963    0.00000000    0.00000000
   16.79388809  221.43200684    0.00000000    0.00000000
   16.79722214  131.27000427    0.00000000    0.00000000
   16.80027771   99.87310028    0.00000000    0.00000000
   16.80333328  183.36900330    0.00000000    0.00000000
   16.80388832  155.03300476    0.00000000    0.00000000
   16.80666542   -1.00000000    0.00000000    0.00000000
   16.80999947  191.20300293    0.00000000    0.00000000
   16.81305504  173.60299683    0.00000000    0.00000000
   16.81611061   -1.00000000   -1.00000000   -1.00000000
   16.81916809   23.57019997    0.00000000    0.00000000
   16.82250023  111.16799927    0.00000000    0.00000000
   16.82555580   33.33330154    0.00000000    0.00000000
   16.82861137  201.96400452    0.00000000    0.00000000
   16.82888985  280.93301392    0.00000000    0.00000000
   16.83222389  170.79200745    0.00000000    0.00000000
   16.83527756  125.67199707    0.00000000    0.00000000
   16.83833313  103.12500000    0.00000000    0.00000000
   16.84166718  140.77000427    0.00000000    0.00000000
   16.84472275  153.09100342    0.00000000    0.00000000
   16.84777832  105.89600372    0.00000000    0.00000000
   16.85083389  116.61100006    0.00000000    0.00000000
   16.85388947  145.46400452    0.00000000    0.00000000
   16.85444450  141.36900330    0.00000000    0.00000000
   16.85750008  153.00500488    0.00000000    0.00000000
   16.86055565  219.91900635    0.00000000    0.00000000
   16.86361122  119.93800354    0.00000000    0.00000000
   16.86694527  197.02600098    0.00000000    0.00000000
   16.87000084   -1.00000000    0.00000000    0.00000000
   16.87305641  214.27299500    0.00000000    0.00000000
   16.87611198  105.64099884    0.00000000    0.00000000
   16.87888908  122.16000366    0.00000000    0.00000000
   16.87972260  106.89199829    0.00000000    0.00000000
   16.88277817  145.92500305    0.00000000    0.00000000
   16.88583374  103.62000275    0.00000000    0.00000000
   16.88888931  105.19799805    0.00000000    0.00000000
   16.89222145   98.14150238    0.00000000    0.00000000
   16.89527702  117.61599731    0.00000000    0.00000000
   16.89833260  124.21499634    0.00000000    0.00000000
   16.90138817  101.65599823    0.00000000    0.00000000
   16.90388870  107.23500061    0.00000000    0.00000000
   16.90499878  102.75099945    0.00000000    0.00000000
   16.90805435   98.68679810    0.00000000    0.00000000
   16.91110992   98.70529938    0.00000000    0.00000000
   16.91416550  137.44799805    0.00000000    0.00000000
   16.91749954  191.50100708    0.00000000    0.00000000
   16.92055511  119.26300049    0.00000000    0.00000000
   16.92361069  109.94200134    0.00000000    0.00000000
   16.92694473  111.28199768    0.00000000    0.00000000
   16.92888832   99.97029877    0.00000000    0.00000000
   16.93027687   95.50599670    0.00000000    0.00000000
   16.93333244  108.91999817    0.00000000    0.00000000
   16.93638802  100.67900085    0.00000000    0.00000000
   16.93972206  111.76599884    0.00000000    0.00000000
   16.94277763  124.16600037    0.00000000    0.00000000
   16.94583321  145.38299561    0.00000000    0.00000000
   16.94888878   -1.00000000    0.00000000    0.00000000
   16.95222282  190.64599609    0.00000000    0.00000000
   16.95388985  101.55200195    0.00000000    0.00000000
   16.95555687  138.66400146    0.00000000    0.00000000
   16.95861244   98.27919769    0.00000000    0.00000000
   16.96166801  118.92199707    0.00000000    0.00000000
   16.96500015  251.98100281    0.00000000    0.00000000
   16.96805573  190.56799316    0.00000000    0.00000000
   16.97111130  142.96600342    0.00000000    0.00000000
   16.97416687  122.87699890    0.00000000    0.00000000
   16.97750092  237.91900635    0.00000000    0.00000000
   16.98083305   -1.00000000    0.00000000    0.00000000
   16.98388863  152.08999634    0.00000000    0.00000000
   16.98694420   -1.00000000    0.00000000    0.00000000
   16.98999977   79.96520233    0.00000000    0.00000000
   16.99333382   -1.00000000    0.00000000    0.00000000
   16.99638939   -1.00000000    0.00000000    0.00000000
   16.99944496   -1.00000000    0.00000000    0.00000000
   17.00277710   -1.00000000    0.00000000    0.00000000
   17.00611115  163.75199890    0.00000000    0.00000000
   17.00916672  253.70700073    0.00000000    0.00000000
   17.01222229  161.32099915    0.00000000    0.00000000
   17.01555634  140.08900452    0.00000000    0.00000000
   17.01861000  190.54299927    0.00000000    0.00000000
   17.02166557   -1.00000000    0.00000000    0.00000000
   17.02472115   -1.00000000    0.00000000    0.00000000
   17.02805519   -1.00000000    0.00000000    0.00000000
   17.03138924   -1.00000000    0.00000000    0.00000000
   17.03444481   -1.00000000    0.00000000    0.00000000
   17.03750038   -1.00000000    0.00000000    0.00000000
   17.04083252   -1.00000000    0.00000000    0.00000000
   17.04388809   -1.00000000    0.00000000    0.00000000
   17.04694366   -1.00000000    0.00000000    0.00000000
   17.04999924   -1.00000000    0.00000000    0.00000000
   17.05333328   -1.00000000    0.00000000    0.00000000
   17.05666542   -1.00000000    0.00000000    0.00000000
   17.05972099   -1.00000000    0.00000000    0.00000000
   17.06277657   -1.00000000    0.00000000    0.00000000
   17.06611061   -1.00000000    0.00000000    0.00000000
   17.06916809   -1.00000000    0.00000000    0.00000000
   17.07222366   -1.00000000    0.00000000    0.00000000
   17.07527924  135.68800354    0.00000000    0.00000000
   17.07861137  246.75999451    0.00000000    0.00000000
   17.07916832  162.33599854    0.00000000    0.00000000
   17.08194542  150.67399597    0.00000000    0.00000000
   17.08500099  159.93499756    0.00000000    0.00000000
   17.08805656  131.61900330    0.00000000    0.00000000
   17.09138870  130.61199951    0.00000000    0.00000000
   17.09444427  141.68099976    0.00000000    0.00000000
   17.09749985  102.64199829    0.00000000    0.00000000
   17.10083389  107.84799957    0.00000000    0.00000000
   17.10388947  178.18299866    0.00000000    0.00000000
   17.10416794  159.59300232    0.00000000    0.00000000
   17.10722351  225.29200745    0.00000000    0.00000000
   17.11055565  101.20600128    0.00000000    0.00000000
   17.11361122  106.03399658    0.00000000    0.00000000
   17.11666679  122.42700195    0.00000000    0.00000000
   17.11972237  100.22899628    0.00000000    0.00000000
   17.12305641   93.04319763    0.00000000    0.00000000
   17.12611198  113.21499634    0.00000000    0.00000000
   17.12916756  106.01799774    0.00000000    0.00000000
   17.12944412  111.13999939    0.00000000    0.00000000
   17.13249969  105.20400238    0.00000000    0.00000000
   17.13583374  103.91500092    0.00000000    0.00000000
   17.13888931  112.29199982    0.00000000    0.00000000
   17.14194489  110.94899750    0.00000000    0.00000000
   17.14527702  112.67199707    0.00000000    0.00000000
   17.14833260  110.31700134    0.00000000    0.00000000
   17.15138817  125.94699860    0.00000000    0.00000000
   17.15416718  137.22599792    0.00000000    0.00000000
   17.15472221  112.07199860    0.00000000    0.00000000
   17.15777779  111.00299835    0.00000000    0.00000000
   17.16110992  144.37100220    0.00000000    0.00000000
   17.16416550  230.18299866    0.00000000    0.00000000
   17.16722107  141.86399841    0.00000000    0.00000000
   17.17055511  165.30999756    0.00000000    0.00000000
   17.17361069  170.80400085    0.00000000    0.00000000
   17.17666626  117.01100159    0.00000000    0.00000000
   17.17916679  116.27999878    0.00000000    0.00000000
   17.18000031  109.91500092    0.00000000    0.00000000
   17.18305397  122.63400269    0.00000000    0.00000000
   17.18638802  133.74600220    0.00000000    0.00000000
   17.18944359  160.36799622    0.00000000    0.00000000
   17.19249916  235.29899597    0.00000000    0.00000000
   17.19583321  139.27400208    0.00000000    0.00000000
   17.19888878  128.10800171    0.00000000    0.00000000
   17.20194435  124.19100189    0.00000000    0.00000000
   17.22055626  138.92300415    0.00000000    0.00000000
   17.22166634  145.15800476    0.00000000    0.00000000
   17.22472191  155.77299500    0.00000000    0.00000000
   17.22777748  151.32800293    0.00000000    0.00000000
   17.23111153  138.86000061    0.00000000    0.00000000
   17.23416710  149.16900635    0.00000000    0.00000000
   17.23722267  109.54499817    0.00000000    0.00000000
   17.24027824  108.73300171    0.00000000    0.00000000
   17.24361229  105.09400177    0.00000000    0.00000000
   17.24527740  117.66100311    0.00000000    0.00000000
   17.24666786  109.24400330    0.00000000    0.00000000
   17.25000000  107.30400085    0.00000000    0.00000000
   17.25305557  111.26799774    0.00000000    0.00000000
   17.25611115  107.12699890    0.00000000    0.00000000
   17.25944519  113.98000336    0.00000000    0.00000000
   17.26250076  106.95500183    0.00000000    0.00000000
   17.26555634  104.95500183    0.00000000    0.00000000
   17.26861000   97.50509644    0.00000000    0.00000000
   17.27027702  109.35500336    0.00000000    0.00000000
   17.27222252  111.97299957    0.00000000    0.00000000
   17.27527809  114.45500183    0.00000000    0.00000000
   17.27833366  102.76200104    0.00000000    0.00000000
   17.28138924   93.13120270    0.00000000    0.00000000
   17.28472137  101.64700317    0.00000000    0.00000000
   17.28777695  101.63600159    0.00000000    0.00000000
   17.29083252   98.69779968    0.00000000    0.00000000
   17.29388809   97.97299957    0.00000000    0.00000000
   17.29527664   90.98030090    0.00000000    0.00000000
   17.29749870   94.26840210    0.00000000    0.00000000
   17.30055428   97.71640015    0.00000000    0.00000000
   17.30360985  100.08899689    0.00000000    0.00000000
   17.30666542  107.40499878    0.00000000    0.00000000
   17.30999947   94.04650116    0.00000000    0.00000000
   17.31305504  112.83000183    0.00000000    0.00000000
   17.31611061   90.87539673    0.00000000    0.00000000
   17.31916809   97.91410065    0.00000000    0.00000000
   17.32027817  100.12000275    0.00000000    0.00000000
   17.32277870   92.03970337    0.00000000    0.00000000
   17.32583427   98.86289978    0.00000000    0.00000000
   17.32888985   96.60119629    0.00000000    0.00000000
   17.33194542   97.19670105    0.00000000    0.00000000
   17.33527756   95.57710266    0.00000000    0.00000000
   17.33833313  112.33499908    0.00000000    0.00000000
   17.34138870  103.46499634    0.00000000    0.00000000
   17.34472275  136.26100159    0.00000000    0.00000000
   17.34527779  110.08699799    0.00000000    0.00000000
   17.34805679   97.62629700    0.00000000    0.00000000
   17.35111237   95.17939758    0.00000000    0.00000000
   17.35416794  103.92199707    0.00000000    0.00000000
   17.35722351   97.78710175    0.00000000    0.00000000
   17.36055565  102.46099854    0.00000000    0.00000000
   17.36361122   93.01529694    0.00000000    0.00000000
   17.36666679   98.87339783    0.00000000    0.00000000
   17.37000084   91.54859924    0.00000000    0.00000000
   17.37027740   88.05989838    0.00000000    0.00000000
   17.37333298   86.54149628    0.00000000    0.00000000
   17.37638855   84.34020233    0.00000000    0.00000000
   17.37944412   87.76950073    0.00000000    0.00000000
   17.38249969   92.06300354    0.00000000    0.00000000
   17.38583374   97.28990173    0.00000000    0.00000000
   17.38888931   88.83910370    0.00000000    0.00000000
   17.39194489   91.16699982    0.00000000    0.00000000
   17.39527702   99.03839874    0.00000000    0.00000000
   17.39555550   97.88860321    0.00000000    0.00000000
   17.39861107   96.80210114    0.00000000    0.00000000
   17.40166664   96.97280121    0.00000000    0.00000000
   17.40499878   96.00759888    0.00000000    0.00000000
   17.40805435   94.67569733    0.00000000    0.00000000
   17.41110992  100.11799622    0.00000000    0.00000000
   17.41416550   91.80130005    0.00000000    0.00000000
   17.41749954   95.33119965    0.00000000    0.00000000
   17.42055511  108.69899750    0.00000000    0.00000000
   17.42083359   99.86609650    0.00000000    0.00000000
   17.42388916  102.04799652    0.00000000    0.00000000
   17.42694473  108.91300201    0.00000000    0.00000000
   17.43027687   99.14140320    0.00000000    0.00000000
   17.43333244  103.90399933    0.00000000    0.00000000
   17.43638802   99.25440216    0.00000000    0.00000000
   17.43972206   96.50250244    0.00000000    0.00000000
   17.44277763   94.77120209    0.00000000    0.00000000
   17.44555473   97.07920074    0.00000000    0.00000000
   17.44610977  102.98300171    0.00000000    0.00000000
   17.44916534  100.94000244    0.00000000    0.00000000
   17.45250130  106.11699677    0.00000000    0.00000000
   17.45555687  103.77899933    0.00000000    0.00000000
   17.45861244   99.87419891    0.00000000    0.00000000
   17.46166801  108.15100098    0.00000000    0.00000000
   17.46500015   95.32050323    0.00000000    0.00000000
   17.46805573  101.89099884    0.00000000    0.00000000
   17.47055626  105.28199768    0.00000000    0.00000000
   17.47138977  112.35199738    0.00000000    0.00000000
   17.47444534  102.94999695    0.00000000    0.00000000
   17.47777748  138.98899841    0.00000000    0.00000000
   17.48083305  151.66900635    0.00000000    0.00000000
   17.48388863  154.23599243    0.00000000    0.00000000
   17.48694420  181.64399719    0.00000000    0.00000000
   17.49027824  142.65600586    0.00000000    0.00000000
   17.49333382  118.99700165    0.00000000    0.00000000
   17.49555588  106.69999695    0.00000000    0.00000000
   17.49666786  107.36599731    0.00000000    0.00000000
   17.49972153  103.03299713    0.00000000    0.00000000
   17.50305557   96.43800354    0.00000000    0.00000000
   17.50611115  104.10199738    0.00000000    0.00000000
   17.50916672  141.02099609    0.00000000    0.00000000
   17.51222229  104.86199951    0.00000000    0.00000000
   17.51555634  107.18199921    0.00000000    0.00000000
   17.51861000  107.60700226    0.00000000    0.00000000
   17.52055550  137.79800415    0.00000000    0.00000000
   17.52194405  136.87699890    0.00000000    0.00000000
   17.52499962  150.29400635    0.00000000    0.00000000
   17.52833366  136.45799255    0.00000000    0.00000000
   17.53138924  129.13699341    0.00000000    0.00000000
   17.53444481  138.19799805    0.00000000    0.00000000
   17.53750038  115.87400055    0.00000000    0.00000000
   17.54083252  117.67099762    0.00000000    0.00000000
   17.54388809  161.08299255    0.00000000    0.00000000
   17.54555511  147.79499817    0.00000000    0.00000000
   17.54722214  172.87300110    0.00000000    0.00000000
   17.55027771  238.79499817    0.00000000    0.00000000
   17.55360985   70.89859772    0.00000000    0.00000000
   17.55666542  181.42900085    0.00000000    0.00000000
   17.55972099  150.01400757    0.00000000    0.00000000
   17.56277657  129.78900146    0.00000000    0.00000000
   17.56611061  151.38499451    0.00000000    0.00000000
   17.56916809  134.00100708    0.00000000    0.00000000
   17.57055664  147.32099915    0.00000000    0.00000000
   17.57250023  136.78900146    0.00000000    0.00000000
   17.57555580  186.07600403    0.00000000    0.00000000
   17.57888985  196.63299561    0.00000000    0.00000000
   17.58194542  219.53700256    0.00000000    0.00000000
   17.58500099   23.57019997    0.00000000    0.00000000
   17.58805656   -1.00000000    0.00000000    0.00000000
   17.59138870   -1.00000000   -1.00000000   -1.00000000
   17.59444427  137.84300232    0.00000000    0.00000000
   17.59555626   23.57019997    0.00000000    0.00000000
   17.59777832   -1.00000000    0.00000000    0.00000000
   17.60083389   56.77529907    0.00000000    0.00000000
   17.60416794   -1.00000000   -1.00000000   -1.00000000
   17.60722351  153.68099976    0.00000000    0.00000000
   17.61027908  212.09399414    0.00000000    0.00000000
   17.61361122  185.65100098    0.00000000    0.00000000
   17.61666679  251.07899475    0.00000000    0.00000000
   17.61972237  189.11199951    0.00000000    0.00000000
   17.62055588  217.61500549    0.00000000    0.00000000
   17.62305641  230.89100647    0.00000000    0.00000000
   17.62611198  195.78199768    0.00000000    0.00000000
   17.62944412  229.67300415    0.00000000    0.00000000
   17.63249969  255.47399902    0.00000000    0.00000000
   17.63555527  206.55099487    0.00000000    0.00000000
   17.63888931  214.83200073    0.00000000    0.00000000
   17.64194489  208.21499634    0.00000000    0.00000000
   17.64500046   88.03489685    0.00000000    0.00000000
   17.64833260   -1.00000000    0.00000000    0.00000000
   17.65138817   -1.00000000    0.00000000    0.00000000
   17.65472221  122.51499939    0.00000000    0.00000000
   17.65777779   -1.00000000    0.00000000    0.00000000
   17.66083336   -1.00000000    0.00000000    0.00000000
   17.66388893   -1.00000000   -1.00000000   -1.00000000
   17.66722107   36.47700119    0.00000000    0.00000000
   17.67027664  161.18699646    0.00000000    0.00000000
   17.67055511  183.99000549    0.00000000    0.00000000
   17.67388916   -1.00000000    0.00000000    0.00000000
   17.67694473   -1.00000000    0.00000000    0.00000000
   17.68000031   -1.00000000    0.00000000    0.00000000
   17.68305397   -1.00000000    0.00000000    0.00000000
   17.68638802   49.26969910    0.00000000    0.00000000
   17.68944359   88.56860352    0.00000000    0.00000000
   17.69249916  202.40800476    0.00000000    0.00000000
   17.69555473  232.94999695    0.00000000    0.00000000
   17.69583321  199.52799988    0.00000000    0.00000000
   17.69916534  115.80999756    0.00000000    0.00000000
   17.70222282   -1.00000000    0.00000000    0.00000000
   17.70527840   69.76709747    0.00000000    0.00000000
   17.70833397   -1.00000000    0.00000000    0.00000000
   17.71166801  148.24299622    0.00000000    0.00000000
   17.71472359   96.13130188    0.00000000    0.00000000
   17.71777916  213.68200684    0.00000000    0.00000000
   17.72111130   -1.00000000    0.00000000    0.00000000
   17.72444534   -1.00000000    0.00000000    0.00000000
   17.72750092   -1.00000000    0.00000000    0.00000000
   17.73055649   86.25900269    0.00000000    0.00000000
   17.73361206   -1.00000000    0.00000000    0.00000000
   17.73694420   -1.00000000    0.00000000    0.00000000
   17.73999977   -1.00000000    0.00000000    0.00000000
   17.74305534   -1.00000000    0.00000000    0.00000000
   17.74638939   -1.00000000    0.00000000    0.00000000
   17.74972153   -1.00000000    0.00000000    0.00000000
   17.75277710   -1.00000000    0.00000000    0.00000000
   17.75583267   -1.00000000    0.00000000    0.00000000
   17.75888824  151.60200500    0.00000000    0.00000000
   17.76222229   76.18730164    0.00000000    0.00000000
   17.76527786  170.03999329    0.00000000    0.00000000
   17.76833344   -1.00000000    0.00000000    0.00000000
   17.77166557   35.31869888    0.00000000    0.00000000
   17.77499962   -1.00000000    0.00000000    0.00000000
   17.77805519   -1.00000000    0.00000000    0.00000000
   17.78111076   -1.00000000    0.00000000    0.00000000
   17.78444481   -1.00000000    0.00000000    0.00000000
   17.78750038   -1.00000000    0.00000000    0.00000000
   17.79055595   -1.00000000    0.00000000    0.00000000
   17.79361153   -1.00000000    0.00000000    0.00000000
   17.79694366   -1.00000000    0.00000000    0.00000000
   17.80027771   -1.00000000    0.00000000    0.00000000
   17.80333328   -1.00000000    0.00000000    0.00000000
   17.80638885   -1.00000000    0.00000000    0.00000000
   17.80972099   38.29069901    0.00000000    0.00000000
   17.81277657  171.26400757    0.00000000    0.00000000
   17.81583214  119.15000153    0.00000000    0.00000000
   17.81888962   96.85279846    0.00000000    0.00000000
   17.82055664  107.43000031    0.00000000    0.00000000
   17.82250023  115.00199890    0.00000000    0.00000000
   17.82555580  173.68499756    0.00000000    0.00000000
   17.82861137  142.12699890    0.00000000    0.00000000
   17.83166695  151.19299316    0.00000000    0.00000000
   17.83500099  267.11898804    0.00000000    0.00000000
   17.83805656  226.59800720    0.00000000    0.00000000
   17.84111214  150.01300049    0.00000000    0.00000000
   17.84416771  118.07299805    0.00000000    0.00000000
   17.84555626  132.07099915    0.00000000    0.00000000
   17.84777832  138.12899780    0.00000000    0.00000000
   17.85083389  158.06100464    0.00000000    0.00000000
   17.85388947  157.73399353    0.00000000    0.00000000
   17.85694504  157.78599548    0.00000000    0.00000000
   17.86027908  147.05499268    0.00000000    0.00000000
   17.86333466  128.82800293    0.00000000    0.00000000
   17.86638832  138.87600708    0.00000000    0.00000000
   17.86972237  107.35199738    0.00000000    0.00000000
   17.87055588  108.92700195    0.00000000    0.00000000
   17.87305641  116.27799988    0.00000000    0.00000000
   17.87611198  154.56900024    0.00000000    0.00000000
   17.87916756  149.01400757    0.00000000    0.00000000
   17.88222313  187.30299377    0.00000000    0.00000000
   17.88555527  227.63000488    0.00000000    0.00000000
   17.88861084  169.85299683    0.00000000    0.00000000
   17.89166641  166.17300415    0.00000000    0.00000000
   17.89500046  132.23699951    0.00000000    0.00000000
   17.89555550  159.34300232    0.00000000    0.00000000
   17.89833260  135.36900330    0.00000000    0.00000000
   17.90138817  135.36799622    0.00000000    0.00000000
   17.90444374  114.54900360    0.00000000    0.00000000
   17.90749931  134.93200684    0.00000000    0.00000000
   17.91083336  134.31300354    0.00000000    0.00000000
   17.91388893  175.12500000    0.00000000    0.00000000
   17.91694450   -1.00000000    0.00000000    0.00000000
   17.92027664   24.48999977    0.00000000    0.00000000
   17.92055511   23.57019997    0.00000000    0.00000000
   17.92361069  241.56199646    0.00000000    0.00000000
   17.92666626  185.22599792    0.00000000    0.00000000
   17.92972183  161.39500427    0.00000000    0.00000000
   17.93277740  203.53599548    0.00000000    0.00000000
   17.93610954  248.25700378    0.00000000    0.00000000
   17.93916512  261.20700073    0.00000000    0.00000000
   17.94222069  186.08700562    0.00000000    0.00000000
   17.94555473  191.72700500    0.00000000    0.00000000
   17.94583321  222.67500305    0.00000000    0.00000000
   17.94888878  196.79899597    0.00000000    0.00000000
   17.95194435  165.69500732    0.00000000    0.00000000
   17.95527840  124.34300232    0.00000000    0.00000000
   17.95833397  122.18399811    0.00000000    0.00000000
   17.96138954  162.04800415    0.00000000    0.00000000
   17.96444511  165.09199524    0.00000000    0.00000000
   17.96777916  149.03999329    0.00000000    0.00000000
   17.97083473  209.16400146    0.00000000    0.00000000
   17.97111130  187.21600342    0.00000000    0.00000000
   17.97416687  202.09100342    0.00000000    0.00000000
   17.97750092  191.40400696    0.00000000    0.00000000
   17.98055649  131.80400085    0.00000000    0.00000000
   17.98361206   69.79920197    0.00000000    0.00000000
   17.98666763  155.38200378    0.00000000    0.00000000
   17.98999977  145.03500366    0.00000000    0.00000000
   17.99305534  148.24099731    0.00000000    0.00000000
   17.99583435  154.43800354    0.00000000    0.00000000
   17.99638939  196.04299927    0.00000000    0.00000000
   17.99944496  187.78300476    0.00000000    0.00000000
   18.00277710   -1.00000000    0.00000000    0.00000000
   18.00583267   -1.00000000    0.00000000    0.00000000
   18.00888824   -1.00000000    0.00000000    0.00000000
   18.01194382   -1.00000000    0.00000000    0.00000000
   18.01527786   -1.00000000    0.00000000    0.00000000
   18.01833344   -1.00000000    0.00000000    0.00000000
   18.02083397  116.09100342    0.00000000    0.00000000
   18.02166557  245.91499329    0.00000000    0.00000000
   18.02472115  171.43800354    0.00000000    0.00000000
   18.02805519  204.60499573    0.00000000    0.00000000
   18.03111076  241.54100037    0.00000000    0.00000000
   18.03416634  186.55400085    0.00000000    0.00000000
   18.03722191  140.80599976    0.00000000    0.00000000
   18.04055595  218.67199707    0.00000000    0.00000000
   18.04361153  207.85299683    0.00000000    0.00000000
   18.04583359   95.91719818    0.00000000    0.00000000
   18.04694366   -1.00000000    0.00000000    0.00000000
   18.04999924  150.70799255    0.00000000    0.00000000
   18.05333328  160.11199951    0.00000000    0.00000000
   18.05638885  190.74200439    0.00000000    0.00000000
   18.05944443  150.96400452    0.00000000    0.00000000
   18.06250000  164.14399719    0.00000000    0.00000000
   18.06583214  198.06500244    0.00000000    0.00000000
   18.06888962   98.64119720    0.00000000    0.00000000
   18.07083511   90.59030151    0.00000000    0.00000000
   18.07222366  206.03199768    0.00000000    0.00000000
   18.07527924  225.75500488    0.00000000    0.00000000
   18.07861137  187.67199707    0.00000000    0.00000000
   18.08166695  158.70599365    0.00000000    0.00000000
   18.08472252  156.98199463    0.00000000    0.00000000
   18.08777809  122.70700073    0.00000000    0.00000000
   18.09111214  126.96900177    0.00000000    0.00000000
   18.09416771  127.47200012    0.00000000    0.00000000
   18.09583473  111.46600342    0.00000000    0.00000000
   18.09749985  112.12799835    0.00000000    0.00000000
   18.10055542  118.96600342    0.00000000    0.00000000
   18.10388947  138.70599365    0.00000000    0.00000000
   18.10694504  117.72000122    0.00000000    0.00000000
   18.11000061  115.59600067    0.00000000    0.00000000
   18.11305618  111.48000336    0.00000000    0.00000000
   18.11638832  145.54200745    0.00000000    0.00000000
   18.11944389  151.34399414    0.00000000    0.00000000
   18.12083435  131.03799438    0.00000000    0.00000000
   18.12277794  149.47300720    0.00000000    0.00000000
   18.12583351  107.03600311    0.00000000    0.00000000
   18.12916756   98.30560303    0.00000000    0.00000000
   18.13222313  113.36399841    0.00000000    0.00000000
   18.13527679  128.50500488    0.00000000    0.00000000
   18.13861084  181.71400452    0.00000000    0.00000000
   18.14166641  196.84899902    0.00000000    0.00000000
   18.14472198  218.63299561    0.00000000    0.00000000
   18.14583397  262.26000977    0.00000000    0.00000000
   18.14805603  208.46200562    0.00000000    0.00000000
   18.15111160  195.71400452    0.00000000    0.00000000
   18.15444374  222.52200317    0.00000000    0.00000000
   18.15749931  238.98899841    0.00000000    0.00000000
   18.16055489  168.18499756    0.00000000    0.00000000
   18.16388893   60.60660172    0.00000000    0.00000000
   18.16694450   44.79999924    0.00000000    0.00000000
   18.17000008  267.16101074    0.00000000    0.00000000
   18.17083359  214.88000488    0.00000000    0.00000000
   18.17333221  174.30900574    0.00000000    0.00000000
   18.17638779  160.30299377    0.00000000    0.00000000
   18.17972183  192.66499329    0.00000000    0.00000000
   18.18277740   91.15249634    0.00000000    0.00000000
   18.18583298  227.46200562    0.00000000    0.00000000
   18.18916512  177.40800476    0.00000000    0.00000000
   18.19222069  151.38800049    0.00000000    0.00000000
   18.19527626  147.71600342    0.00000000    0.00000000
   18.19583321  138.81900024    0.00000000    0.00000000
   18.19861031  124.92400360    0.00000000    0.00000000
   18.20166779  111.16899872    0.00000000    0.00000000
   18.20499992  110.83000183    0.00000000    0.00000000
   18.20805550  118.85600281    0.00000000    0.00000000
   18.21111107  109.98899841    0.00000000    0.00000000
   18.21444511  101.72699738    0.00000000    0.00000000
   18.21750069  127.22100067    0.00000000    0.00000000
   18.23722267   91.25890350    0.00000000    0.00000000
   18.23750114   95.50299835    0.00000000    0.00000000
   18.24055672   95.47840118    0.00000000    0.00000000
   18.24361229  121.35900116    0.00000000    0.00000000
   18.24694443  170.66799927    0.00000000    0.00000000
   18.25000000  111.91000366    0.00000000    0.00000000
   18.25305557  111.69300079    0.00000000    0.00000000
   18.25611115  110.43399811    0.00000000    0.00000000
   18.25944519  142.72099304    0.00000000    0.00000000
   18.26250076  116.98899841    0.00000000    0.00000000
   18.26277733  125.90000153    0.00000000    0.00000000
   18.26583290   97.12239838    0.00000000    0.00000000
   18.26888847  104.79799652    0.00000000    0.00000000
   18.27222252  114.44899750    0.00000000    0.00000000
   18.27527809  152.03999329    0.00000000    0.00000000
   18.27833366  192.82200623    0.00000000    0.00000000
   18.28166580   -1.00000000    0.00000000    0.00000000
   18.28472137   -1.00000000    0.00000000    0.00000000
   18.28750038  136.72999573    0.00000000    0.00000000
   18.28805542  111.22899628    0.00000000    0.00000000
   18.29111099  236.32699585    0.00000000    0.00000000
   18.29444313  241.43600464    0.00000000    0.00000000
   18.29749870  178.43699646    0.00000000    0.00000000
   18.30055428  205.40899658    0.00000000    0.00000000
   18.30360985  175.25900269    0.00000000    0.00000000
   18.30694389  264.07699585    0.00000000    0.00000000
   18.30999947  215.46000671    0.00000000    0.00000000
   18.31250000  188.33399963    0.00000000    0.00000000
   18.31333351  169.29899597    0.00000000    0.00000000
   18.31638718  160.42199707    0.00000000    0.00000000
   18.31972313  161.56900024    0.00000000    0.00000000
   18.32277870  209.88099670    0.00000000    0.00000000
   18.32583427  192.20199585    0.00000000    0.00000000
   18.32888985  150.90400696    0.00000000    0.00000000
   18.33222389  121.91999817    0.00000000    0.00000000
   18.33527756  107.36499786    0.00000000    0.00000000
   18.33750153  119.99900055    0.00000000    0.00000000
   18.33861160  116.81800079    0.00000000    0.00000000
   18.34166718  183.18299866    0.00000000    0.00000000
   18.34500122   -1.00000000    0.00000000    0.00000000
   18.34805679  116.68299866    0.00000000    0.00000000
   18.35111237  157.65100098    0.00000000    0.00000000
   18.35416794  133.73300171    0.00000000    0.00000000
   18.35750008  108.37100220    0.00000000    0.00000000
   18.36055565  112.02100372    0.00000000    0.00000000
   18.36250114  163.10600281    0.00000000    0.00000000
   18.36388969  174.92100525    0.00000000    0.00000000
   18.36694527  132.69900513    0.00000000    0.00000000
   18.37027740   99.20069885    0.00000000    0.00000000
   18.37333298  107.80999756    0.00000000    0.00000000
   18.37638855  120.23000336    0.00000000    0.00000000
   18.37944412  161.96899414    0.00000000    0.00000000
   18.38277817   -1.00000000    0.00000000    0.00000000
   18.38583374   -1.00000000    0.00000000    0.00000000
   18.38750076  333.79299927    0.00000000    0.00000000
   18.38916588  240.95300293    0.00000000    0.00000000
   18.39222145  132.92900085    0.00000000    0.00000000
   18.39555550  133.69200134    0.00000000    0.00000000
   18.39861107  178.76899719    0.00000000    0.00000000
   18.40166664  260.04699707    0.00000000    0.00000000
   18.40472221  138.64599609    0.00000000    0.00000000
   18.40805435  101.53099823    0.00000000    0.00000000
   18.41110992  101.04699707    0.00000000    0.00000000
   18.41250038  110.10700226    0.00000000    0.00000000
   18.41444397  109.80599976    0.00000000    0.00000000
   18.41749954  175.91299438    0.00000000    0.00000000
   18.42083359  161.10400391    0.00000000    0.00000000
   18.42388916  193.90400696    0.00000000    0.00000000
   18.42694473  175.96000671    0.00000000    0.00000000
   18.43000031  181.29699707    0.00000000    0.00000000
   18.43333244  245.56300354    0.00000000    0.00000000
   18.43638802   -1.00000000    0.00000000    0.00000000
   18.43972206   -1.00000000    0.00000000    0.00000000
   18.44277763   -1.00000000    0.00000000    0.00000000
   18.44610977   64.68090057    0.00000000    0.00000000
   18.44916534   -1.00000000    0.00000000    0.00000000
   18.45222282   -1.00000000    0.00000000    0.00000000
   18.45527840   -1.00000000    0.00000000    0.00000000
   18.45861244   -1.00000000    0.00000000    0.00000000
   18.46166801   -1.00000000    0.00000000    0.00000000
   18.46500015   -1.00000000    0.00000000    0.00000000
   18.46805573   -1.00000000    0.00000000    0.00000000
   18.47138977   -1.00000000    0.00000000    0.00000000
   18.47444534   -1.00000000    0.00000000    0.00000000
   18.47750092  153.86599731    0.00000000    0.00000000
   18.48055649  111.24400330    0.00000000    0.00000000
   18.48388863  122.63700104    0.00000000    0.00000000
   18.48694420  109.10199738    0.00000000    0.00000000
   18.48750114  111.74700165    0.00000000    0.00000000
   18.49027824  168.73199463    0.00000000    0.00000000
   18.49333382   -1.00000000    0.00000000    0.00000000
   18.49666786   -1.00000000    0.00000000    0.00000000
   18.49972153   -1.00000000    0.00000000    0.00000000
   18.50277710  156.83399963    0.00000000    0.00000000
   18.50611115   59.25849915    0.00000000    0.00000000
   18.50916672   99.28959656    0.00000000    0.00000000
   18.51222229   -1.00000000   -1.00000000   -1.00000000
   18.51583290   -1.00000000    0.00000000    0.00000000
   18.51888847   -1.00000000    0.00000000    0.00000000
   18.52194405   -1.00000000    0.00000000    0.00000000
   18.52499962   -1.00000000    0.00000000    0.00000000
   18.52833366   -1.00000000    0.00000000    0.00000000
   18.53138924   -1.00000000    0.00000000    0.00000000
   18.53444481  195.14199829    0.00000000    0.00000000
   18.53750038  226.74699402    0.00000000    0.00000000
   18.53777695  203.35299683    0.00000000    0.00000000
   18.54111099  187.91299438    0.00000000    0.00000000
   18.54416656  225.23100281    0.00000000    0.00000000
   18.54722214  237.28500366    0.00000000    0.00000000
   18.55055428   -1.00000000    0.00000000    0.00000000
   18.55360985   -1.00000000    0.00000000    0.00000000
   18.55666542   -1.00000000    0.00000000    0.00000000
   18.55972099   23.57019997    0.00000000    0.00000000
   18.56305504   -1.00000000    0.00000000    0.00000000
   18.56638718   -1.00000000    0.00000000    0.00000000
   18.56944466   -1.00000000    0.00000000    0.00000000
   18.57250023  198.63900757    0.00000000    0.00000000
   18.57555580  165.00399780    0.00000000    0.00000000
   18.57888985  133.75300598    0.00000000    0.00000000
   18.58194542  173.37699890    0.00000000    0.00000000
   18.58500099  397.06399536    0.00000000    0.00000000
   18.58666801  234.52099609    0.00000000    0.00000000
   18.58694458   -1.00000000    0.00000000    0.00000000
   18.58694458  198.63900757    0.00000000    0.00000000
   18.58694458  165.00399780    0.00000000    0.00000000
   18.58694458  133.75300598    0.00000000    0.00000000
   18.58694458  173.37699890    0.00000000    0.00000000
   18.58694458  397.06399536    0.00000000    0.00000000
   18.58694458   23.57019997    0.00000000    0.00000000
   18.58694458   -1.00000000    0.00000000    0.00000000
   18.58694458   -1.00000000    0.00000000    0.00000000
   18.58861160   -1.00000000    0.00000000    0.00000000
   18.59194565   -1.00000000    0.00000000    0.00000000
   18.59500122   -1.00000000    0.00000000    0.00000000
   18.59805679  271.57000732    0.00000000    0.00000000
   18.60111237  194.73500061    0.00000000    0.00000000
   18.60444450  212.13200378    0.00000000    0.00000000
   18.60750008  149.75000000    0.00000000    0.00000000
   18.61055565   -1.00000000    0.00000000    0.00000000
   18.61222267   99.22540283    0.00000000    0.00000000
   18.61388969  244.34800720    0.00000000    0.00000000
   18.61694527  163.50000000    0.00000000    0.00000000
   18.62027740  148.58000183    0.00000000    0.00000000
   18.62333298  190.87100220    0.00000000    0.00000000
   18.62638855  199.30799866    0.00000000    0.00000000
   18.62944412  206.76699829    0.00000000    0.00000000
   18.63277817  199.39300537    0.00000000    0.00000000
   18.63583374  211.64700317    0.00000000    0.00000000
   18.63722229  212.55499268    0.00000000    0.00000000
   18.63916588  213.05799866    0.00000000    0.00000000
   18.64222145  147.86000061    0.00000000    0.00000000
   18.64527702   -1.00000000    0.00000000    0.00000000
   18.64861107  196.10200500    0.00000000    0.00000000
   18.65166664  156.58200073    0.00000000    0.00000000
   18.65472221  229.97700500    0.00000000    0.00000000
   18.65805435  148.11599731    0.00000000    0.00000000
   18.66110992  140.41099548    0.00000000    0.00000000
   18.66222191  127.72699738    0.00000000    0.00000000
   18.66444397   -1.00000000    0.00000000    0.00000000
   18.66749954   -1.00000000    0.00000000    0.00000000
   18.67055511   -1.00000000    0.00000000    0.00000000
   18.67388916   -1.00000000    0.00000000    0.00000000
   18.67694473   -1.00000000    0.00000000    0.00000000
   18.68000031   60.88610077    0.00000000    0.00000000
   18.68333244   -1.00000000    0.00000000    0.00000000
   18.68638802   -1.00000000    0.00000000    0.00000000
   18.68722153   -1.00000000   -1.00000000   -1.00000000
   18.68972206   97.63520050    0.00000000    0.00000000
   18.69277763  107.25199890    0.00000000    0.00000000
   18.69610977  191.38000488    0.00000000    0.00000000
   18.69916534  132.18400574    0.00000000    0.00000000
   18.70222282   -1.00000000    0.00000000    0.00000000
   18.70527840   -1.00000000    0.00000000    0.00000000
   18.70861244   -1.00000000    0.00000000    0.00000000
   18.71166801   -1.00000000    0.00000000    0.00000000
   18.71500015   -1.00000000    0.00000000    0.00000000
   18.71805573   -1.00000000    0.00000000    0.00000000
   18.72138977  214.34500122    0.00000000    0.00000000
   18.72444534   -1.00000000    0.00000000    0.00000000
   18.72750092   -1.00000000    0.00000000    0.00000000
   18.73055649   -1.00000000    0.00000000    0.00000000
   18.73388863   -1.00000000    0.00000000    0.00000000
   18.73694420   -1.00000000    0.00000000    0.00000000
   18.74027824  191.19400024    0.00000000    0.00000000
   18.74361229  203.28700256    0.00000000    0.00000000
   18.74666786  157.57800293    0.00000000    0.00000000
   18.74972153  169.40400696    0.00000000    0.00000000
   18.75277710  150.89599609    0.00000000    0.00000000
   18.75611115  166.26800537    0.00000000    0.00000000
   18.75916672  173.97300720    0.00000000    0.00000000
   18.76222229  134.51699829    0.00000000    0.00000000
   18.76250076  146.20799255    0.00000000    0.00000000
   18.76555634  142.81799316    0.00000000    0.00000000
   18.76888847  197.47500610    0.00000000    0.00000000
   18.77194405  155.04899597    0.00000000    0.00000000
   18.77499962  166.74099731    0.00000000    0.00000000
   18.77833366  144.28300476    0.00000000    0.00000000
   18.78138924  135.23500061    0.00000000    0.00000000
   18.78444481  161.36199951    0.00000000    0.00000000
   18.78722191  188.88400269    0.00000000    0.00000000
   18.78777695  178.50300598    0.00000000    0.00000000
   18.79083252  125.62500000    0.00000000    0.00000000
   18.79416656  155.15699768    0.00000000    0.00000000
   18.79722214  145.53399658    0.00000000    0.00000000
   18.80027771  134.91400146    0.00000000    0.00000000
   18.80360985  145.78999329    0.00000000    0.00000000
   18.80666542  171.74000549    0.00000000    0.00000000
   18.80972099  137.13900757    0.00000000    0.00000000
   18.81222153  115.59799957    0.00000000    0.00000000
   18.81305504  120.91999817    0.00000000    0.00000000
   18.81638718  117.26300049    0.00000000    0.00000000
   18.81944466  107.84400177    0.00000000    0.00000000
   18.82250023  113.52999878    0.00000000    0.00000000
   18.82555580  141.67399597    0.00000000    0.00000000
   18.82888985  113.67099762    0.00000000    0.00000000
   18.83194542  126.31099701    0.00000000    0.00000000
   18.83500099  157.64700317    0.00000000    0.00000000
   18.83722305  149.89199829    0.00000000    0.00000000
   18.83833313  181.23399353    0.00000000    0.00000000
   18.84166718  142.45700073    0.00000000    0.00000000
   18.84472275  106.33599854    0.00000000    0.00000000
   18.84777832  106.65399933    0.00000000    0.00000000
   18.85083389  110.57900238    0.00000000    0.00000000
   18.85416794   98.88150024    0.00000000    0.00000000
   18.85722351   89.57089996    0.00000000    0.00000000
   18.86027908  116.34300232    0.00000000    0.00000000
   18.86222267  142.08900452    0.00000000    0.00000000
   18.86361122  139.88200378    0.00000000    0.00000000
   18.86694527  184.00399780    0.00000000    0.00000000
   18.87000084  137.15899658    0.00000000    0.00000000
   18.87305641  122.15100098    0.00000000    0.00000000
   18.87611198  115.30599976    0.00000000    0.00000000
   18.87944412  100.89900208    0.00000000    0.00000000
   18.88249969  102.46499634    0.00000000    0.00000000
   18.88555527  122.80699921    0.00000000    0.00000000
   18.88722229  121.13700104    0.00000000    0.00000000
   18.88888931  113.70800018    0.00000000    0.00000000
   18.89222145  112.32099915    0.00000000    0.00000000
   18.89527702  127.95800018    0.00000000    0.00000000
   18.89833260  119.22799683    0.00000000    0.00000000
   18.90138817  107.13400269    0.00000000    0.00000000
   18.90472221  102.44599915    0.00000000    0.00000000
   18.90777779   94.29470062    0.00000000    0.00000000
   18.91083336   95.06379700    0.00000000    0.00000000
   18.91222191   93.05149841    0.00000000    0.00000000
   18.91416550   88.76170349    0.00000000    0.00000000
   18.91749954   90.93879700    0.00000000    0.00000000
   18.92055511   99.00630188    0.00000000    0.00000000
   18.92361069  137.49800110    0.00000000    0.00000000
   18.92666626  106.97299957    0.00000000    0.00000000
   18.93000031  103.51300049    0.00000000    0.00000000
   18.93305397   97.94069672    0.00000000    0.00000000
   18.93610954   94.46589661    0.00000000    0.00000000
   18.93722153   96.17729950    0.00000000    0.00000000
   18.93944359   97.41510010    0.00000000    0.00000000
   18.94277763   92.38780212    0.00000000    0.00000000
   18.94583321   91.61879730    0.00000000    0.00000000
   18.94888878   97.30130005    0.00000000    0.00000000
   18.95222282  101.09100342    0.00000000    0.00000000
   18.95527840  144.80599976    0.00000000    0.00000000
   18.95833397   -1.00000000    0.00000000    0.00000000
   18.96138954   -1.00000000    0.00000000    0.00000000
   18.96472359  120.65799713    0.00000000    0.00000000
   18.96805573  104.61199951    0.00000000    0.00000000
   18.97111130  169.19700623    0.00000000    0.00000000
   18.97416687  116.87999725    0.00000000    0.00000000
   18.97722244  113.18699646    0.00000000    0.00000000
   18.98055649  103.58399963    0.00000000    0.00000000
   18.98361206   98.03610229    0.00000000    0.00000000
   18.98694420  103.62000275    0.00000000    0.00000000
   18.98722267  108.63400269    0.00000000    0.00000000
   18.98999977  110.27500153    0.00000000    0.00000000
   18.99333382  138.01100159    0.00000000    0.00000000
   18.99638939  133.38499451    0.00000000    0.00000000
   18.99944496  104.22299957    0.00000000    0.00000000
   19.00277710  100.96499634    0.00000000    0.00000000
   19.00583267  120.15399933    0.00000000    0.00000000
   19.00888824  121.34300232    0.00000000    0.00000000
   19.01194382  114.32599640    0.00000000    0.00000000
   19.01250076  112.66500092    0.00000000    0.00000000
   19.01555634  138.74200439    0.00000000    0.00000000
   19.01861000  191.48500061    0.00000000    0.00000000
   19.02166557  178.57000732    0.00000000    0.00000000
   19.02499962   -1.00000000    0.00000000    0.00000000
   19.02805519  218.59100342    0.00000000    0.00000000
   19.03111076  109.98999786    0.00000000    0.00000000
   19.03416634   95.31559753    0.00000000    0.00000000
   19.03750038   91.85410309    0.00000000    0.00000000
   19.03777695   91.54429626    0.00000000    0.00000000
   19.04083252   91.04070282    0.00000000    0.00000000
   19.04388809   88.80480194    0.00000000    0.00000000
   19.04722214   84.30529785    0.00000000    0.00000000
   19.05027771   89.19760132    0.00000000    0.00000000
   19.05333328   97.83319855    0.00000000    0.00000000
   19.05638885   99.43550110    0.00000000    0.00000000
   19.05972099   92.44909668    0.00000000    0.00000000
   19.06250000   95.46479797    0.00000000    0.00000000
   19.06305504   94.61879730    0.00000000    0.00000000
   19.06611061   93.04119873    0.00000000    0.00000000
   19.06916809   92.17890167    0.00000000    0.00000000
   19.07250023   95.94670105    0.00000000    0.00000000
   19.07555580   97.09470367    0.00000000    0.00000000
   19.07861137  115.05899811    0.00000000    0.00000000
   19.08166695  131.17399597    0.00000000    0.00000000
   19.08500099  107.58599854    0.00000000    0.00000000
   19.08750153   98.62539673    0.00000000    0.00000000
   19.08833313  103.50499725    0.00000000    0.00000000
   19.09138870  115.78700256    0.00000000    0.00000000
   19.09444427   98.78450012    0.00000000    0.00000000
   19.09777832   94.46700287    0.00000000    0.00000000
   19.10083389   90.88809967    0.00000000    0.00000000
   19.10388947   91.04850006    0.00000000    0.00000000
   19.10694504   96.36720276    0.00000000    0.00000000
   19.11027908   91.07679749    0.00000000    0.00000000
   19.11250114  103.12699890    0.00000000    0.00000000
   19.11361122  100.54599762    0.00000000    0.00000000
   19.11666679   93.36840057    0.00000000    0.00000000
   19.11972237   99.35399628    0.00000000    0.00000000
   19.12305641  105.97899628    0.00000000    0.00000000
   19.12611198  120.17099762    0.00000000    0.00000000
   19.12916756  106.97200012    0.00000000    0.00000000
   19.13222313  111.61299896    0.00000000    0.00000000
   19.13555527  117.00900269    0.00000000    0.00000000
   19.13750076  160.54800415    0.00000000    0.00000000
   19.13888931  181.47900391    0.00000000    0.00000000
   19.14194489  121.06800079    0.00000000    0.00000000
   19.14500046  107.57599640    0.00000000    0.00000000
   19.14833260   95.08609772    0.00000000    0.00000000
   19.15138817   92.83529663    0.00000000    0.00000000
   19.15444374   89.87529755    0.00000000    0.00000000
   19.15749931   92.14479828    0.00000000    0.00000000
   19.16083336   90.83879852    0.00000000    0.00000000
   19.16250038   92.42579651    0.00000000    0.00000000
   19.16416550   99.95600128    0.00000000    0.00000000
   19.16722107  100.05100250    0.00000000    0.00000000
   19.17027664  111.67099762    0.00000000    0.00000000
   19.17361069  107.05400085    0.00000000    0.00000000
   19.17666626  105.99600220    0.00000000    0.00000000
   19.17972183   98.28959656    0.00000000    0.00000000
   19.18277740  114.18399811    0.00000000    0.00000000
   19.18610954  117.76200104    0.00000000    0.00000000
   19.18750000  111.16999817    0.00000000    0.00000000
   19.18944359  119.12100220    0.00000000    0.00000000
   19.19249916  114.18599701    0.00000000    0.00000000
   19.19555473   98.73179626    0.00000000    0.00000000
   19.19888878  105.97399902    0.00000000    0.00000000
   19.20194435  109.08599854    0.00000000    0.00000000
   19.20499992  112.63400269    0.00000000    0.00000000
   19.20833397   97.85610199    0.00000000    0.00000000
   19.21138954  115.83000183    0.00000000    0.00000000
   19.21250153  106.04199982    0.00000000    0.00000000
   19.21472359  122.58000183    0.00000000    0.00000000
   19.21777916  101.50199890    0.00000000    0.00000000
   19.22083473  125.75499725    0.00000000    0.00000000
   19.22416687  104.12599945    0.00000000    0.00000000
   19.22722244  108.44999695    0.00000000    0.00000000
   19.23027802  112.75499725    0.00000000    0.00000000
   19.23361206  151.15899658    0.00000000    0.00000000
   19.23666763  203.44099426    0.00000000    0.00000000
   19.25388908  115.30599976    0.00000000    0.00000000
   19.25638962  108.40799713    0.00000000    0.00000000
   19.25944519  106.86799622    0.00000000    0.00000000
   19.26250076  123.66899872    0.00000000    0.00000000
   19.26583290  121.87000275    0.00000000    0.00000000
   19.26888847  118.97200012    0.00000000    0.00000000
   19.27194405  114.58300018    0.00000000    0.00000000
   19.27527809  110.58399963    0.00000000    0.00000000
   19.27833366  107.30599976    0.00000000    0.00000000
   19.27861023  113.05400085    0.00000000    0.00000000
   19.28166580  116.01899719    0.00000000    0.00000000
   19.28472137  131.64100647    0.00000000    0.00000000
   19.28777695  119.00299835    0.00000000    0.00000000
   19.29083252  139.81399536    0.00000000    0.00000000
   19.29416656  128.35899353    0.00000000    0.00000000
   19.29722214  121.00299835    0.00000000    0.00000000
   19.30027771  135.55700684    0.00000000    0.00000000
   19.30360985  148.99000549    0.00000000    0.00000000
   19.30388832  145.71499634    0.00000000    0.00000000
   19.30694389  151.01400757    0.00000000    0.00000000
   19.30999947  253.62199402    0.00000000    0.00000000
   19.31333351  208.57200623    0.00000000    0.00000000
   19.31638718  181.78500366    0.00000000    0.00000000
   19.31944466   -1.00000000    0.00000000    0.00000000
   19.32250023  194.92300415    0.00000000    0.00000000
   19.32583427  165.56799316    0.00000000    0.00000000
   19.32888985  125.03500366    0.00000000    0.00000000
   19.32916832  141.03199768    0.00000000    0.00000000
   19.33222389  124.46800232    0.00000000    0.00000000
   19.33527756  122.41100311    0.00000000    0.00000000
   19.33861160  141.48300171    0.00000000    0.00000000
   19.34166718  125.87999725    0.00000000    0.00000000
   19.34472275  124.10299683    0.00000000    0.00000000
   19.34805679  122.60199738    0.00000000    0.00000000
   19.35111237   99.52760315    0.00000000    0.00000000
   19.35388947  110.18299866    0.00000000    0.00000000
   19.35444450  101.22399902    0.00000000    0.00000000
   19.35750008  113.37799835    0.00000000    0.00000000
   19.36055565  109.27200317    0.00000000    0.00000000
   19.36388969  107.18900299    0.00000000    0.00000000
   19.36694527   96.37539673    0.00000000    0.00000000
   19.37000084  106.91200256    0.00000000    0.00000000
   19.37333298  106.93900299    0.00000000    0.00000000
   19.37638855  116.64299774    0.00000000    0.00000000
   19.37888908  115.75599670    0.00000000    0.00000000
   19.37972260  116.53500366    0.00000000    0.00000000
   19.38277817  115.19300079    0.00000000    0.00000000
   19.38583374  118.38099670    0.00000000    0.00000000
   19.38916588  119.05999756    0.00000000    0.00000000
   19.39222145  118.12599945    0.00000000    0.00000000
   19.39527702  130.67500305    0.00000000    0.00000000
   19.39861107  116.19200134    0.00000000    0.00000000
   19.40166664  106.22000122    0.00000000    0.00000000
   19.40388870  117.06800079    0.00000000    0.00000000
   19.40499878  112.93699646    0.00000000    0.00000000
   19.40805435  106.87999725    0.00000000    0.00000000
   19.41138840  112.60299683    0.00000000    0.00000000
   19.41444397  114.15000153    0.00000000    0.00000000
   19.41749954  112.89099884    0.00000000    0.00000000
   19.42055511  114.34500122    0.00000000    0.00000000
   19.42388916  129.75399780    0.00000000    0.00000000
   19.42694473  115.23100281    0.00000000    0.00000000
   19.42888832  113.89800262    0.00000000    0.00000000
   19.43027687  115.90899658    0.00000000    0.00000000
   19.43333244  145.72700500    0.00000000    0.00000000
   19.43666649  156.70100403    0.00000000    0.00000000
   19.43972206  122.73300171    0.00000000    0.00000000
   19.44277763  146.25399780    0.00000000    0.00000000
   19.44583321  145.36199951    0.00000000    0.00000000
   19.44916534  158.54100037    0.00000000    0.00000000
   19.45222282  179.66900635    0.00000000    0.00000000
   19.45388985  155.89700317    0.00000000    0.00000000
   19.45555687  142.44500732    0.00000000    0.00000000
   19.45861244  118.81900024    0.00000000    0.00000000
   19.46194458  107.29299927    0.00000000    0.00000000
   19.46500015  109.26100159    0.00000000    0.00000000
   19.46805573  111.11599731    0.00000000    0.00000000
   19.47111130  114.29399872    0.00000000    0.00000000
   19.47444534  142.75599670    0.00000000    0.00000000
   19.47750092  210.64300537    0.00000000    0.00000000
   19.47888947  175.22799683    0.00000000    0.00000000
   19.48083305  146.30999756    0.00000000    0.00000000
   19.48388863  115.85199738    0.00000000    0.00000000
   19.48722267  169.22300720    0.00000000    0.00000000
   19.49027824  167.62600708    0.00000000    0.00000000
   19.49333382  193.96200562    0.00000000    0.00000000
   19.49638939  124.11100006    0.00000000    0.00000000
   19.49972153  163.58700562    0.00000000    0.00000000
   19.50277710  166.82600403    0.00000000    0.00000000
   19.50388908  205.19200134    0.00000000    0.00000000
   19.50611115  263.08499146    0.00000000    0.00000000
   19.50916672  179.75000000    0.00000000    0.00000000
   19.51250076  146.51199341    0.00000000    0.00000000
   19.51555634  136.27200317    0.00000000    0.00000000
   19.51861000  112.12500000    0.00000000    0.00000000
   19.52166557  124.57399750    0.00000000    0.00000000
   19.52499962  132.24299622    0.00000000    0.00000000
   19.52805519  148.26100159    0.00000000    0.00000000
   19.52888870  180.34300232    0.00000000    0.00000000
   19.53138924  157.12199402    0.00000000    0.00000000
   19.53444481  189.81399536    0.00000000    0.00000000
   19.53777695  196.23100281    0.00000000    0.00000000
   19.54083252  221.27000427    0.00000000    0.00000000
   19.54388809  164.12399292    0.00000000    0.00000000
   19.54694366  232.39199829    0.00000000    0.00000000
   19.55027771  244.53500366    0.00000000    0.00000000
   19.55333328   -1.00000000    0.00000000    0.00000000
   19.55388832   74.99949646    0.00000000    0.00000000
   19.55666542   76.26809692    0.00000000    0.00000000
   19.55972099  183.61399841    0.00000000    0.00000000
   19.56305504  140.19700623    0.00000000    0.00000000
   19.56611061  112.00700378    0.00000000    0.00000000
   19.56916809  115.35399628    0.00000000    0.00000000
   19.57222366   98.66329956    0.00000000    0.00000000
   19.57555580  105.64600372    0.00000000    0.00000000
   19.57861137  100.04599762    0.00000000    0.00000000
   19.57888985   96.08460236    0.00000000    0.00000000
   19.58194542  104.94999695    0.00000000    0.00000000
   19.58527756  103.29900360    0.00000000    0.00000000
   19.58833313  107.69499969    0.00000000    0.00000000
   19.59138870  114.32399750    0.00000000    0.00000000
   19.59472275   -1.00000000    0.00000000    0.00000000
   19.59777832   -1.00000000    0.00000000    0.00000000
   19.60083389   -1.00000000    0.00000000    0.00000000
   19.60416794   -1.00000000    0.00000000    0.00000000
   19.60750008   -1.00000000    0.00000000    0.00000000
   19.61055565   -1.00000000    0.00000000    0.00000000
   19.61361122   -1.00000000    0.00000000    0.00000000
   19.61666679   -1.00000000    0.00000000    0.00000000
   19.62000084   -1.00000000    0.00000000    0.00000000
   19.62305641   -1.00000000    0.00000000    0.00000000
   19.62611198   -1.00000000    0.00000000    0.00000000
   19.62888908   -1.00000000   -1.00000000   -1.00000000
   19.62944412   83.57469940    0.00000000    0.00000000
   19.63277817   -1.00000000    0.00000000    0.00000000
   19.63583374   -1.00000000    0.00000000    0.00000000
   19.63888931   -1.00000000    0.00000000    0.00000000
   19.64194489   -1.00000000    0.00000000    0.00000000
   19.64527702   -1.00000000    0.00000000    0.00000000
   19.64833260   -1.00000000    0.00000000    0.00000000
   19.65138817   -1.00000000    0.00000000    0.00000000
   19.65472221   -1.00000000    0.00000000    0.00000000
   19.65805435   -1.00000000    0.00000000    0.00000000
   19.66110992   23.57019997    0.00000000    0.00000000
   19.66416550  178.33900452    0.00000000    0.00000000
   19.66722107  225.24899292    0.00000000    0.00000000
   19.67055511  172.81900024    0.00000000    0.00000000
   19.67361069  224.06599426    0.00000000    0.00000000
   19.67666626  197.96099854    0.00000000    0.00000000
   19.67888832  201.58900452    0.00000000    0.00000000
   19.68000031  219.19799805    0.00000000    0.00000000
   19.68333244  175.88400269    0.00000000    0.00000000
   19.68638802  177.00300598    0.00000000    0.00000000
   19.68944359  193.73199463    0.00000000    0.00000000
   19.69277763  158.61099243    0.00000000    0.00000000
   19.69583321  174.46400452    0.00000000    0.00000000
   19.69888878  236.53799438    0.00000000    0.00000000
   19.70194435  197.99299622    0.00000000    0.00000000
   19.70388985  169.62699890    0.00000000    0.00000000
   19.70527840  205.76899719    0.00000000    0.00000000
   19.70861244  176.58200073    0.00000000    0.00000000
   19.71166801   -1.00000000    0.00000000    0.00000000
   19.71472359   -1.00000000    0.00000000    0.00000000
   19.71805573   -1.00000000    0.00000000    0.00000000
   19.72111130   -1.00000000    0.00000000    0.00000000
   19.72416687   -1.00000000    0.00000000    0.00000000
   19.72722244   -1.00000000    0.00000000    0.00000000
   19.73055649   -1.00000000    0.00000000    0.00000000
   19.73388863   -1.00000000    0.00000000    0.00000000
   19.73694420   -1.00000000    0.00000000    0.00000000
   19.73999977   -1.00000000    0.00000000    0.00000000
   19.74333382   -1.00000000    0.00000000    0.00000000
   19.74638939   -1.00000000    0.00000000    0.00000000
   19.74944496   -1.00000000    0.00000000    0.00000000
   19.75250053   -1.00000000    0.00000000    0.00000000
   19.75583267   -1.00000000    0.00000000    0.00000000
   19.75916672   -1.00000000    0.00000000    0.00000000
   19.76222229   75.25540161    0.00000000    0.00000000
   19.76527786   42.65570068    0.00000000    0.00000000
   19.76861000  186.27400208    0.00000000    0.00000000
   19.77166557  196.69099426    0.00000000    0.00000000
   19.77472115  190.02099609    0.00000000    0.00000000
   19.77777672   -1.00000000    0.00000000    0.00000000
   19.78138924   -1.00000000    0.00000000    0.00000000
   19.78444481   -1.00000000    0.00000000    0.00000000
   19.78750038   -1.00000000    0.00000000    0.00000000
   19.79055595   -1.00000000    0.00000000    0.00000000
