    HOUR (UT)   FLARE FACTOR    SKY TESTER    SUN TESTER
   11.15972137   -1.00000000   -1.00000000   -1.00000000
   11.50861073   38.23600006    0.00000000    0.00000000
   11.51444435  135.23100281    0.00000000    0.00000000
   11.51777744  105.88099670    0.00000000    0.00000000
   11.52083302   76.30049896    0.00000000    0.00000000
   11.52388859   -1.00000000    0.00000000    0.00000000
   11.52722168   23.57019997    0.00000000    0.00000000
   11.53027725   -1.00000000    0.00000000    0.00000000
   11.53333378   23.57019997    0.00000000    0.00000000
   11.53666687   -1.00000000    0.00000000    0.00000000
   11.53972244   -1.00000000    0.00000000    0.00000000
   11.54305553   89.37429810    0.00000000    0.00000000
   11.54611111  130.37399292    0.00000000    0.00000000
   11.54916668   75.06539917    0.00000000    0.00000000
   11.55249977   -1.00000000    0.00000000    0.00000000
   11.81694412   -1.00000000   -1.00000000   -1.00000000
   11.83722210   -1.00000000    0.00000000    0.00000000
   11.84027767   -1.00000000    0.00000000    0.00000000
   11.84361076   -1.00000000    0.00000000    0.00000000
   11.84666634   -1.00000000    0.00000000    0.00000000
   11.84972191   -1.00000000    0.00000000    0.00000000
   11.85305595   -1.00000000    0.00000000    0.00000000
   11.85611153   -1.00000000    0.00000000    0.00000000
   11.85944462   -1.00000000    0.00000000    0.00000000
   11.86250019   37.50289917    0.00000000    0.00000000
   11.86555576   -1.00000000    0.00000000    0.00000000
   11.86750031   85.73069763    0.00000000    0.00000000
   11.86888885  164.70799255    0.00000000    0.00000000
   11.87194443  225.96400452    0.00000000    0.00000000
   11.87527752  150.81199646    0.00000000    0.00000000
   11.87833309   -1.00000000    0.00000000    0.00000000
   11.88138866   -1.00000000    0.00000000    0.00000000
   11.88472176   79.19770050    0.00000000    0.00000000
   11.88777733  275.77200317    0.00000000    0.00000000
   11.89138889  328.39898682    0.00000000    0.00000000
   11.89472198  295.92300415    0.00000000    0.00000000
   11.89777756  271.95098877    0.00000000    0.00000000
   11.90083313  264.75698853    0.00000000    0.00000000
   11.90111065  247.09399414    0.00000000    0.00000000
   11.90416622  269.08801270    0.00000000    0.00000000
   11.90749931  228.95300293    0.00000000    0.00000000
   11.91055489  226.27799988    0.00000000    0.00000000
   11.91361046  318.71301270    0.00000000    0.00000000
   11.91694450   -1.00000000    0.00000000    0.00000000
   11.92027855  266.26300049    0.00000000    0.00000000
   11.92361164  211.25500488    0.00000000    0.00000000
   11.92666721  251.26199341    0.00000000    0.00000000
   11.92972279  260.45599365    0.00000000    0.00000000
   11.93305588  237.12399292    0.00000000    0.00000000
   11.93416691  217.02299500    0.00000000    0.00000000
   11.93611145  262.71200562    0.00000000    0.00000000
   11.93944454  220.16999817    0.00000000    0.00000000
   11.94250011  215.24299622    0.00000000    0.00000000
   11.94555569  223.75000000    0.00000000    0.00000000
   11.94888878  189.91900635    0.00000000    0.00000000
   11.95083332  234.15100098    0.00000000    0.00000000
   11.95194435  221.93899536    0.00000000    0.00000000
   11.95527744  200.70100403    0.00000000    0.00000000
   11.95833302  199.40499878    0.00000000    0.00000000
   11.96138859  232.47500610    0.00000000    0.00000000
   11.96444416   -1.00000000    0.00000000    0.00000000
   11.96749973  257.44799805    0.00000000    0.00000000
   11.96777725  268.86199951    0.00000000    0.00000000
   11.97083282   -1.00000000    0.00000000    0.00000000
   11.97416592   -1.00000000    0.00000000    0.00000000
   11.97722149   36.73949814    0.00000000    0.00000000
   11.98027706  268.85998535    0.00000000    0.00000000
   11.98361111   76.06710052    0.00000000    0.00000000
   11.98416710  118.86000061    0.00000000    0.00000000
   11.98694515  242.02799988    0.00000000    0.00000000
   11.99027824  234.98599243    0.00000000    0.00000000
   11.99333382  300.38900757    0.00000000    0.00000000
   11.99638939  228.26499939    0.00000000    0.00000000
   11.99944496  217.30599976    0.00000000    0.00000000
   12.00083351  238.81599426    0.00000000    0.00000000
   12.00305557  247.12300110    0.00000000    0.00000000
   12.00611115  210.52099609    0.00000000    0.00000000
   12.00916672  232.92900085    0.00000000    0.00000000
   12.01249981  212.49699402    0.00000000    0.00000000
   12.01555538  209.35499573    0.00000000    0.00000000
   12.01749992  217.53700256    0.00000000    0.00000000
   12.01888847  235.23599243    0.00000000    0.00000000
   12.02222157  247.59100342    0.00000000    0.00000000
   12.02527714  219.98300171    0.00000000    0.00000000
   12.02833271  195.13499451    0.00000000    0.00000000
   12.03166676  224.61799622    0.00000000    0.00000000
   12.03416729  224.62600708    0.00000000    0.00000000
   12.03472233  240.03700256    0.00000000    0.00000000
   12.03805637  242.95700073    0.00000000    0.00000000
   12.04111195  228.32699585    0.00000000    0.00000000
   12.04416752  249.73699951    0.00000000    0.00000000
   12.04750061  192.47500610    0.00000000    0.00000000
   12.05055618  215.93400574    0.00000000    0.00000000
   12.05083370  222.44900513    0.00000000    0.00000000
   12.05361176  229.14100647    0.00000000    0.00000000
   12.05694485  222.04699707    0.00000000    0.00000000
   12.06000042  227.88000488    0.00000000    0.00000000
   12.06305599  224.16799927    0.00000000    0.00000000
   12.06638908  208.09700012    0.00000000    0.00000000
   12.06750011  222.82400513    0.00000000    0.00000000
   12.06944466  203.20899963    0.00000000    0.00000000
   12.07277775  226.11300659    0.00000000    0.00000000
   12.07583332  237.97700500    0.00000000    0.00000000
   12.07888889  194.66900635    0.00000000    0.00000000
   12.08222198  210.74800110    0.00000000    0.00000000
   12.08416653  218.12300110    0.00000000    0.00000000
   12.08527756  212.35400391    0.00000000    0.00000000
   12.08861065  257.75900269    0.00000000    0.00000000
   12.09166622  204.86999512    0.00000000    0.00000000
   12.09472179  231.64900208    0.00000000    0.00000000
   12.09805489  221.49099731    0.00000000    0.00000000
   12.10083389  214.69299316    0.00000000    0.00000000
   12.10111141  261.93600464    0.00000000    0.00000000
   12.10444450  212.41600037    0.00000000    0.00000000
   12.10750008  195.13900757    0.00000000    0.00000000
   12.11055565  223.29899597    0.00000000    0.00000000
   12.11388969  180.90600586    0.00000000    0.00000000
   12.11694431  197.98300171    0.00000000    0.00000000
   12.11750031  216.30900574    0.00000000    0.00000000
   12.12027836  202.61099243    0.00000000    0.00000000
   12.12361145  202.27699280    0.00000000    0.00000000
   12.12666702  195.53999329    0.00000000    0.00000000
   12.12972260  206.18899536    0.00000000    0.00000000
   12.13305569  176.84700012    0.00000000    0.00000000
   12.13416672  190.92300415    0.00000000    0.00000000
   12.13611126  225.64700317    0.00000000    0.00000000
   12.13944435  177.51199341    0.00000000    0.00000000
   12.14249992  223.79800415    0.00000000    0.00000000
   12.14555550  214.67599487    0.00000000    0.00000000
   12.14888859  189.10800171    0.00000000    0.00000000
   12.15083313  236.00799561    0.00000000    0.00000000
   12.15194416  196.65800476    0.00000000    0.00000000
   12.15527725  169.49299622    0.00000000    0.00000000
   12.15833282  216.33500671    0.00000000    0.00000000
   12.16138840  189.97500610    0.00000000    0.00000000
   12.16472149  187.78300476    0.00000000    0.00000000
   12.16750050  187.22099304    0.00000000    0.00000000
   12.16777802  195.48100281    0.00000000    0.00000000
   12.17111111  190.88200378    0.00000000    0.00000000
   12.17416668  222.05799866    0.00000000    0.00000000
   12.17722225  182.41299438    0.00000000    0.00000000
   12.18055630  181.98100281    0.00000000    0.00000000
   12.18361092  166.11900330    0.00000000    0.00000000
   12.18416691  226.53799438    0.00000000    0.00000000
   12.18694496  188.94400024    0.00000000    0.00000000
   12.19000053  228.32800293    0.00000000    0.00000000
   12.19305515  165.81900024    0.00000000    0.00000000
   12.19611073  208.58099365    0.00000000    0.00000000
   12.19944477  162.54699707    0.00000000    0.00000000
   12.20083332  199.61700439    0.00000000    0.00000000
   12.20249939  228.77299500    0.00000000    0.00000000
   12.20583344  184.98800659    0.00000000    0.00000000
   12.20888901  175.94599915    0.00000000    0.00000000
   12.21222210  174.44400024    0.00000000    0.00000000
   12.21527767  176.15600586    0.00000000    0.00000000
   12.21749973  171.24699402    0.00000000    0.00000000
   12.21833324  172.31300354    0.00000000    0.00000000
   12.22166634  177.30099487    0.00000000    0.00000000
   12.22472191  191.19299316    0.00000000    0.00000000
   12.22777748  164.86900330    0.00000000    0.00000000
   12.23111057  166.76100159    0.00000000    0.00000000
   12.23416710  204.37800598    0.00000000    0.00000000
   12.23444462  155.92399597    0.00000000    0.00000000
   12.23777771  170.21400452    0.00000000    0.00000000
   12.24083328  163.93800354    0.00000000    0.00000000
   12.24388885  183.87899780    0.00000000    0.00000000
   12.24722290  183.65100098    0.00000000    0.00000000
   12.25027752  186.54299927    0.00000000    0.00000000
   12.25111103  194.65600586    0.00000000    0.00000000
   12.25361156  180.52999878    0.00000000    0.00000000
   12.25666714  172.68699646    0.00000000    0.00000000
   12.25972176  163.18200684    0.00000000    0.00000000
   12.26305580  195.53199768    0.00000000    0.00000000
   12.26611137  163.55999756    0.00000000    0.00000000
   12.26777744  179.86099243    0.00000000    0.00000000
   12.26916599  167.07299805    0.00000000    0.00000000
   12.27250004  187.79100037    0.00000000    0.00000000
   12.27555561  202.14900208    0.00000000    0.00000000
   12.27861118  225.84199524    0.00000000    0.00000000
   12.28194427  254.95899963    0.00000000    0.00000000
   12.28444481  218.35800171    0.00000000    0.00000000
   12.28527832  185.00199890    0.00000000    0.00000000
   12.28833389  211.11599731    0.00000000    0.00000000
   12.29138947  208.64300537    0.00000000    0.00000000
   12.29472256  225.87899780    0.00000000    0.00000000
   12.29777813  264.94299316    0.00000000    0.00000000
   12.30083370  305.10800171    0.00000000    0.00000000
   12.30111122  263.85101318    0.00000000    0.00000000
   12.30416679  232.03700256    0.00000000    0.00000000
   12.30722237  245.12600708    0.00000000    0.00000000
   12.31027794  224.89700317    0.00000000    0.00000000
   12.31361103  242.45100403    0.00000000    0.00000000
   12.31666660  238.66700745    0.00000000    0.00000000
   12.31777763  221.46000671    0.00000000    0.00000000
   12.31999969  268.09100342    0.00000000    0.00000000
   12.32305527  243.24400330    0.00000000    0.00000000
   12.32611084  233.16499329    0.00000000    0.00000000
   12.32944393  234.59100342    0.00000000    0.00000000
   12.33249950  271.82699585    0.00000000    0.00000000
   12.33444405  263.72500610    0.00000000    0.00000000
   12.33583260  248.00599670    0.00000000    0.00000000
   12.33888817  357.61599731    0.00000000    0.00000000
   12.33972168  308.47900391    0.00000000    0.00000000
   12.34027767  295.68798828    0.00000000    0.00000000
   12.34083271  259.21701050    0.00000000    0.00000000
   12.34083271  243.24400330    0.00000000    0.00000000
   12.34083271  233.16499329    0.00000000    0.00000000
   12.34083271  234.59100342    0.00000000    0.00000000
   12.34083271  271.82699585    0.00000000    0.00000000
   12.34083271  248.00599670    0.00000000    0.00000000
   12.34083271  357.61599731    0.00000000    0.00000000
   12.34083271  242.45100403    0.00000000    0.00000000
   12.34083271  238.66700745    0.00000000    0.00000000
   12.34083271  268.09100342    0.00000000    0.00000000
   12.34277725  279.23098755    0.00000000    0.00000000
   12.34583282  253.62300110    0.00000000    0.00000000
   12.34888840  274.66000366    0.00000000    0.00000000
   12.35222244  286.23300171    0.00000000    0.00000000
   12.35527802  266.93499756    0.00000000    0.00000000
   12.35777855  337.44400024    0.00000000    0.00000000
   12.35861111  207.69200134    0.00000000    0.00000000
   12.36194515  334.71099854    0.00000000    0.00000000
   12.36500072  238.77400208    0.00000000    0.00000000
   12.36805534  278.80300903    0.00000000    0.00000000
   12.37138939  225.08500671    0.00000000    0.00000000
   12.37444496   -1.00000000    0.00000000    0.00000000
   12.37805557   -1.00000000    0.00000000    0.00000000
   12.38111115   -1.00000000    0.00000000    0.00000000
   12.38416672   -1.00000000    0.00000000    0.00000000
   12.38722229   -1.00000000    0.00000000    0.00000000
   12.39055538   -1.00000000    0.00000000    0.00000000
   12.39361095   -1.00000000    0.00000000    0.00000000
   12.39694405   -1.00000000    0.00000000    0.00000000
   12.39999962   -1.00000000    0.00000000    0.00000000
   12.40305519   -1.00000000    0.00000000    0.00000000
   12.40638828   -1.00000000    0.00000000    0.00000000
   12.40944386   -1.00000000    0.00000000    0.00000000
   12.41277695   -1.00000000    0.00000000    0.00000000
   12.41583252   -1.00000000    0.00000000    0.00000000
   12.41888905   -1.00000000    0.00000000    0.00000000
   12.42222214   -1.00000000    0.00000000    0.00000000
   12.42527771   -1.00000000    0.00000000    0.00000000
   12.42861176   -1.00000000    0.00000000    0.00000000
   12.43166733   -1.00000000    0.00000000    0.00000000
   12.43472195   -1.00000000    0.00000000    0.00000000
   12.43805599   -1.00000000    0.00000000    0.00000000
   12.44111156   -1.00000000    0.00000000    0.00000000
   12.44444466   -1.00000000    0.00000000    0.00000000
   12.44750023   -1.00000000    0.00000000    0.00000000
   12.45055580   -1.00000000    0.00000000    0.00000000
   12.45361137   38.11989975    0.00000000    0.00000000
   12.45694447  200.88900757    0.00000000    0.00000000
   12.45805550  372.13699341    0.00000000    0.00000000
   12.46027756  296.35998535    0.00000000    0.00000000
   12.46333313  259.14999390    0.00000000    0.00000000
   12.46638870  258.90600586    0.00000000    0.00000000
   12.46972179  293.97000122    0.00000000    0.00000000
   12.47277737  276.86401367    0.00000000    0.00000000
   12.47472191  364.43701172    0.00000000    0.00000000
   12.47611046  334.88800049    0.00000000    0.00000000
   12.47916603  280.67700195    0.00000000    0.00000000
   12.48222160  260.81201172    0.00000000    0.00000000
   12.48555565  172.10800171    0.00000000    0.00000000
   12.48861122   38.31570053    0.00000000    0.00000000
   12.49166679   -1.00000000    0.00000000    0.00000000
   12.49499989   -1.00000000   -1.00000000   -1.00000000
   12.49805546   -1.00000000    0.00000000    0.00000000
   12.50138855   -1.00000000    0.00000000    0.00000000
   12.50444412   -1.00000000    0.00000000    0.00000000
   12.50749969   -1.00000000    0.00000000    0.00000000
   12.51111126   -1.00000000    0.00000000    0.00000000
   12.51416683   -1.00000000    0.00000000    0.00000000
   12.51722240   -1.00000000    0.00000000    0.00000000
   12.52055550   -1.00000000    0.00000000    0.00000000
   12.52361107   -1.00000000    0.00000000    0.00000000
   12.52472210  148.74000549    0.00000000    0.00000000
   12.52694416  228.97099304    0.00000000    0.00000000
   12.52999973  183.88000488    0.00000000    0.00000000
   12.53305531  166.39599609    0.00000000    0.00000000
   12.53611183  171.03599548    0.00000000    0.00000000
   12.53944492  163.48800659    0.00000000    0.00000000
   12.54138947  181.30599976    0.00000000    0.00000000
   12.54277802  180.53599548    0.00000000    0.00000000
   12.54583359  163.04400635    0.00000000    0.00000000
   12.54888916  194.45700073    0.00000000    0.00000000
   12.55222225  161.50799561    0.00000000    0.00000000
   12.55527782  172.74400330    0.00000000    0.00000000
   12.55805588  157.43600464    0.00000000    0.00000000
   12.55861092  180.56900024    0.00000000    0.00000000
   12.56166649  174.88900757    0.00000000    0.00000000
   12.56472206  168.78999329    0.00000000    0.00000000
   12.56805515  172.55499268    0.00000000    0.00000000
   12.57111073  167.40100098    0.00000000    0.00000000
   12.57416630  159.23899841    0.00000000    0.00000000
   12.57472229  141.59500122    0.00000000    0.00000000
   12.57750034  144.75900269    0.00000000    0.00000000
   12.58055592  170.92900085    0.00000000    0.00000000
   12.58361053  152.80099487    0.00000000    0.00000000
   12.58694458  139.71200562    0.00000000    0.00000000
   12.59000015  144.18600464    0.00000000    0.00000000
   12.59138870  172.64599609    0.00000000    0.00000000
   12.59333324  141.02999878    0.00000000    0.00000000
   12.59638882  155.08999634    0.00000000    0.00000000
   12.59944439  145.60899353    0.00000000    0.00000000
   12.60277843  141.41999817    0.00000000    0.00000000
   12.60583401  140.95799255    0.00000000    0.00000000
   12.60805607  161.68499756    0.00000000    0.00000000
   12.60916710  168.19900513    0.00000000    0.00000000
   12.61222267  136.89700317    0.00000000    0.00000000
   12.61527824  152.86900330    0.00000000    0.00000000
   12.61861134  140.80900574    0.00000000    0.00000000
   12.62166691  149.78799438    0.00000000    0.00000000
   12.62472248  159.64599609    0.00000000    0.00000000
   12.62500000  152.84100342    0.00000000    0.00000000
   12.62833309  147.73199463    0.00000000    0.00000000
   12.63138866  156.28300476    0.00000000    0.00000000
   12.63444424  160.15699768    0.00000000    0.00000000
   12.63777733  156.35299683    0.00000000    0.00000000
   12.64083290  145.80000305    0.00000000    0.00000000
   12.64166641  165.73199463    0.00000000    0.00000000
   12.64416695  138.91600037    0.00000000    0.00000000
   12.64722252  157.69400024    0.00000000    0.00000000
   12.65027714  149.71899414    0.00000000    0.00000000
   12.65361118  134.10699463    0.00000000    0.00000000
   12.65666676  150.69900513    0.00000000    0.00000000
   12.65833282  157.17399597    0.00000000    0.00000000
   12.65999985  146.60200500    0.00000000    0.00000000
   12.66305542  154.40299988    0.00000000    0.00000000
   12.66611099  163.78999329    0.00000000    0.00000000
   12.66944504  140.77999878    0.00000000    0.00000000
   12.67250061  139.96299744    0.00000000    0.00000000
   12.67500019  136.18699646    0.00000000    0.00000000
   12.67583370  148.19099426    0.00000000    0.00000000
   12.67888927  148.63000488    0.00000000    0.00000000
   12.68194485  152.84700012    0.00000000    0.00000000
   12.68527794  145.73599243    0.00000000    0.00000000
   12.68833351  121.66899872    0.00000000    0.00000000
   12.69138908  144.91799927    0.00000000    0.00000000
   12.69166660  121.51499939    0.00000000    0.00000000
   12.69472218  141.88299561    0.00000000    0.00000000
   12.69777775  162.89999390    0.00000000    0.00000000
   12.70083332  134.63699341    0.00000000    0.00000000
   12.70416641  137.83399963    0.00000000    0.00000000
   12.70722198  144.46699524    0.00000000    0.00000000
   12.70861053  134.56399536    0.00000000    0.00000000
   12.71055508  139.81599426    0.00000000    0.00000000
   12.71361065  136.24400330    0.00000000    0.00000000
   12.71666622  135.45599365    0.00000000    0.00000000
   12.71999931  145.62899780    0.00000000    0.00000000
   12.72305489  144.02600098    0.00000000    0.00000000
   12.72527695  148.15699768    0.00000000    0.00000000
   12.72638798  142.38600159    0.00000000    0.00000000
   12.72944355  141.57299805    0.00000000    0.00000000
   12.73249912  138.04100037    0.00000000    0.00000000
   12.73583317  124.35399628    0.00000000    0.00000000
   12.73888874  131.75700378    0.00000000    0.00000000
   12.74194431  133.80400085    0.00000000    0.00000000
   12.74222279  138.28199768    0.00000000    0.00000000
   12.74527836  142.04800415    0.00000000    0.00000000
   12.74833393  134.43899536    0.00000000    0.00000000
   12.75166702  331.06201172    0.00000000    0.00000000
   12.75472260  152.50300598    0.00000000    0.00000000
   12.75777817  139.94000244    0.00000000    0.00000000
   12.75861073  132.14799500    0.00000000    0.00000000
   12.76138878  148.16600037    0.00000000    0.00000000
   12.76444435  143.35600281    0.00000000    0.00000000
   12.76777744  140.51300049    0.00000000    0.00000000
   12.77083302  150.02099609    0.00000000    0.00000000
   12.77388859  148.57200623    0.00000000    0.00000000
   12.77527714  147.78300476    0.00000000    0.00000000
   12.77722168  154.75700378    0.00000000    0.00000000
   12.78027725  190.02200317    0.00000000    0.00000000
   12.78361130  166.43699646    0.00000000    0.00000000
   12.78666687  157.38900757    0.00000000    0.00000000
   12.78972244  256.97601318    0.00000000    0.00000000
   12.79194450  186.33799744    0.00000000    0.00000000
   12.79305553  164.38600159    0.00000000    0.00000000
   12.79611111  156.58500671    0.00000000    0.00000000
   12.79944515  155.62899780    0.00000000    0.00000000
   12.80249977  147.68899536    0.00000000    0.00000000
   12.80555534  136.42199707    0.00000000    0.00000000
   12.80861092  139.22200012    0.00000000    0.00000000
   12.80916691  153.92900085    0.00000000    0.00000000
   12.81222248  155.33799744    0.00000000    0.00000000
   12.81527805  146.44200134    0.00000000    0.00000000
   12.81861115  135.58799744    0.00000000    0.00000000
   12.82166672  124.98600006    0.00000000    0.00000000
   12.82472229  144.09399414    0.00000000    0.00000000
   12.82527733  142.27999878    0.00000000    0.00000000
   12.82805538  125.01499939    0.00000000    0.00000000
   12.83111095  133.17100525    0.00000000    0.00000000
   12.85083389  158.22700500    0.00000000    0.00000000
   12.85111141  127.25599670    0.00000000    0.00000000
   12.85444450  129.03199768    0.00000000    0.00000000
   12.85750008  158.52099609    0.00000000    0.00000000
   12.86055565  128.69400024    0.00000000    0.00000000
   12.86388969  140.15899658    0.00000000    0.00000000
   12.86694431  131.11799622    0.00000000    0.00000000
   12.86777782  120.54100037    0.00000000    0.00000000
   12.87027836  141.15699768    0.00000000    0.00000000
   12.87333393  139.15400696    0.00000000    0.00000000
   12.87638855  133.84300232    0.00000000    0.00000000
   12.87972260  131.58299255    0.00000000    0.00000000
   12.88277817  137.82600403    0.00000000    0.00000000
   12.88444424  134.95899963    0.00000000    0.00000000
   12.88611126  129.55299377    0.00000000    0.00000000
   12.88916683  144.59800720    0.00000000    0.00000000
   12.89222240  134.29299927    0.00000000    0.00000000
   12.89555550  162.97900391    0.00000000    0.00000000
   12.89861107  158.62800598    0.00000000    0.00000000
   12.90111065  146.40800476    0.00000000    0.00000000
   12.90194416  135.82600403    0.00000000    0.00000000
   12.90499973  128.32499695    0.00000000    0.00000000
   12.90805531  147.11199951    0.00000000    0.00000000
   12.91138840  144.82299805    0.00000000    0.00000000
   12.91444397  122.16600037    0.00000000    0.00000000
   12.91750050  133.05400085    0.00000000    0.00000000
   12.91777802  141.56300354    0.00000000    0.00000000
   12.92083359  126.46700287    0.00000000    0.00000000
   12.92388916  140.11799622    0.00000000    0.00000000
   12.92694473  134.25599670    0.00000000    0.00000000
   12.93027782  129.81799316    0.00000000    0.00000000
   12.93333340  121.38899994    0.00000000    0.00000000
   12.93444443  133.11500549    0.00000000    0.00000000
   12.93666649  151.83799744    0.00000000    0.00000000
   12.93972206  126.15000153    0.00000000    0.00000000
   12.94277763  120.48400116    0.00000000    0.00000000
   12.94611073  127.20099640    0.00000000    0.00000000
   12.94916630  129.72300720    0.00000000    0.00000000
   12.95138836  149.46000671    0.00000000    0.00000000
   12.95249939  133.85499573    0.00000000    0.00000000
   12.95555496  127.92500305    0.00000000    0.00000000
   12.95861053  130.02699280    0.00000000    0.00000000
   12.96194458  128.11900330    0.00000000    0.00000000
   12.96500015  137.20199585    0.00000000    0.00000000
   12.96777725  121.76999664    0.00000000    0.00000000
   12.96833324  119.69200134    0.00000000    0.00000000
   12.97138882  139.00700378    0.00000000    0.00000000
   12.97444439  145.67900085    0.00000000    0.00000000
   12.97777748  121.92099762    0.00000000    0.00000000
   12.98083305  115.13700104    0.00000000    0.00000000
   12.98388958  126.09400177    0.00000000    0.00000000
   12.98444462  112.90699768    0.00000000    0.00000000
   12.98750019  137.89500427    0.00000000    0.00000000
   12.99055576  122.73899841    0.00000000    0.00000000
   12.99361134  124.13200378    0.00000000    0.00000000
   12.99694443  129.37199402    0.00000000    0.00000000
   13.00000000  115.07900238    0.00000000    0.00000000
   13.00138855  121.72799683    0.00000000    0.00000000
   13.00333309  133.44099426    0.00000000    0.00000000
   13.00666714  143.99899292    0.00000000    0.00000000
   13.00972176  124.19200134    0.00000000    0.00000000
   13.01277733  143.82699585    0.00000000    0.00000000
   13.01611137  142.05299377    0.00000000    0.00000000
   13.01805496  133.41700745    0.00000000    0.00000000
   13.01944447  158.45100403    0.00000000    0.00000000
   13.02250004  138.49200439    0.00000000    0.00000000
   13.02555561  139.45100403    0.00000000    0.00000000
   13.02888870  148.77699280    0.00000000    0.00000000
   13.03194427  161.50399780    0.00000000    0.00000000
   13.03472233  158.91000366    0.00000000    0.00000000
   13.03527832  146.17700195    0.00000000    0.00000000
   13.03833389  173.65499878    0.00000000    0.00000000
   13.04138947  183.71800232    0.00000000    0.00000000
   13.04472256  170.37800598    0.00000000    0.00000000
   13.04777813  150.19599915    0.00000000    0.00000000
   13.05083370  183.30900574    0.00000000    0.00000000
   13.05138874  176.48599243    0.00000000    0.00000000
   13.05416679  165.90299988    0.00000000    0.00000000
   13.05722237  181.02000427    0.00000000    0.00000000
   13.06055546  159.12600708    0.00000000    0.00000000
   13.06361103  153.46000671    0.00000000    0.00000000
   13.06666660  192.80400085    0.00000000    0.00000000
   13.06805515  188.13600159    0.00000000    0.00000000
   13.06999969  183.80900574    0.00000000    0.00000000
   13.07305527  177.47399902    0.00000000    0.00000000
   13.07638836  184.66000366    0.00000000    0.00000000
   13.07944393  171.60000610    0.00000000    0.00000000
   13.08249950  162.82200623    0.00000000    0.00000000
   13.08472157  226.83000183    0.00000000    0.00000000
   13.08583260  196.61399841    0.00000000    0.00000000
   13.08888817  196.55999756    0.00000000    0.00000000
   13.09222221  210.28900146    0.00000000    0.00000000
   13.09527779  235.36700439    0.00000000    0.00000000
   13.09833336  256.21499634    0.00000000    0.00000000
   13.10138893  211.64500427    0.00000000    0.00000000
   13.10166740  213.53799438    0.00000000    0.00000000
   13.10472298  212.49200439    0.00000000    0.00000000
   13.10805607  193.30599976    0.00000000    0.00000000
   13.11111164  208.05499268    0.00000000    0.00000000
   13.11416721  177.46400452    0.00000000    0.00000000
   13.11750031  192.43299866    0.00000000    0.00000000
   13.11805534  195.00100708    0.00000000    0.00000000
   13.12055588  220.07400513    0.00000000    0.00000000
   13.12361145  219.83200073    0.00000000    0.00000000
   13.12694454  210.83999634    0.00000000    0.00000000
   13.13000011  174.82099915    0.00000000    0.00000000
   13.13305569  183.55400085    0.00000000    0.00000000
   13.13472176  183.63000488    0.00000000    0.00000000
   13.13638878  317.45999146    0.00000000    0.00000000
   13.13944435   -1.00000000    0.00000000    0.00000000
   13.14277744   -1.00000000    0.00000000    0.00000000
   13.14583302   -1.00000000    0.00000000    0.00000000
   13.14888859  166.81700134    0.00000000    0.00000000
   13.15138817  166.21400452    0.00000000    0.00000000
   13.15222168  174.66099548    0.00000000    0.00000000
   13.15555477  175.84300232    0.00000000    0.00000000
   13.15861034  156.68400574    0.00000000    0.00000000
   13.16166592  187.93200684    0.00000000    0.00000000
   13.16472149  155.54299927    0.00000000    0.00000000
   13.16805553  175.13699341    0.00000000    0.00000000
   13.16833401  174.62899780    0.00000000    0.00000000
   13.17138958  187.38999939    0.00000000    0.00000000
   13.17472267  159.12199402    0.00000000    0.00000000
   13.17777824  177.58999634    0.00000000    0.00000000
   13.18083382  151.13099670    0.00000000    0.00000000
   13.18416691  152.03500366    0.00000000    0.00000000
   13.18500042  141.86300659    0.00000000    0.00000000
   13.18722248  152.74299622    0.00000000    0.00000000
   13.19055557  135.93600464    0.00000000    0.00000000
   13.19361115  152.14100647    0.00000000    0.00000000
   13.19666672  140.86700439    0.00000000    0.00000000
   13.19999981  143.84700012    0.00000000    0.00000000
   13.20166683  143.74800110    0.00000000    0.00000000
   13.20305538  146.41499329    0.00000000    0.00000000
   13.20638847  173.96899414    0.00000000    0.00000000
   13.20944405  186.86999512    0.00000000    0.00000000
   13.21249962  239.03700256    0.00000000    0.00000000
   13.21583271  122.12000275    0.00000000    0.00000000
   13.21833324  264.44799805    0.00000000    0.00000000
   13.21888828  140.29299927    0.00000000    0.00000000
   13.22222137  113.74500275    0.00000000    0.00000000
   13.22527695  120.29299927    0.00000000    0.00000000
   13.22833252   55.27519989    0.00000000    0.00000000
   13.23166656  141.83299255    0.00000000    0.00000000
   13.23472214  159.65100098    0.00000000    0.00000000
   13.23500061  133.65199280    0.00000000    0.00000000
   13.23805618  155.20700073    0.00000000    0.00000000
   13.24111176  149.97399902    0.00000000    0.00000000
   13.24416733  144.75599670    0.00000000    0.00000000
   13.24750042  266.03201294    0.00000000    0.00000000
   13.25055599  143.60899353    0.00000000    0.00000000
   13.25166702  146.03100586    0.00000000    0.00000000
   13.25361156  133.72900391    0.00000000    0.00000000
   13.25694466  157.32499695    0.00000000    0.00000000
   13.26000023  145.26100159    0.00000000    0.00000000
   13.26305580  134.76600647    0.00000000    0.00000000
   13.26638889  129.24400330    0.00000000    0.00000000
   13.26833344  117.93199921    0.00000000    0.00000000
   13.26944447  115.36399841    0.00000000    0.00000000
   13.27277756  144.83000183    0.00000000    0.00000000
   13.27583313  140.91400146    0.00000000    0.00000000
   13.27888870  133.44799805    0.00000000    0.00000000
   13.28222179  144.29800415    0.00000000    0.00000000
   13.28500080  143.41700745    0.00000000    0.00000000
   13.28527832  146.27299500    0.00000000    0.00000000
   13.28861141  145.37500000    0.00000000    0.00000000
   13.29166698  138.34100342    0.00000000    0.00000000
   13.29472256  159.37399292    0.00000000    0.00000000
   13.29805565  196.00100708    0.00000000    0.00000000
   13.30111122   -1.00000000    0.00000000    0.00000000
   13.30444431   -1.00000000    0.00000000    0.00000000
   13.30749989   -1.00000000    0.00000000    0.00000000
   13.31055546   -1.00000000    0.00000000    0.00000000
   13.31388950   -1.00000000    0.00000000    0.00000000
   13.31694412   -1.00000000    0.00000000    0.00000000
   13.32027817   -1.00000000    0.00000000    0.00000000
   13.32333374   -1.00000000    0.00000000    0.00000000
   13.32638836   -1.00000000    0.00000000    0.00000000
   13.32944393   -1.00000000    0.00000000    0.00000000
   13.33277798   -1.00000000    0.00000000    0.00000000
   13.33611107   -1.00000000    0.00000000    0.00000000
   13.33916664   -1.00000000    0.00000000    0.00000000
   13.34222221   -1.00000000    0.00000000    0.00000000
   13.34527779   -1.00000000    0.00000000    0.00000000
   13.34861088   -1.00000000    0.00000000    0.00000000
   13.35166740   -1.00000000    0.00000000    0.00000000
   13.35527802   -1.00000000    0.00000000    0.00000000
   13.35833359   -1.00000000    0.00000000    0.00000000
   13.36138916   -1.00000000    0.00000000    0.00000000
   13.36472225   -1.00000000    0.00000000    0.00000000
   13.36777782   -1.00000000    0.00000000    0.00000000
   13.37111092   -1.00000000    0.00000000    0.00000000
   13.37416649   -1.00000000    0.00000000    0.00000000
   13.37722206   -1.00000000    0.00000000    0.00000000
   13.38055611   -1.00000000    0.00000000    0.00000000
   13.38361073   -1.00000000    0.00000000    0.00000000
   13.38694477   -1.00000000    0.00000000    0.00000000
   13.39000034   -1.00000000    0.00000000    0.00000000
   13.39305496   -1.00000000    0.00000000    0.00000000
   13.39638901   -1.00000000    0.00000000    0.00000000
   13.39944458   -1.00000000    0.00000000    0.00000000
   13.40277767   -1.00000000    0.00000000    0.00000000
   13.40583324   -1.00000000    0.00000000    0.00000000
   13.40888882   -1.00000000    0.00000000    0.00000000
   13.41194439   -1.00000000    0.00000000    0.00000000
   13.41527748   -1.00000000    0.00000000    0.00000000
   13.41833401   -1.00000000    0.00000000    0.00000000
   13.42166710   -1.00000000    0.00000000    0.00000000
   13.42472267   -1.00000000    0.00000000    0.00000000
   13.42777824   -1.00000000    0.00000000    0.00000000
   13.43111134   -1.00000000    0.00000000    0.00000000
   13.43416691   -1.00000000    0.00000000    0.00000000
   13.43750000   -1.00000000    0.00000000    0.00000000
   13.44055557   -1.00000000    0.00000000    0.00000000
   13.44361115   -1.00000000    0.00000000    0.00000000
   13.44694424   -1.00000000    0.00000000    0.00000000
   13.44999981   -1.00000000    0.00000000    0.00000000
   13.45333290   -1.00000000    0.00000000    0.00000000
   13.45638847   -1.00000000    0.00000000    0.00000000
   13.45944405   -1.00000000    0.00000000    0.00000000
   13.46277714   -1.00000000    0.00000000    0.00000000
   13.46583271   -1.00000000    0.00000000    0.00000000
   13.46916580   -1.00000000    0.00000000    0.00000000
   13.47222137   -1.00000000    0.00000000    0.00000000
   13.47527695   -1.00000000    0.00000000    0.00000000
   13.47861099   -1.00000000    0.00000000    0.00000000
   13.48166656   -1.00000000    0.00000000    0.00000000
   13.48472214   -1.00000000    0.00000000    0.00000000
   13.48805618   -1.00000000    0.00000000    0.00000000
   13.49111176   -1.00000000    0.00000000    0.00000000
   13.49416733   -1.00000000    0.00000000    0.00000000
   13.49750042   -1.00000000    0.00000000    0.00000000
   13.50055599   -1.00000000    0.00000000    0.00000000
   13.50416660   -1.00000000    0.00000000    0.00000000
   13.50722218   -1.00000000    0.00000000    0.00000000
   13.51055527   -1.00000000    0.00000000    0.00000000
   13.51361084   -1.00000000    0.00000000    0.00000000
   13.51666641   -1.00000000    0.00000000    0.00000000
   13.52027798   -1.00000000    0.00000000    0.00000000
   13.52333355   -1.00000000    0.00000000    0.00000000
   13.52638817   -1.00000000    0.00000000    0.00000000
   13.52972221   -1.00000000    0.00000000    0.00000000
   13.53277779   -1.00000000    0.00000000    0.00000000
   13.53611183   -1.00000000    0.00000000    0.00000000
   13.53916740   -1.00000000    0.00000000    0.00000000
   13.54222298   -1.00000000    0.00000000    0.00000000
   13.54555607   -1.00000000    0.00000000    0.00000000
   13.54861164   -1.00000000    0.00000000    0.00000000
   13.55249977   -1.00000000    0.00000000    0.00000000
   13.55611134   -1.00000000    0.00000000    0.00000000
   13.55916691   -1.00000000    0.00000000    0.00000000
   13.56277752   -1.00000000    0.00000000    0.00000000
   13.56583309   -1.00000000    0.00000000    0.00000000
   13.56888866   -1.00000000    0.00000000    0.00000000
   13.57222176   -1.00000000    0.00000000    0.00000000
   13.57527733   -1.00000000    0.00000000    0.00000000
   13.57861137   -1.00000000    0.00000000    0.00000000
   13.58166695   -1.00000000    0.00000000    0.00000000
   13.58472157   -1.00000000    0.00000000    0.00000000
   13.58805561   -1.00000000    0.00000000    0.00000000
   13.59111118   -1.00000000    0.00000000    0.00000000
   13.59444427   -1.00000000    0.00000000    0.00000000
   13.59749985   -1.00000000    0.00000000    0.00000000
   13.71583271  212.24800110    0.00000000    0.00000000
   13.71888828  163.90400696    0.00000000    0.00000000
   13.72222137  151.50900269    0.00000000    0.00000000
   13.72527695   -1.00000000    0.00000000    0.00000000
   13.72833252   -1.00000000    0.00000000    0.00000000
   13.73166656   -1.00000000    0.00000000    0.00000000
   13.73472214   -1.00000000    0.00000000    0.00000000
   13.73805618   -1.00000000    0.00000000    0.00000000
   13.74111176   -1.00000000    0.00000000    0.00000000
   13.74416733   -1.00000000    0.00000000    0.00000000
   13.74750042   -1.00000000    0.00000000    0.00000000
   13.75055599   -1.00000000    0.00000000    0.00000000
   13.75388908   -1.00000000    0.00000000    0.00000000
   13.75694466   -1.00000000    0.00000000    0.00000000
   13.76000023   -1.00000000    0.00000000    0.00000000
   13.76277733  120.20500183    0.00000000    0.00000000
   13.76333332  130.58799744    0.00000000    0.00000000
   13.76638889  138.61399841    0.00000000    0.00000000
   13.76972198  128.89999390    0.00000000    0.00000000
   13.77277756  132.32299805    0.00000000    0.00000000
   13.77583313  132.27600098    0.00000000    0.00000000
   13.77916622  144.38499451    0.00000000    0.00000000
   13.77944374  128.33700562    0.00000000    0.00000000
   13.78222179  166.29200745    0.00000000    0.00000000
   13.78527832  130.72200012    0.00000000    0.00000000
   13.78861141  116.92600250    0.00000000    0.00000000
   13.79166698  128.85899353    0.00000000    0.00000000
   13.79472256  166.09800720    0.00000000    0.00000000
   13.79611111  128.19500732    0.00000000    0.00000000
   13.79805565  153.20599365    0.00000000    0.00000000
   13.80111122  135.46400452    0.00000000    0.00000000
   13.80444431  136.50399780    0.00000000    0.00000000
   13.80749989  115.54799652    0.00000000    0.00000000
   13.81055546  129.05599976    0.00000000    0.00000000
   13.81277752  168.47900391    0.00000000    0.00000000
   13.81388950  188.74499512    0.00000000    0.00000000
   13.81694412  201.45599365    0.00000000    0.00000000
   13.82027817  157.12800598    0.00000000    0.00000000
   13.82333374  112.68900299    0.00000000    0.00000000
   13.82638836  117.44999695    0.00000000    0.00000000
   13.82944393  131.34399414    0.00000000    0.00000000
   13.82972240  120.63200378    0.00000000    0.00000000
   13.83277798  130.49899292    0.00000000    0.00000000
   13.83611107  110.40200043    0.00000000    0.00000000
   13.83916664  119.34799957    0.00000000    0.00000000
   13.84222221   98.82119751    0.00000000    0.00000000
   13.84555531  112.52400208    0.00000000    0.00000000
   13.84611034  108.95600128    0.00000000    0.00000000
   13.84861088  147.57800293    0.00000000    0.00000000
   13.85194492  165.60899353    0.00000000    0.00000000
   13.85500050  123.48400116    0.00000000    0.00000000
   13.85805607  118.40499878    0.00000000    0.00000000
   13.86138916  108.84500122    0.00000000    0.00000000
   13.86277771  116.20700073    0.00000000    0.00000000
   13.86444473  136.71099854    0.00000000    0.00000000
   13.86777782   71.33499908    0.00000000    0.00000000
   13.87083340   -1.00000000    0.00000000    0.00000000
   13.87388897  115.78099823    0.00000000    0.00000000
   13.87694454  123.05400085    0.00000000    0.00000000
   13.87944412  129.66099548    0.00000000    0.00000000
   13.88027763  136.45899963    0.00000000    0.00000000
   13.88361073  110.56999969    0.00000000    0.00000000
   13.88666630  114.62300110    0.00000000    0.00000000
   13.88972187  106.33399963    0.00000000    0.00000000
   13.89277744  108.90899658    0.00000000    0.00000000
   13.89611053  116.09100342    0.00000000    0.00000000
   13.89638901  106.55200195    0.00000000    0.00000000
   13.89944458  103.08899689    0.00000000    0.00000000
   13.90277767  107.40100098    0.00000000    0.00000000
   13.90583324   99.71350098    0.00000000    0.00000000
   13.90888882  111.40399933    0.00000000    0.00000000
   13.91222191  103.70899963    0.00000000    0.00000000
   13.91305542  109.19599915    0.00000000    0.00000000
   13.91527748  105.50299835    0.00000000    0.00000000
   13.91861153   97.60479736    0.00000000    0.00000000
   13.92166710  111.83999634    0.00000000    0.00000000
   13.92472267  100.12699890    0.00000000    0.00000000
   13.92805576   99.09500122    0.00000000    0.00000000
   13.92972279  115.46600342    0.00000000    0.00000000
   13.93111134   99.95130157    0.00000000    0.00000000
   13.93444443  113.95099640    0.00000000    0.00000000
   13.93750000  117.90100098    0.00000000    0.00000000
   13.94055557  108.02600098    0.00000000    0.00000000
   13.94388866  107.39499664    0.00000000    0.00000000
   13.94638920  105.72699738    0.00000000    0.00000000
   13.94694424  104.70999908    0.00000000    0.00000000
   13.95027733  103.10700226    0.00000000    0.00000000
   13.95333290  114.69499969    0.00000000    0.00000000
   13.95638847   94.82869720    0.00000000    0.00000000
   13.95972157  115.75700378    0.00000000    0.00000000
   13.96277714  101.00900269    0.00000000    0.00000000
   13.96305561  103.36900330    0.00000000    0.00000000
   13.96583271  108.56099701    0.00000000    0.00000000
   13.96916580  103.80100250    0.00000000    0.00000000
   13.97222137  103.48100281    0.00000000    0.00000000
   13.97527695  104.30100250    0.00000000    0.00000000
   13.97861099  101.99700165    0.00000000    0.00000000
   13.97972202  103.12300110    0.00000000    0.00000000
   13.98166656  109.03099823    0.00000000    0.00000000
   13.98500061  112.13200378    0.00000000    0.00000000
   13.98805618  106.81900024    0.00000000    0.00000000
   13.99111176   96.27940369    0.00000000    0.00000000
   13.99444485   98.53980255    0.00000000    0.00000000
   13.99638939  115.81500244    0.00000000    0.00000000
   13.99750042  103.93199921    0.00000000    0.00000000
   14.00083351  103.25800323    0.00000000    0.00000000
   14.00388908  109.22799683    0.00000000    0.00000000
   14.00722218  133.14999390    0.00000000    0.00000000
   14.01027775  110.06999969    0.00000000    0.00000000
   14.01305580   96.10510254    0.00000000    0.00000000
   14.01361084  108.23699951    0.00000000    0.00000000
   14.01694393  113.04699707    0.00000000    0.00000000
   14.01999950  121.87100220    0.00000000    0.00000000
   14.02305508  116.94999695    0.00000000    0.00000000
   14.02638817  113.02200317    0.00000000    0.00000000
   14.02944374  114.07800293    0.00000000    0.00000000
   14.02972221  108.25700378    0.00000000    0.00000000
   14.03249931  102.29000092    0.00000000    0.00000000
   14.03583336  109.85900116    0.00000000    0.00000000
   14.03888893  105.19000244    0.00000000    0.00000000
   14.04194450  101.48699951    0.00000000    0.00000000
   14.04527855  115.21299744    0.00000000    0.00000000
   14.04638958  108.14099884    0.00000000    0.00000000
   14.04833412  109.31500244    0.00000000    0.00000000
   14.05166721  110.69499969    0.00000000    0.00000000
   14.05472279  107.75399780    0.00000000    0.00000000
   14.05805588  108.63300323    0.00000000    0.00000000
   14.06138897  114.56199646    0.00000000    0.00000000
   14.06333351  106.16000366    0.00000000    0.00000000
   14.06472206  114.65699768    0.00000000    0.00000000
   14.06805515  111.02500153    0.00000000    0.00000000
   14.07138920  110.02200317    0.00000000    0.00000000
   14.07444477  108.58100128    0.00000000    0.00000000
   14.07750034   95.89119720    0.00000000    0.00000000
   14.07972240  102.79399872    0.00000000    0.00000000
   14.08083344  110.72000122    0.00000000    0.00000000
   14.08416653  106.43199921    0.00000000    0.00000000
   14.08722210  105.32399750    0.00000000    0.00000000
   14.09027767  109.60399628    0.00000000    0.00000000
   14.09361076  109.56800079    0.00000000    0.00000000
   14.09638882  104.33599854    0.00000000    0.00000000
   14.09666634  105.23799896    0.00000000    0.00000000
   14.10000038  116.08300018    0.00000000    0.00000000
   14.10305595  107.63800049    0.00000000    0.00000000
   14.10611153  107.07399750    0.00000000    0.00000000
   14.10944462  100.79199982    0.00000000    0.00000000
   14.11250019  101.80699921    0.00000000    0.00000000
   14.11305618  107.69899750    0.00000000    0.00000000
   14.11555576  104.48200226    0.00000000    0.00000000
   14.11888885  102.83499908    0.00000000    0.00000000
   14.12194443  107.85600281    0.00000000    0.00000000
   14.12500000  100.26799774    0.00000000    0.00000000
   14.12833309  100.99199677    0.00000000    0.00000000
   14.12972260  101.14199829    0.00000000    0.00000000
   14.13138866  106.39199829    0.00000000    0.00000000
   14.13472176   96.51879883    0.00000000    0.00000000
   14.13777733   95.65080261    0.00000000    0.00000000
   14.14083290  104.79299927    0.00000000    0.00000000
   14.14416695   98.61550140    0.00000000    0.00000000
   14.14638901   95.38289642    0.00000000    0.00000000
   14.14722252   93.68029785    0.00000000    0.00000000
   14.15055561  102.15499878    0.00000000    0.00000000
   14.15361118  115.11699677    0.00000000    0.00000000
   14.15694427  108.00700378    0.00000000    0.00000000
   14.15999985  101.86699677    0.00000000    0.00000000
   14.16305542  105.86900330    0.00000000    0.00000000
   14.16333294  103.20099640    0.00000000    0.00000000
   14.16666698  106.13700104    0.00000000    0.00000000
   14.16972256  111.13200378    0.00000000    0.00000000
   14.17277813  106.29699707    0.00000000    0.00000000
   14.17611122  116.63200378    0.00000000    0.00000000
   14.17916679  105.68099976    0.00000000    0.00000000
   14.18000031  107.01799774    0.00000000    0.00000000
   14.18249989  112.64800262    0.00000000    0.00000000
   14.18555546  106.39199829    0.00000000    0.00000000
   14.18861103  107.02600098    0.00000000    0.00000000
   14.19194412   98.96980286    0.00000000    0.00000000
   14.19499969  109.63600159    0.00000000    0.00000000
   14.19666672  103.24500275    0.00000000    0.00000000
   14.19833374  102.20400238    0.00000000    0.00000000
   14.20138836  114.30200195    0.00000000    0.00000000
   14.20444393  105.86499786    0.00000000    0.00000000
   14.20777798  120.76999664    0.00000000    0.00000000
   14.21083355  100.72000122    0.00000000    0.00000000
   14.21333313   99.65360260    0.00000000    0.00000000
   14.21416664  106.10399628    0.00000000    0.00000000
   14.21722221  100.10700226    0.00000000    0.00000000
   14.22027779  104.83200073    0.00000000    0.00000000
   14.22361088   98.49469757    0.00000000    0.00000000
   14.22666645  105.11199951    0.00000000    0.00000000
   14.22972202  102.49199677    0.00000000    0.00000000
   14.22999954  103.56099701    0.00000000    0.00000000
   14.23305511  106.85600281    0.00000000    0.00000000
   14.23611164  105.91100311    0.00000000    0.00000000
   14.23916721  105.32900238    0.00000000    0.00000000
   14.24250031  122.01200104    0.00000000    0.00000000
   14.24555588  109.69499969    0.00000000    0.00000000
   14.24666691  109.96800232    0.00000000    0.00000000
   14.24888897  111.53399658    0.00000000    0.00000000
   14.25194454  114.31500244    0.00000000    0.00000000
   14.25500011  109.49800110    0.00000000    0.00000000
   14.25833321  115.92299652    0.00000000    0.00000000
   14.26138878  108.50399780    0.00000000    0.00000000
   14.26333332  107.60299683    0.00000000    0.00000000
   14.26472187  104.36699677    0.00000000    0.00000000
   14.26777744  107.06900024    0.00000000    0.00000000
   14.27083302  118.17500305    0.00000000    0.00000000
   14.27416611  109.52300262    0.00000000    0.00000000
   14.27722168  104.76699829    0.00000000    0.00000000
   14.28027725  102.50299835    0.00000000    0.00000000
   14.28055573  108.09899902    0.00000000    0.00000000
   14.28361130  101.93399811    0.00000000    0.00000000
   14.28666687  101.28700256    0.00000000    0.00000000
   14.29000092  100.19599915    0.00000000    0.00000000
   14.29305553  105.96499634    0.00000000    0.00000000
   14.29611111   97.30699921    0.00000000    0.00000000
   14.29694462  110.11699677    0.00000000    0.00000000
   14.29972267  107.62599945    0.00000000    0.00000000
   14.30277824  107.97499847    0.00000000    0.00000000
   14.30583382  116.06199646    0.00000000    0.00000000
   14.30916691  103.73699951    0.00000000    0.00000000
   14.31222248  100.29199982    0.00000000    0.00000000
   14.31361103  100.71399689    0.00000000    0.00000000
   14.31555557  109.41400146    0.00000000    0.00000000
   14.31861115  102.66400146    0.00000000    0.00000000
   14.32166672   97.56690216    0.00000000    0.00000000
   14.32499981  101.54199982    0.00000000    0.00000000
   14.32805538  109.78700256    0.00000000    0.00000000
   14.33027744  102.92500305    0.00000000    0.00000000
   14.33138847  108.15100098    0.00000000    0.00000000
   14.33444405   97.75859833    0.00000000    0.00000000
   14.33749962  111.45600128    0.00000000    0.00000000
   14.34083271  100.42199707    0.00000000    0.00000000
   14.34388828  105.79299927    0.00000000    0.00000000
   14.34694386  104.20899963    0.00000000    0.00000000
   14.34722233  103.03700256    0.00000000    0.00000000
   14.35027790  116.25700378    0.00000000    0.00000000
   14.35333347  107.54499817    0.00000000    0.00000000
   14.35666752  107.47599792    0.00000000    0.00000000
   14.35972214  111.63300323    0.00000000    0.00000000
   14.36277771  103.64600372    0.00000000    0.00000000
   14.36361122  106.02700043    0.00000000    0.00000000
   14.36611176  101.02400208    0.00000000    0.00000000
   14.36916637  107.25700378    0.00000000    0.00000000
   14.37250042   99.24240112    0.00000000    0.00000000
   14.37555599   95.61769867    0.00000000    0.00000000
   14.37861156  102.11900330    0.00000000    0.00000000
   14.38027763  104.81900024    0.00000000    0.00000000
   14.38194466   96.10420227    0.00000000    0.00000000
   14.38500023  106.84799957    0.00000000    0.00000000
   14.38805580  128.00999451    0.00000000    0.00000000
   14.39138889  113.86199951    0.00000000    0.00000000
   14.39444447  134.95899963    0.00000000    0.00000000
   14.39694405  109.51200104    0.00000000    0.00000000
   14.39777756  121.00800323    0.00000000    0.00000000
   14.40083313  113.83899689    0.00000000    0.00000000
   14.40388870  112.16100311    0.00000000    0.00000000
   14.40722179  117.13999939    0.00000000    0.00000000
   14.41027737   94.12879944    0.00000000    0.00000000
   14.41361046  114.64700317    0.00000000    0.00000000
   14.41388893  105.21600342    0.00000000    0.00000000
   14.41694450  104.52400208    0.00000000    0.00000000
   14.42000008  106.00299835    0.00000000    0.00000000
   14.42333412  111.87699890    0.00000000    0.00000000
   14.42638874  108.33599854    0.00000000    0.00000000
   14.42944431  111.63300323    0.00000000    0.00000000
   14.43055630  102.10099792    0.00000000    0.00000000
   14.43277836  104.86900330    0.00000000    0.00000000
   14.43583298  105.19899750    0.00000000    0.00000000
   14.43916702  179.28500366    0.00000000    0.00000000
   14.44222260   -1.00000000    0.00000000    0.00000000
   14.44527817   -1.00000000    0.00000000    0.00000000
   14.44861126   -1.00000000    0.00000000    0.00000000
   14.45166683   -1.00000000    0.00000000    0.00000000
   14.45499992   -1.00000000    0.00000000    0.00000000
   14.45805550   -1.00000000    0.00000000    0.00000000
   14.46111107   -1.00000000    0.00000000    0.00000000
   14.46444416   -1.00000000    0.00000000    0.00000000
   14.46749973   -1.00000000    0.00000000    0.00000000
   14.47083282   -1.00000000    0.00000000    0.00000000
   14.47388840   -1.00000000    0.00000000    0.00000000
   14.47694397   -1.00000000    0.00000000    0.00000000
   14.48027706   -1.00000000    0.00000000    0.00000000
   14.48333359   -1.00000000    0.00000000    0.00000000
   14.48638916   -1.00000000    0.00000000    0.00000000
   14.48972225   -1.00000000    0.00000000    0.00000000
   14.49277782   -1.00000000    0.00000000    0.00000000
   14.49583340   -1.00000000    0.00000000    0.00000000
   14.52916622  199.60499573    0.00000000    0.00000000
   14.53305531  183.78399658    0.00000000    0.00000000
   14.53638935  107.78700256    0.00000000    0.00000000
   14.53944492  112.11000061    0.00000000    0.00000000
   14.54250050  102.06199646    0.00000000    0.00000000
   14.54583359  106.33399963    0.00000000    0.00000000
   14.54611111   99.54260254    0.00000000    0.00000000
   14.55194473  100.47100067    0.00000000    0.00000000
   14.55527782  103.84400177    0.00000000    0.00000000
   14.55833340   95.08850098    0.00000000    0.00000000
   14.56138897   97.33129883    0.00000000    0.00000000
   14.56277752   97.64759827    0.00000000    0.00000000
   14.56472206  106.16799927    0.00000000    0.00000000
   14.56777763  102.93199921    0.00000000    0.00000000
   14.57111073  101.64099884    0.00000000    0.00000000
   14.57416630  106.03199768    0.00000000    0.00000000
   14.57722187  110.60800171    0.00000000    0.00000000
   14.57944393   89.96929932    0.00000000    0.00000000
   14.58055592   99.02239990    0.00000000    0.00000000
   14.58388901  100.84500122    0.00000000    0.00000000
   14.58694458   92.76100159    0.00000000    0.00000000
   14.59000015   -1.00000000    0.00000000    0.00000000
   14.59333324   -1.00000000    0.00000000    0.00000000
   14.59638882   -1.00000000    0.00000000    0.00000000
   14.59944439   -1.00000000    0.00000000    0.00000000
   14.60277843   -1.00000000    0.00000000    0.00000000
   14.60583401   -1.00000000    0.00000000    0.00000000
   14.60888958   -1.00000000    0.00000000    0.00000000
   14.61222267   -1.00000000    0.00000000    0.00000000
   14.61555576   -1.00000000    0.00000000    0.00000000
   14.61888885   -1.00000000    0.00000000    0.00000000
   14.66444397  122.50199890    0.00000000    0.00000000
   14.66750050   94.44719696    0.00000000    0.00000000
   14.67083359  130.43699646    0.00000000    0.00000000
   14.67388916  106.18099976    0.00000000    0.00000000
   14.67694473  120.59200287    0.00000000    0.00000000
   14.68000031  231.27699280    0.00000000    0.00000000
   14.68111134  138.38200378    0.00000000    0.00000000
   14.68333340   96.82430267    0.00000000    0.00000000
   14.68666649  103.30200195    0.00000000    0.00000000
   14.68972206   99.90730286    0.00000000    0.00000000
   14.69277763  103.76799774    0.00000000    0.00000000
   14.69583321  106.01399994    0.00000000    0.00000000
   14.69777775  105.30999756    0.00000000    0.00000000
   14.69916630   98.71939850    0.00000000    0.00000000
   14.70222187  107.61900330    0.00000000    0.00000000
   14.70555496   98.72409821    0.00000000    0.00000000
   14.70861053   98.72229767    0.00000000    0.00000000
   14.71166611  109.76699829    0.00000000    0.00000000
   14.71444416   97.11959839    0.00000000    0.00000000
   14.71500015   98.73729706    0.00000000    0.00000000
   14.71833324  112.07399750    0.00000000    0.00000000
   14.72138882  106.44899750    0.00000000    0.00000000
   14.72444439  103.23799896    0.00000000    0.00000000
   14.72777748  110.60299683    0.00000000    0.00000000
   14.73083305   95.38150024    0.00000000    0.00000000
   14.73111057  111.82099915    0.00000000    0.00000000
   14.73388958   89.33830261    0.00000000    0.00000000
   14.73722267   -1.00000000    0.00000000    0.00000000
   14.74027824   -1.00000000    0.00000000    0.00000000
   14.74333382   -1.00000000    0.00000000    0.00000000
   14.74666691   -1.00000000    0.00000000    0.00000000
   14.74972248   -1.00000000    0.00000000    0.00000000
   14.75305557   -1.00000000    0.00000000    0.00000000
   14.75611115   -1.00000000    0.00000000    0.00000000
   14.75916672   -1.00000000    0.00000000    0.00000000
   14.76249981   -1.00000000    0.00000000    0.00000000
   14.76555538   -1.00000000    0.00000000    0.00000000
   14.76888847   -1.00000000    0.00000000    0.00000000
   14.77194405   -1.00000000    0.00000000    0.00000000
   14.77499962   -1.00000000    0.00000000    0.00000000
   14.77833271   -1.00000000    0.00000000    0.00000000
   14.78138828   -1.00000000    0.00000000    0.00000000
   14.78472233   -1.00000000    0.00000000    0.00000000
   14.78777790   -1.00000000    0.00000000    0.00000000
   14.79083347   -1.00000000    0.00000000    0.00000000
   14.79416752   -1.00000000    0.00000000    0.00000000
   14.79722309   -1.00000000    0.00000000    0.00000000
   14.80083370   -1.00000000    0.00000000    0.00000000
   14.80388927   -1.00000000    0.00000000    0.00000000
   14.80694485   -1.00000000    0.00000000    0.00000000
   14.81000042   -1.00000000    0.00000000    0.00000000
   15.46111107  102.27400208    0.00000000    0.00000000
   15.46444416  104.59200287    0.00000000    0.00000000
   15.46749973  100.97599792    0.00000000    0.00000000
   15.47055531  106.34200287    0.00000000    0.00000000
   15.47388840  102.68000031    0.00000000    0.00000000
   15.47694397  106.86000061    0.00000000    0.00000000
   15.47777748  101.98200226    0.00000000    0.00000000
   15.47999954  104.89199829    0.00000000    0.00000000
   15.48333359   97.39209747    0.00000000    0.00000000
   15.48638916  109.25099945    0.00000000    0.00000000
   15.48944473  105.86100006    0.00000000    0.00000000
   15.49277782   99.49549866    0.00000000    0.00000000
   15.49444485  108.10199738    0.00000000    0.00000000
   15.49583340  105.67800140    0.00000000    0.00000000
   15.49916649  114.42400360    0.00000000    0.00000000
   15.50222206  105.13600159    0.00000000    0.00000000
   15.50527763  102.85800171    0.00000000    0.00000000
   15.50861073   86.03669739    0.00000000    0.00000000
   15.51111126  102.46199799    0.00000000    0.00000000
   15.51166630  106.25399780    0.00000000    0.00000000
   15.51500034  101.60299683    0.00000000    0.00000000
   15.51805496   99.13749695    0.00000000    0.00000000
   15.52111053   97.66089630    0.00000000    0.00000000
   15.52444458   95.53869629    0.00000000    0.00000000
   15.52750015  129.42599487    0.00000000    0.00000000
   15.52777767  119.31600189    0.00000000    0.00000000
   15.53083324   94.64969635    0.00000000    0.00000000
   15.53388977   96.20210266    0.00000000    0.00000000
   15.53694534   89.18630219    0.00000000    0.00000000
   15.54027843   93.97920227    0.00000000    0.00000000
   15.54333401   90.76560211    0.00000000    0.00000000
   15.54444504  108.45600128    0.00000000    0.00000000
   15.54666710  109.11100006    0.00000000    0.00000000
   15.54972267   83.74220276    0.00000000    0.00000000
   15.55277824   87.66200256    0.00000000    0.00000000
   15.55583382   91.37370300    0.00000000    0.00000000
   15.55916691   85.58249664    0.00000000    0.00000000
   15.56111145   97.54470062    0.00000000    0.00000000
   15.56222248   87.61869812    0.00000000    0.00000000
   15.56555557   -1.00000000    0.00000000    0.00000000
   15.56861115   -1.00000000    0.00000000    0.00000000
   15.57166672   -1.00000000    0.00000000    0.00000000
   18.60944557   -1.00000000    0.00000000    0.00000000
   18.61250114   -1.00000000    0.00000000    0.00000000
   18.61583328   -1.00000000    0.00000000    0.00000000
   18.61888885   -1.00000000    0.00000000    0.00000000
   18.62194443   -1.00000000    0.00000000    0.00000000
   18.62527847   -1.00000000    0.00000000    0.00000000
   18.62833405   -1.00000000    0.00000000    0.00000000
   18.63166618   -1.00000000    0.00000000    0.00000000
   18.63472176   -1.00000000    0.00000000    0.00000000
   18.63777733   -1.00000000    0.00000000    0.00000000
   18.64111137   -1.00000000    0.00000000    0.00000000
   18.64416695   -1.00000000    0.00000000    0.00000000
   18.64749908   -1.00000000    0.00000000    0.00000000
   18.65055466   -1.00000000    0.00000000    0.00000000
   18.65361023   -1.00000000    0.00000000    0.00000000
   18.65694427   -1.00000000    0.00000000    0.00000000
   18.65999985   -1.00000000    0.00000000    0.00000000
   18.66333389   -1.00000000    0.00000000    0.00000000
   18.66638756   -1.00000000    0.00000000    0.00000000
   18.66944313   -1.00000000    0.00000000    0.00000000
   18.67277718   -1.00000000    0.00000000    0.00000000
   18.67583275   -1.00000000    0.00000000    0.00000000
   18.67888832   -1.00000000    0.00000000    0.00000000
   18.68222237   -1.00000000    0.00000000    0.00000000
   18.68527603   -1.00000000    0.00000000    0.00000000
   18.68833160   -1.00000000    0.00000000    0.00000000
   18.69166565   -1.00000000    0.00000000    0.00000000
   18.69472122   -1.00000000    0.00000000    0.00000000
   18.69805527   -1.00000000    0.00000000    0.00000000
   18.70111275   -1.00000000    0.00000000    0.00000000
   18.70416832   -1.00000000    0.00000000    0.00000000
   18.70750046   -1.00000000    0.00000000    0.00000000
   18.71055603   -1.00000000    0.00000000    0.00000000
   18.71389008   -1.00000000    0.00000000    0.00000000
   18.71694565   -1.00000000    0.00000000    0.00000000
   18.72000122   -1.00000000    0.00000000    0.00000000
   18.72333336   -1.00000000    0.00000000    0.00000000
   18.72638893   -1.00000000    0.00000000    0.00000000
   18.72972298   -1.00000000    0.00000000    0.00000000
   18.73277855   -1.00000000    0.00000000    0.00000000
   18.73583412   -1.00000000    0.00000000    0.00000000
   18.73916626   -1.00000000    0.00000000    0.00000000
   18.74250031   -1.00000000    0.00000000    0.00000000
   18.74555588   -1.00000000    0.00000000    0.00000000
   18.74888992   -1.00000000    0.00000000    0.00000000
   18.75194359   -1.00000000    0.00000000    0.00000000
   18.75527763   -1.00000000    0.00000000    0.00000000
   18.75833321   -1.00000000    0.00000000    0.00000000
   18.76138878   -1.00000000    0.00000000    0.00000000
   18.76472282   -1.00000000    0.00000000    0.00000000
   18.76777840   -1.00000000    0.00000000    0.00000000
   18.77083397   -1.00000000    0.00000000    0.00000000
   18.77416611   -1.00000000    0.00000000    0.00000000
   18.77750015  203.52900696    0.00000000    0.00000000
   18.78055573  154.20300293    0.00000000    0.00000000
   18.78361130  124.97299957    0.00000000    0.00000000
   18.78666687  152.38299561    0.00000000    0.00000000
   18.78972244  125.58899689    0.00000000    0.00000000
   18.78999901  134.82499695    0.00000000    0.00000000
   18.79305458  132.76499939    0.00000000    0.00000000
   18.79638863  125.18499756    0.00000000    0.00000000
   18.79944420  115.00700378    0.00000000    0.00000000
   18.80249977  124.50599670    0.00000000    0.00000000
   18.80583191  118.07299805    0.00000000    0.00000000
   18.80638885  115.00000000    0.00000000    0.00000000
   18.80916595  104.98699951    0.00000000    0.00000000
   18.81250000  106.25399780    0.00000000    0.00000000
   18.81555557  107.88200378    0.00000000    0.00000000
   18.81861115  100.79199982    0.00000000    0.00000000
   18.82194519  104.34799957    0.00000000    0.00000000
   18.82305717   98.57479858    0.00000000    0.00000000
   18.82500076  104.72399902    0.00000000    0.00000000
   18.82833481  108.46399689    0.00000000    0.00000000
   18.83139038  104.02899933    0.00000000    0.00000000
   18.83444595  105.34600067    0.00000000    0.00000000
   18.83777809   99.62539673    0.00000000    0.00000000
   18.83972359  107.07700348    0.00000000    0.00000000
   18.84083366  113.73200226    0.00000000    0.00000000
   18.84416771  104.57299805    0.00000000    0.00000000
   18.84722328  138.59800720    0.00000000    0.00000000
   18.85055542  126.31099701    0.00000000    0.00000000
   18.85361099  120.35900116    0.00000000    0.00000000
   18.85639000  103.07700348    0.00000000    0.00000000
   18.85694504  112.06500244    0.00000000    0.00000000
   18.86027908   94.12550354    0.00000000    0.00000000
   18.86333466  119.39700317    0.00000000    0.00000000
   18.86638832  106.66899872    0.00000000    0.00000000
   18.86972237   88.06710052    0.00000000    0.00000000
   18.87277794  100.35099792    0.00000000    0.00000000
   18.87305641  107.00499725    0.00000000    0.00000000
   18.87583351   99.12779999    0.00000000    0.00000000
   18.87916756  130.83500671    0.00000000    0.00000000
   18.88222313  135.26600647    0.00000000    0.00000000
   18.88527679  143.11500549    0.00000000    0.00000000
   18.88861084  142.65800476    0.00000000    0.00000000
   18.88972282  144.98300171    0.00000000    0.00000000
   18.89194489  146.34899902    0.00000000    0.00000000
   18.89500046  111.43599701    0.00000000    0.00000000
   18.89805603  112.68000031    0.00000000    0.00000000
   18.90138817  112.80300140    0.00000000    0.00000000
   18.90444374  121.36499786    0.00000000    0.00000000
   18.90638924  124.43499756    0.00000000    0.00000000
   18.90777779  110.95999908    0.00000000    0.00000000
   18.91083336  122.46299744    0.00000000    0.00000000
   18.91388893  137.80799866    0.00000000    0.00000000
   18.91722107  189.14999390    0.00000000    0.00000000
   18.92027664  121.32599640    0.00000000    0.00000000
   18.92305565  184.32400513    0.00000000    0.00000000
   18.92361069  258.41699219    0.00000000    0.00000000
   18.92666626  140.16000366    0.00000000    0.00000000
   18.92972183  221.56700134    0.00000000    0.00000000
   18.93277740  138.33799744    0.00000000    0.00000000
   18.93610954  123.11100006    0.00000000    0.00000000
   18.93916512  117.82700348    0.00000000    0.00000000
   18.93972206  107.58699799    0.00000000    0.00000000
   18.94277763   97.34770203    0.00000000    0.00000000
   18.94583321  106.75099945    0.00000000    0.00000000
   18.94888878  106.68800354    0.00000000    0.00000000
   18.95222282  111.43199921    0.00000000    0.00000000
   18.95527840  124.35500336    0.00000000    0.00000000
   18.95639038  118.88800049    0.00000000    0.00000000
   18.95861244  104.09100342    0.00000000    0.00000000
   18.96166801  101.74199677    0.00000000    0.00000000
   18.96472359  117.41500092    0.00000000    0.00000000
   18.96805573  106.10700226    0.00000000    0.00000000
   18.97111130  106.86599731    0.00000000    0.00000000
   18.97305679  103.56099701    0.00000000    0.00000000
   18.97444534  105.44899750    0.00000000    0.00000000
   18.97750092  115.48799896    0.00000000    0.00000000
   18.98055649   99.22129822    0.00000000    0.00000000
   18.98388863  103.82700348    0.00000000    0.00000000
   18.98694420   91.71739960    0.00000000    0.00000000
   18.98972321  112.58699799    0.00000000    0.00000000
   18.99027824   98.90329742    0.00000000    0.00000000
   18.99333382  108.71700287    0.00000000    0.00000000
   18.99638939  108.29499817    0.00000000    0.00000000
   18.99972153  108.07199860    0.00000000    0.00000000
   19.00277710  109.58699799    0.00000000    0.00000000
   19.00583267  101.53600311    0.00000000    0.00000000
   19.00638962  106.50199890    0.00000000    0.00000000
   19.00944519  148.95599365    0.00000000    0.00000000
   19.01250076  113.67700195    0.00000000    0.00000000
   19.01555634  119.04900360    0.00000000    0.00000000
   19.01888847  104.59100342    0.00000000    0.00000000
   19.02194405  135.92700195    0.00000000    0.00000000
   19.02305603  122.15799713    0.00000000    0.00000000
   19.02527809  112.90799713    0.00000000    0.00000000
   19.02833366  101.96299744    0.00000000    0.00000000
   19.03138924  105.27799988    0.00000000    0.00000000
   19.03472137  125.10800171    0.00000000    0.00000000
   19.03777695  115.42800140    0.00000000    0.00000000
   19.03972244  121.05200195    0.00000000    0.00000000
   19.04111099  125.54299927    0.00000000    0.00000000
   19.04416656  116.24299622    0.00000000    0.00000000
   19.04722214   61.75949860    0.00000000    0.00000000
   19.05055428  156.91999817    0.00000000    0.00000000
   19.05360985   -1.00000000    0.00000000    0.00000000
   19.05694389   -1.00000000    0.00000000    0.00000000
   19.05999947   -1.00000000    0.00000000    0.00000000
   19.06305504   -1.00000000    0.00000000    0.00000000
   19.06638718   -1.00000000    0.00000000    0.00000000
   19.06944466   -1.00000000    0.00000000    0.00000000
   19.07250023   -1.00000000    0.00000000    0.00000000
   19.07583427   -1.00000000    0.00000000    0.00000000
   19.07888985   -1.00000000    0.00000000    0.00000000
   19.08222389   -1.00000000    0.00000000    0.00000000
   19.08527756   -1.00000000    0.00000000    0.00000000
   19.08833313   -1.00000000    0.00000000    0.00000000
   19.09166718   -1.00000000    0.00000000    0.00000000
   19.09472275   -1.00000000    0.00000000    0.00000000
   19.09805679   -1.00000000    0.00000000    0.00000000
   19.10111237   -1.00000000    0.00000000    0.00000000
   19.10416794   -1.00000000    0.00000000    0.00000000
   19.10750008   -1.00000000    0.00000000    0.00000000
   19.11055565   -1.00000000    0.00000000    0.00000000
   19.11361122   -1.00000000    0.00000000    0.00000000
   19.11694527   -1.00000000    0.00000000    0.00000000
   19.12000084   -1.00000000    0.00000000    0.00000000
   19.12305641   -1.00000000    0.00000000    0.00000000
   19.12666702   -1.00000000    0.00000000    0.00000000
   19.12972260   -1.00000000    0.00000000    0.00000000
   19.13277817   -1.00000000    0.00000000    0.00000000
   19.13611031   -1.00000000    0.00000000    0.00000000
   19.13916588   -1.00000000    0.00000000    0.00000000
   19.14249992   -1.00000000    0.00000000    0.00000000
   19.14555550   -1.00000000    0.00000000    0.00000000
   19.14888954   -1.00000000    0.00000000    0.00000000
   19.15194321   -1.00000000    0.00000000    0.00000000
   19.15499878   -1.00000000    0.00000000    0.00000000
   19.15833282   -1.00000000    0.00000000    0.00000000
   19.16138840   -1.00000000    0.00000000    0.00000000
   19.16472244  184.31199646    0.00000000    0.00000000
   19.16777802  139.95799255    0.00000000    0.00000000
   19.17083359   -1.00000000    0.00000000    0.00000000
   19.17416573   -1.00000000    0.00000000    0.00000000
   19.17722130   -1.00000000    0.00000000    0.00000000
   19.18027687   75.32230377    0.00000000    0.00000000
   19.18361092  264.72500610    0.00000000    0.00000000
   19.18666649   -1.00000000    0.00000000    0.00000000
   19.18972206   -1.00000000   -1.00000000   -1.00000000
   19.19027710   23.57019997    0.00000000    0.00000000
   19.19305420   -1.00000000    0.00000000    0.00000000
   19.19610977  229.42300415    0.00000000    0.00000000
   19.19944382  206.21200562    0.00000000    0.00000000
   19.20250130  171.44999695    0.00000000    0.00000000
   19.20555687  312.71200562    0.00000000    0.00000000
   19.20694542  249.55200195    0.00000000    0.00000000
   19.20888901   51.91479874    0.00000000    0.00000000
   19.21194458   -1.00000000    0.00000000    0.00000000
   19.21527863   -1.00000000    0.00000000    0.00000000
   19.21833420   -1.00000000    0.00000000    0.00000000
   19.22138977   -1.00000000    0.00000000    0.00000000
   19.22472191   -1.00000000    0.00000000    0.00000000
   19.22777748   -1.00000000    0.00000000    0.00000000
   19.23111153   -1.00000000    0.00000000    0.00000000
   19.23416710   -1.00000000    0.00000000    0.00000000
   19.23722267   -1.00000000    0.00000000    0.00000000
   19.24083328   -1.00000000    0.00000000    0.00000000
   19.24388885   -1.00000000    0.00000000    0.00000000
   19.24722290   -1.00000000    0.00000000    0.00000000
   19.25055504   -1.00000000    0.00000000    0.00000000
   19.25361061   -1.00000000    0.00000000    0.00000000
   19.25666618   -1.00000000    0.00000000    0.00000000
   19.26027870   -1.00000000    0.00000000    0.00000000
   19.26333427   -1.00000000    0.00000000    0.00000000
   19.26638794   -1.00000000    0.00000000    0.00000000
   19.26972198   -1.00000000    0.00000000    0.00000000
   19.27277756   -1.00000000    0.00000000    0.00000000
   19.27611160   -1.00000000    0.00000000    0.00000000
   19.27916718   -1.00000000    0.00000000    0.00000000
   19.28222275   -1.00000000    0.00000000    0.00000000
   19.28555489   -1.00000000    0.00000000    0.00000000
   19.28861046   -1.00000000    0.00000000    0.00000000
   19.29194450   -1.00000000    0.00000000    0.00000000
   19.29500008   -1.00000000    0.00000000    0.00000000
   19.29805565   -1.00000000    0.00000000    0.00000000
   19.30138779   -1.00000000    0.00000000    0.00000000
   19.30444336   -1.00000000    0.00000000    0.00000000
   19.30777740   -1.00000000    0.00000000    0.00000000
   19.31083298   -1.00000000    0.00000000    0.00000000
   19.31388855   -1.00000000    0.00000000    0.00000000
   19.31722260   -1.00000000    0.00000000    0.00000000
   19.32027817   -1.00000000    0.00000000    0.00000000
   19.32333374   -1.00000000    0.00000000    0.00000000
   19.32666779   -1.00000000    0.00000000    0.00000000
   19.32972336   -1.00000000    0.00000000    0.00000000
   19.33305550   -1.00000000    0.00000000    0.00000000
   19.33611107   -1.00000000    0.00000000    0.00000000
   19.33916664   -1.00000000    0.00000000    0.00000000
   19.34250069   -1.00000000    0.00000000    0.00000000
   19.34555626   -1.00000000    0.00000000    0.00000000
   19.34889030   -1.00000000    0.00000000    0.00000000
   19.35194397   76.98110199    0.00000000    0.00000000
   19.35499954  234.17700195    0.00000000    0.00000000
   19.35722351  213.32099915    0.00000000    0.00000000
   19.35833359  155.35400391    0.00000000    0.00000000
   19.36138916   32.24890137    0.00000000    0.00000000
   19.36472321   -1.00000000   -1.00000000   -1.00000000
   19.36777878   -1.00000000    0.00000000    0.00000000
   19.37083435   -1.00000000    0.00000000    0.00000000
   19.37416649   -1.00000000    0.00000000    0.00000000
   19.37722206  224.46699524    0.00000000    0.00000000
   19.38055611  203.42999268    0.00000000    0.00000000
   19.38361168  192.54499817    0.00000000    0.00000000
   19.38666725  293.94699097    0.00000000    0.00000000
   19.38999939  277.99899292    0.00000000    0.00000000
   19.39055634  235.59800720    0.00000000    0.00000000
   19.39333344  240.18699646    0.00000000    0.00000000
   19.39638901  273.75299072    0.00000000    0.00000000
   19.39972115  245.12899780    0.00000000    0.00000000
   19.40277672  261.92001343    0.00000000    0.00000000
   19.40583229  244.46699524    0.00000000    0.00000000
   19.40722275  243.53799438    0.00000000    0.00000000
   19.40916634  259.71798706    0.00000000    0.00000000
   19.41222191   -1.00000000    0.00000000    0.00000000
   19.41555595   -1.00000000    0.00000000    0.00000000
   19.41860962   -1.00000000    0.00000000    0.00000000
   19.42166519   -1.00000000    0.00000000    0.00000000
   19.42499924   -1.00000000    0.00000000    0.00000000
   19.42805481   -1.00000000    0.00000000    0.00000000
   19.43138885   -1.00000000    0.00000000    0.00000000
   19.43444443   -1.00000000    0.00000000    0.00000000
   19.43750000   -1.00000000    0.00000000    0.00000000
   19.44083214   -1.00000000    0.00000000    0.00000000
   19.44388771   -1.00000000    0.00000000    0.00000000
   19.44722176   -1.00000000    0.00000000    0.00000000
   19.45027924   86.95659637    0.00000000    0.00000000
   19.45333481   23.57019997    0.00000000    0.00000000
   19.45666695   -1.00000000   -1.00000000   -1.00000000
   19.45972252  239.17599487    0.00000000    0.00000000
   19.46277809  238.03199768    0.00000000    0.00000000
   19.46611214  212.18200684    0.00000000    0.00000000
   19.46916771  330.96200562    0.00000000    0.00000000
   19.47222328  153.43499756    0.00000000    0.00000000
   19.47389030  146.74200439    0.00000000    0.00000000
   19.47555542  130.78700256    0.00000000    0.00000000
   19.47861099  161.94999695    0.00000000    0.00000000
   19.48194504  206.64399719    0.00000000    0.00000000
   19.48500061  209.31199646    0.00000000    0.00000000
   19.48805618  144.77799988    0.00000000    0.00000000
   19.49055672  133.07400513    0.00000000    0.00000000
   19.49138832  138.10899353    0.00000000    0.00000000
   19.49444389  124.32499695    0.00000000    0.00000000
   19.49777794  125.71800232    0.00000000    0.00000000
   19.50083351  123.18900299    0.00000000    0.00000000
   19.50416756  112.42500305    0.00000000    0.00000000
   19.50722313  108.85500336    0.00000000    0.00000000
   19.50749969  125.95400238    0.00000000    0.00000000
   19.51055527  110.85299683    0.00000000    0.00000000
   19.51388931  105.15499878    0.00000000    0.00000000
   19.51694489  107.25700378    0.00000000    0.00000000
   19.52000046  110.58999634    0.00000000    0.00000000
   19.52333260  109.02999878    0.00000000    0.00000000
   19.52388954  113.46299744    0.00000000    0.00000000
   19.52638817  109.64499664    0.00000000    0.00000000
   19.52972221  104.36499786    0.00000000    0.00000000
   19.53277779  106.88999939    0.00000000    0.00000000
   19.53583336  102.01899719    0.00000000    0.00000000
   19.53916550  118.33200073    0.00000000    0.00000000
   19.54055595  112.02200317    0.00000000    0.00000000
   19.54222107  111.28800201    0.00000000    0.00000000
   19.54555511  117.11199951    0.00000000    0.00000000
   19.54861069  114.72899628    0.00000000    0.00000000
   19.55166626  104.79199982    0.00000000    0.00000000
   19.55472183  108.15499878    0.00000000    0.00000000
   19.55722237  106.17600250    0.00000000    0.00000000
   19.55805397  103.52500153    0.00000000    0.00000000
   19.56138802  110.14299774    0.00000000    0.00000000
   19.56444359  109.41999817    0.00000000    0.00000000
   19.56750107   95.93329620    0.00000000    0.00000000
   19.57055664   99.62670135    0.00000000    0.00000000
   19.57389069   97.25659943    0.00000000    0.00000000
   19.57416725   96.84649658    0.00000000    0.00000000
   19.57722282   94.48819733    0.00000000    0.00000000
   19.58055687  106.72200012    0.00000000    0.00000000
   19.58361244  118.35600281    0.00000000    0.00000000
   19.58666801   -1.00000000    0.00000000    0.00000000
   19.58972359   -1.00000000    0.00000000    0.00000000
   19.59305573   -1.00000000    0.00000000    0.00000000
   19.59638977   -1.00000000    0.00000000    0.00000000
   19.59944534  185.81300354    0.00000000    0.00000000
   19.60250092  180.60499573    0.00000000    0.00000000
   19.60583305  123.99600220    0.00000000    0.00000000
   19.62305641  112.80200195    0.00000000    0.00000000
   19.62527847  114.96299744    0.00000000    0.00000000
   19.62861061  104.59300232    0.00000000    0.00000000
   19.63166618  111.78700256    0.00000000    0.00000000
   19.63472176  108.38300323    0.00000000    0.00000000
   19.63805580  113.99600220    0.00000000    0.00000000
   19.63972282  106.83899689    0.00000000    0.00000000
   19.64138794  100.33000183    0.00000000    0.00000000
   19.64444351  100.37599945    0.00000000    0.00000000
   19.64777756  113.22499847    0.00000000    0.00000000
   19.65083313  112.08200073    0.00000000    0.00000000
   19.65388870  106.54499817    0.00000000    0.00000000
   19.65638924  112.63899994    0.00000000    0.00000000
   19.65722275  117.10099792    0.00000000    0.00000000
   19.66027832  106.93599701    0.00000000    0.00000000
   19.66361046  100.34700012    0.00000000    0.00000000
   19.66666603  109.03700256    0.00000000    0.00000000
   19.66972160   99.76879883    0.00000000    0.00000000
   19.67305565  124.39399719    0.00000000    0.00000000
   19.67333221  118.71499634    0.00000000    0.00000000
   19.67638779  136.48899841    0.00000000    0.00000000
   19.67944336   -1.00000000    0.00000000    0.00000000
   19.68277740   -1.00000000    0.00000000    0.00000000
   19.68583298   -1.00000000    0.00000000    0.00000000
   19.68888855   -1.00000000    0.00000000    0.00000000
   19.69222069   -1.00000000    0.00000000    0.00000000
   19.69527626   -1.00000000    0.00000000    0.00000000
   19.69861031   -1.00000000    0.00000000    0.00000000
   19.70166779   -1.00000000    0.00000000    0.00000000
   19.70472336   -1.00000000    0.00000000    0.00000000
   19.70805550   -1.00000000    0.00000000    0.00000000
   19.71111107   -1.00000000    0.00000000    0.00000000
   19.71444511   -1.00000000    0.00000000    0.00000000
   19.71750069   -1.00000000    0.00000000    0.00000000
   19.72055626   -1.00000000    0.00000000    0.00000000
   19.72389030   -1.00000000    0.00000000    0.00000000
   19.72694588   -1.00000000    0.00000000    0.00000000
   19.73027802   84.88110352    0.00000000    0.00000000
   19.73333359  115.31800079    0.00000000    0.00000000
   19.73638916   -1.00000000    0.00000000    0.00000000
   19.73944473   -1.00000000    0.00000000    0.00000000
   19.74277878  130.17300415    0.00000000    0.00000000
   19.74583435  136.15600586    0.00000000    0.00000000
   19.74916649  113.81500244    0.00000000    0.00000000
   19.75222206  120.83899689    0.00000000    0.00000000
   19.75527763  110.11900330    0.00000000    0.00000000
   19.75666618  272.92001343    0.00000000    0.00000000
   19.75861168  141.52000427    0.00000000    0.00000000
   19.76194382  125.48999786    0.00000000    0.00000000
   19.76499939  133.40299988    0.00000000    0.00000000
   19.76805496  119.74500275    0.00000000    0.00000000
   19.77111053  133.94799805    0.00000000    0.00000000
   19.77333260  127.59700012    0.00000000    0.00000000
   19.77444458  107.50099945    0.00000000    0.00000000
   19.77777672  107.39600372    0.00000000    0.00000000
   19.78083229  105.29399872    0.00000000    0.00000000
   19.78388786  107.90699768    0.00000000    0.00000000
   19.78722191  108.54900360    0.00000000    0.00000000
   19.78999901  113.70600128    0.00000000    0.00000000
   19.79027748  112.32099915    0.00000000    0.00000000
   19.79361153  119.36699677    0.00000000    0.00000000
   19.79666710  113.34899902    0.00000000    0.00000000
   19.79972076  108.29900360    0.00000000    0.00000000
   19.80277634  146.07800293    0.00000000    0.00000000
   19.80611038  106.42099762    0.00000000    0.00000000
   19.80666542  119.92500305    0.00000000    0.00000000
   19.80916595  118.08499908    0.00000000    0.00000000
   19.81250000  120.24199677    0.00000000    0.00000000
   19.81555557  125.02300262    0.00000000    0.00000000
   19.81861115  133.86799622    0.00000000    0.00000000
   19.82194519  156.40499878    0.00000000    0.00000000
   19.82333374  130.38299561    0.00000000    0.00000000
   19.82500076  116.15200043    0.00000000    0.00000000
   19.82833481  120.77700043    0.00000000    0.00000000
   19.83139038  110.24500275    0.00000000    0.00000000
   19.83444595  104.92400360    0.00000000    0.00000000
   19.83777809  103.97200012    0.00000000    0.00000000
   19.84000015  108.77600098    0.00000000    0.00000000
   19.84083366  107.20899963    0.00000000    0.00000000
   19.84416771  110.09100342    0.00000000    0.00000000
   19.84722328  121.33699799    0.00000000    0.00000000
   19.85027885  112.56500244    0.00000000    0.00000000
   19.85361099  107.13200378    0.00000000    0.00000000
   19.85666656  100.88800049    0.00000000    0.00000000
   19.85694504  104.60199738    0.00000000    0.00000000
   19.86027908  108.11799622    0.00000000    0.00000000
   19.86333466   97.97049713    0.00000000    0.00000000
   19.86638832  110.93599701    0.00000000    0.00000000
   19.86944389  123.07700348    0.00000000    0.00000000
   19.87277794  100.08799744    0.00000000    0.00000000
   19.87361145  104.75000000    0.00000000    0.00000000
   19.87611198  101.15599823    0.00000000    0.00000000
   19.87916756   98.60440063    0.00000000    0.00000000
   19.88222313  114.73799896    0.00000000    0.00000000
   19.88555527   95.08119965    0.00000000    0.00000000
   19.88861084  104.21700287    0.00000000    0.00000000
   19.89027786  103.71199799    0.00000000    0.00000000
   19.89194489  104.51499939    0.00000000    0.00000000
   19.89500046  107.28399658    0.00000000    0.00000000
   19.89805603   92.31009674    0.00000000    0.00000000
   19.90111160   95.87100220    0.00000000    0.00000000
   19.90444374  111.55100250    0.00000000    0.00000000
   19.90694427   92.45210266    0.00000000    0.00000000
   19.90777779   95.12590027    0.00000000    0.00000000
   19.91083336  109.70600128    0.00000000    0.00000000
   19.91388893   93.04579926    0.00000000    0.00000000
   19.91722107   99.04949951    0.00000000    0.00000000
   19.92027664  136.69299316    0.00000000    0.00000000
   19.92333221   88.04270172    0.00000000    0.00000000
   19.92361069  106.62100220    0.00000000    0.00000000
   19.92666626  116.61900330    0.00000000    0.00000000
   19.92972183  112.06400299    0.00000000    0.00000000
   19.93277740  113.67299652    0.00000000    0.00000000
   19.93610954  117.81099701    0.00000000    0.00000000
   19.93999863  110.25900269    0.00000000    0.00000000
   19.94027710  106.40000153    0.00000000    0.00000000
   19.94361115  107.35099792    0.00000000    0.00000000
   19.94666672  117.55200195    0.00000000    0.00000000
   19.95000076  108.89299774    0.00000000    0.00000000
   19.95305634   93.17130280    0.00000000    0.00000000
   19.95611191   98.48190308    0.00000000    0.00000000
   19.95722389   87.29540253    0.00000000    0.00000000
   19.95972252  101.31900024    0.00000000    0.00000000
   19.96277809  107.53299713    0.00000000    0.00000000
   19.96583366  106.21499634    0.00000000    0.00000000
   19.96916771   97.35240173    0.00000000    0.00000000
   19.97222328  108.54299927    0.00000000    0.00000000
   19.97389030  103.52700043    0.00000000    0.00000000
   19.97555542  104.28800201    0.00000000    0.00000000
   19.97861099  101.01899719    0.00000000    0.00000000
   19.98166656  100.35800171    0.00000000    0.00000000
   19.98500061  111.01999664    0.00000000    0.00000000
   19.98805618  103.89700317    0.00000000    0.00000000
   19.99055672  107.63300323    0.00000000    0.00000000
   19.99138832   98.49710083    0.00000000    0.00000000
   19.99444389  101.07800293    0.00000000    0.00000000
   19.99749947  104.67099762    0.00000000    0.00000000
   20.00083351   93.40959930    0.00000000    0.00000000
   20.00416756   93.65820313    0.00000000    0.00000000
   20.00722313   98.37770081    0.00000000    0.00000000
   20.00749969   92.33529663    0.00000000    0.00000000
   20.01055527  104.81900024    0.00000000    0.00000000
   20.01361084   99.25569916    0.00000000    0.00000000
   20.01694489  119.17800140    0.00000000    0.00000000
   20.02000046  111.85199738    0.00000000    0.00000000
   20.02305603   99.27439880    0.00000000    0.00000000
   20.02388954  106.35099792    0.00000000    0.00000000
   20.02666664   98.67040253    0.00000000    0.00000000
   20.02972221  102.70700073    0.00000000    0.00000000
   20.03305435  100.66899872    0.00000000    0.00000000
   20.03610992  107.35299683    0.00000000    0.00000000
   20.03916550  111.30699921    0.00000000    0.00000000
   20.04055595  116.71099854    0.00000000    0.00000000
   20.04249954  105.90899658    0.00000000    0.00000000
   20.04555511  126.73999786    0.00000000    0.00000000
   20.04888916  121.55100250    0.00000000    0.00000000
   20.05194283  111.40399933    0.00000000    0.00000000
   20.05499840  110.10099792    0.00000000    0.00000000
   20.05722237  110.33300018    0.00000000    0.00000000
   20.05833244  107.37799835    0.00000000    0.00000000
   20.06138802  113.39800262    0.00000000    0.00000000
   20.06472206  112.18399811    0.00000000    0.00000000
   20.06777954   96.53299713    0.00000000    0.00000000
   20.07083511  118.35199738    0.00000000    0.00000000
   20.07389069  110.62300110    0.00000000    0.00000000
   20.07416725   91.54509735    0.00000000    0.00000000
   20.07722282  105.03500366    0.00000000    0.00000000
   20.08055687  102.52600098    0.00000000    0.00000000
   20.08361244   88.69200134    0.00000000    0.00000000
   20.08666801   97.39730072    0.00000000    0.00000000
   20.09000015   96.54070282    0.00000000    0.00000000
   20.09055710   91.58950043    0.00000000    0.00000000
   20.09333420  109.91500092    0.00000000    0.00000000
   20.09638977   98.15290070    0.00000000    0.00000000
   20.09972191  103.42199707    0.00000000    0.00000000
   20.10277748  102.95400238    0.00000000    0.00000000
   20.10583305  102.12899780    0.00000000    0.00000000
   20.10722351   92.89890289    0.00000000    0.00000000
   20.10916710  100.18900299    0.00000000    0.00000000
   20.11250114  105.14600372    0.00000000    0.00000000
   20.11555672  101.81999969    0.00000000    0.00000000
   20.11861038  102.54599762    0.00000000    0.00000000
   20.12166595   91.88700104    0.00000000    0.00000000
   20.12388992   97.13839722    0.00000000    0.00000000
   20.12500000  107.68900299    0.00000000    0.00000000
   20.12805557   90.80380249    0.00000000    0.00000000
   20.13138962   86.26059723    0.00000000    0.00000000
   20.13444519   90.79930115    0.00000000    0.00000000
   20.13750076   97.69629669    0.00000000    0.00000000
   20.14055634   94.02369690    0.00000000    0.00000000
   20.14083290  108.57700348    0.00000000    0.00000000
   20.14388847   98.70179749    0.00000000    0.00000000
   20.14722252   89.18209839    0.00000000    0.00000000
   20.15027809   86.59179688    0.00000000    0.00000000
   20.15333366   87.68530273    0.00000000    0.00000000
   20.15666580   90.01599884    0.00000000    0.00000000
   20.15722275   92.70839691    0.00000000    0.00000000
   20.15999985  103.64399719    0.00000000    0.00000000
   20.16333389  105.51499939    0.00000000    0.00000000
   20.16638756   88.96389771    0.00000000    0.00000000
   20.16944313   93.04930115    0.00000000    0.00000000
   20.17277718   98.33270264    0.00000000    0.00000000
   20.17388916   98.58860016    0.00000000    0.00000000
   20.17583275   96.25469971    0.00000000    0.00000000
   20.17916679  111.75800323    0.00000000    0.00000000
   20.18222237  104.94899750    0.00000000    0.00000000
   20.18527603  108.25800323    0.00000000    0.00000000
   20.18861008  102.12999725    0.00000000    0.00000000
   20.19055557  105.85500336    0.00000000    0.00000000
   20.19166565   99.36799622    0.00000000    0.00000000
   20.19499969   97.49379730    0.00000000    0.00000000
   20.19805527  104.84100342    0.00000000    0.00000000
   20.20111275   99.09549713    0.00000000    0.00000000
   20.20416832   94.26190186    0.00000000    0.00000000
   20.20722389  111.53299713    0.00000000    0.00000000
   20.20750046  101.08100128    0.00000000    0.00000000
   20.21083450  116.53700256    0.00000000    0.00000000
   20.21389008  110.71099854    0.00000000    0.00000000
   20.21694565  114.32199860    0.00000000    0.00000000
   20.22027779  101.17199707    0.00000000    0.00000000
   20.22333336  110.03199768    0.00000000    0.00000000
   20.22389030  105.49600220    0.00000000    0.00000000
   20.22666740  105.83599854    0.00000000    0.00000000
   20.23000145  103.10700226    0.00000000    0.00000000
   20.23305511  101.56999969    0.00000000    0.00000000
   20.23611069   93.91790009    0.00000000    0.00000000
   20.23944473   96.80709839    0.00000000    0.00000000
   20.24055672   98.90720367    0.00000000    0.00000000
   20.24250031   91.01740265    0.00000000    0.00000000
   20.24583435  102.58499908    0.00000000    0.00000000
   20.24888992  104.37999725    0.00000000    0.00000000
   20.25194359   99.38770294    0.00000000    0.00000000
   20.25527763  106.84400177    0.00000000    0.00000000
   20.25722313   96.49240112    0.00000000    0.00000000
   20.25833321  104.13899994    0.00000000    0.00000000
   20.26166725   95.90100098    0.00000000    0.00000000
   20.26472282   94.93280029    0.00000000    0.00000000
   20.26777840  103.00900269    0.00000000    0.00000000
   20.27111053  107.92199707    0.00000000    0.00000000
   20.27388954  111.88600159    0.00000000    0.00000000
   20.27416611  102.53399658    0.00000000    0.00000000
   20.27750015   99.03980255    0.00000000    0.00000000
   20.28055573  100.39299774    0.00000000    0.00000000
   20.28361130  103.29900360    0.00000000    0.00000000
   20.28694344  109.01100159    0.00000000    0.00000000
   20.28999901  110.40899658    0.00000000    0.00000000
   20.29055595  105.92800140    0.00000000    0.00000000
   20.29333305  108.74400330    0.00000000    0.00000000
   20.29638863   99.56469727    0.00000000    0.00000000
   20.29944420  102.49299622    0.00000000    0.00000000
   20.30277634  101.44400024    0.00000000    0.00000000
   20.30583191   99.91390228    0.00000000    0.00000000
   20.30722237  105.50099945    0.00000000    0.00000000
   20.30916595  108.06099701    0.00000000    0.00000000
   20.31222153  108.84300232    0.00000000    0.00000000
   20.31527710  103.91200256    0.00000000    0.00000000
   20.31833458  108.72499847    0.00000000    0.00000000
   20.32166672  104.32199860    0.00000000    0.00000000
   20.32389069  109.10500336    0.00000000    0.00000000
   20.32500076  115.65299988    0.00000000    0.00000000
   20.32805634  109.66999817    0.00000000    0.00000000
   20.33111191  111.67900085    0.00000000    0.00000000
   20.33416748  113.85099792    0.00000000    0.00000000
   20.33750153   99.59220123    0.00000000    0.00000000
   20.34055710  111.90599823    0.00000000    0.00000000
   20.34083366  108.45800018    0.00000000    0.00000000
   20.34416771  112.64900208    0.00000000    0.00000000
   20.34722328   93.38770294    0.00000000    0.00000000
   20.35027885   -1.00000000    0.00000000    0.00000000
   20.35361099   -1.00000000    0.00000000    0.00000000
   20.35666656   -1.00000000    0.00000000    0.00000000
   20.35750008  173.82000732    0.00000000    0.00000000
   20.36000061  104.33499908    0.00000000    0.00000000
   20.36305618  107.10500336    0.00000000    0.00000000
   20.36611176  101.38600159    0.00000000    0.00000000
   20.36944389  113.63700104    0.00000000    0.00000000
