    HOUR (UT)     SKY TESTER    SUN TESTER
   10.24583340    1.50300002    0.01900000
   10.24638939    3.93199992    0.01900000
   10.24694443    4.91499996    0.05700000
   10.24750042    4.91499996    0.09600000
   10.24805546    4.91499996    0.09600000
   10.24861145    4.91499996    0.13400000
   10.24916649    4.91499996    0.11500000
   10.24972248    4.91499996    0.15400000
   10.25027752    4.91499996    0.13400000
   10.25083351    4.91499996    0.13400000
   10.25194454    4.91499996    0.15400000
   10.25249958    4.91499996    0.15400000
   10.25361156    4.91499996    0.13400000
   10.25444412    4.91499996    0.15400000
   10.25555515    4.91499996    0.15400000
   10.25638866    4.91499996    0.15400000
   10.25749969    4.91499996    0.13400000
   10.25861073    4.91499996    0.15400000
   10.25944424    4.91499996    0.15400000
   10.26055527    4.91499996    0.15400000
   10.26166630    4.91499996    0.13400000
   10.26249981    4.91499996    0.11500000
   10.26361084    4.91499996    0.09600000
   10.26472187    4.91499996    0.09600000
   10.26555538    4.91499996    0.09600000
   10.26666641    4.91499996    0.09600000
   10.26777744    4.91499996    0.09600000
   10.26861095    4.91499996    0.09600000
   10.26972198    4.91499996    0.09600000
   10.27083302    4.91499996    0.09600000
   10.27166653    4.91499996    0.09600000
   10.27277756    4.91499996    0.09600000
   10.27361107    4.91499996    0.09600000
   10.27472210    4.91499996    0.09600000
   10.27583313    4.91499996    0.09600000
   10.27694416    4.91499996    0.09600000
   10.27777767    4.91499996    0.09600000
   10.27888870    4.91499996    0.09600000
   10.27972221    4.91499996    0.09600000
   10.28083324    4.91499996    0.09600000
   10.28194427    4.91499996    0.09600000
   10.28277779    4.91499996    0.09600000
   10.28388977    4.91499996    0.09600000
   10.28500080    4.91499996    0.11500000
   10.28583336    4.91499996    0.09600000
   10.28694534    4.91499996    0.09600000
   10.28777790    4.91499996    0.09600000
   10.28888893    4.91499996    0.09600000
   10.29000092    4.91499996    0.09600000
   10.29083347    4.91499996    0.09600000
   10.29194450    4.91499996    0.09600000
   10.29305553    4.91499996    0.09600000
   10.29388905    4.91499996    0.11500000
   10.29500008    4.91499996    0.11500000
   10.29611111    4.91499996    0.11500000
   10.29694462    4.91499996    0.11500000
   10.29805565    4.91499996    0.11500000
   10.29916668    4.91499996    0.11500000
   10.30000019    4.91499996    0.11500000
   10.30111122    4.91499996    0.11500000
   10.30222225    4.91499996    0.15400000
   10.30305576    4.91499996    0.11500000
   10.30416679    4.91499996    0.11500000
   10.30500031    4.91499996    0.11500000
   10.30611134    4.91499996    0.13400000
   10.30722237    4.91499996    0.11500000
   10.30805588    4.91499996    0.15400000
   10.30916691    4.91499996    0.13400000
   10.31027794    4.91499996    0.15400000
   10.31111145    4.91499996    0.13400000
   10.31222248    4.91499996    0.11500000
   10.31333351    4.91499996    0.13400000
   10.31416702    4.91499996    0.13400000
   10.31527805    4.91499996    0.11500000
   10.31638908    4.91499996    0.13400000
   10.31722260    4.91499996    0.13400000
   10.31833363    4.91499996    0.11500000
   10.31916618    4.91499996    0.09600000
   10.32027817    4.91499996    0.09600000
   10.32138920    4.91499996    0.09600000
   10.32222176    4.91499996    0.09600000
   10.32333374    4.91499996    0.09600000
   10.32444477    4.91499996    0.09600000
   10.32527733    4.91499996    0.09600000
   10.32638836    4.91499996    0.09600000
   10.32750034    4.91499996    0.09600000
   10.32833290    4.91499996    0.11500000
   10.32944393    4.91499996    0.11500000
   10.33055592    4.91499996    0.11500000
   10.33138847    4.91499996    0.11500000
   10.33249950    4.91499996    0.11500000
   10.33361053    4.91499996    0.15400000
   10.33444405    4.91499996    0.15400000
   10.33555508    4.91499996    0.15400000
   10.33666611    4.91499996    0.15400000
   10.33749962    4.91499996    0.15400000
   10.33861065    4.91499996    0.15400000
   10.33972168    4.91499996    0.15400000
   10.34055519    4.91499996    0.15400000
   10.34166622    4.91499996    0.15400000
   10.34249973    4.91499996    0.15400000
   10.34361076    4.91499996    0.17299999
   10.34472179    4.91499996    0.17299999
   10.34555531    4.91499996    0.17299999
   10.34666634    4.91499996    0.17299999
   10.34777737    4.91499996    0.15400000
   10.34861088    4.91499996    0.15400000
   10.34972191    4.91499996    0.15400000
   10.35083389    4.91499996    0.15400000
   10.35166740    4.91499996    0.15400000
   10.35277843    4.91499996    0.15400000
   10.35361195    4.91499996    0.15400000
   10.35472298    4.91499996    0.15400000
   10.35583401    4.91499996    0.11500000
   10.35666752    4.91499996    0.11500000
   10.35777855    4.91499996    0.11500000
   10.35888958    4.91499996    0.11500000
   10.35972214    4.91499996    0.09600000
   10.36083412    4.91499996    0.11500000
   10.36194515    4.91499996    0.09600000
   10.36277771    4.91499996    0.09600000
   10.36388969    4.91499996    0.09600000
   10.36500072    4.91499996    0.09600000
   10.36583328    4.91499996    0.09600000
   10.36694431    4.91499996    0.09600000
   10.36805534    4.91499996    0.11500000
   10.36916637    4.91499996    0.11500000
   10.36999989    4.91499996    0.13400000
   10.37111092    4.91499996    0.11500000
   10.37194443    4.91499996    0.11500000
   10.37305546    4.91499996    0.13400000
   10.37416649    4.91499996    0.13400000
   10.37500000    4.91499996    0.15400000
   10.37611103    4.91499996    0.13400000
   10.37722206    4.91499996    0.13400000
   10.37805557    4.91499996    0.13400000
   10.37916660    4.91499996    0.15400000
   10.38027763    4.91499996    0.13400000
   10.38111115    4.91499996    0.13400000
   10.38222218    4.91499996    0.15400000
   10.38305569    4.91499996    0.13400000
   10.38416672    4.91499996    0.13400000
   10.38527775    4.91499996    0.15400000
   10.38611126    4.91499996    0.11500000
   10.38722229    4.91499996    0.11500000
   10.38833332    4.91499996    0.13400000
   10.38916683    4.91499996    0.13400000
   10.39027786    4.91499996    0.11500000
   10.39111137    4.91499996    0.13400000
   10.39222240    4.91499996    0.11500000
   10.39333344    4.91499996    0.11500000
   10.39444447    4.91499996    0.15400000
   10.39527798    4.91499996    0.13400000
   10.39638901    4.91499996    0.15400000
   10.39722252    4.91499996    0.15400000
   10.39833355    4.91499996    0.15400000
   10.39944458    4.91499996    0.15400000
   10.40027714    4.91499996    0.15400000
   10.40138817    4.91499996    0.15400000
   10.40249920    4.91499996    0.15400000
   10.40333271    4.91499996    0.15400000
   10.40444374    4.91499996    0.15400000
   10.40555477    4.91499996    0.15400000
   10.40638828    4.91499996    0.15400000
   10.40749931    4.91499996    0.15400000
   10.40861034    4.91499996    0.15400000
   10.40944386    4.91499996    0.15400000
   10.41055489    4.91499996    0.15400000
   10.41166592    4.91499996    0.15400000
   10.41249943    4.91499996    0.15400000
   10.41361046    4.91499996    0.15400000
   10.41472149    4.91499996    0.15400000
   10.41555500    4.91499996    0.15400000
   10.41666698    4.91499996    0.15400000
   10.41750050    4.91499996    0.15400000
   10.41861153    4.91499996    0.19200000
   10.41972256    4.91499996    0.15400000
   10.42055607    4.91499996    0.15400000
   10.42166710    4.91499996    0.15400000
   10.42277813    4.91499996    0.15400000
   10.42361164    4.91499996    0.13400000
   10.42472267    4.91499996    0.15400000
   10.42583370    4.91499996    0.15400000
   10.42666721    4.91499996    0.15400000
   10.42777824    4.91499996    0.15400000
   10.42888927    4.91499996    0.11500000
   10.42972279    4.91499996    0.13400000
   10.43083382    4.91499996    0.09600000
   10.43166733    4.91499996    0.11500000
   10.43277836    4.91499996    0.09600000
   10.43388939    4.91499996    0.13400000
   10.43472195    4.91499996    0.09600000
   10.43583298    4.91499996    0.11500000
   10.43694496    4.91499996    0.09600000
   10.43777752    4.91499996    0.09600000
   10.43888855    4.91499996    0.09600000
   10.44000053    4.91499996    0.09600000
   10.44083309    4.91499996    0.09600000
   10.44194412    4.91499996    0.09600000
   10.44305515    4.91499996    0.05700000
   10.44416714    4.91499996    0.07700000
   10.44499969    4.91499996    0.05700000
   10.44611073    4.91499996    0.05700000
   10.44694424    4.91499996    0.05700000
   10.44805527    4.91499996    0.05700000
   10.44916630    4.91499996    0.05700000
   10.44999981    4.91499996    0.03800000
   10.45111084    4.91499996    0.03800000
   10.45222187    4.91499996    0.03800000
   10.45305538    4.91499996    0.03800000
   10.45416641    4.91499996    0.03800000
   10.45499992    4.91499996    0.03800000
   10.45611095    4.91499996    0.03800000
   10.45722198    4.91499996    0.03800000
   10.45805550    4.91499996    0.03800000
   10.45916653    4.91499996    0.03800000
   10.46027756    4.91499996    0.03800000
   10.46111107    4.91499996    0.03800000
   10.46222210    4.91499996    0.03800000
   10.46333313    4.91499996    0.03800000
   10.46416664    4.91499996    0.05700000
   10.46527767    4.91499996    0.03800000
   10.46638870    4.91499996    0.03800000
   10.46722221    4.91499996    0.03800000
   10.46833324    4.91499996    0.03800000
   10.46944427    4.91499996    0.03800000
   10.47027779    4.91499996    0.03800000
   10.47138882    4.91499996    0.03800000
   10.47249985    4.91499996    0.03800000
   10.47333336    4.91499996    0.03800000
   10.47444439    4.91499996    0.03800000
   10.47555542    4.91499996    0.01900000
   10.47638798    4.91499996    0.01900000
   10.47749996    4.91499996    0.01900000
   10.47833252    4.91499996    0.01900000
   10.47944355    4.91499996    0.01900000
   10.48055553    4.91499996    0.01900000
   10.48138809    4.91499996    0.01900000
   10.48249912    4.91499996    0.01900000
   10.48333359    4.91499996    0.01900000
   10.48444462    4.91499996    0.01900000
   10.48555565    4.91499996    0.01900000
   10.48638916    4.91499996    0.01900000
   10.48750019    4.91499996    0.01900000
   10.48861122    4.91499996    0.01900000
   10.48944473    4.91499996    0.01900000
   10.49055576    4.91499996    0.01900000
   10.49138927    4.91499996    0.01900000
   10.49250031    4.91499996    0.01900000
   10.49361134    4.91499996    0.01900000
   10.49444485    4.91499996    0.01900000
   10.49555588    4.91499996    0.01900000
   10.49666691    4.91499996    0.01900000
   10.49750042    4.91499996    0.01900000
   10.49861145    4.91499996    0.01900000
   10.50055599    4.91499996    0.01900000
   10.50166702    4.91499996    0.01900000
   10.50249958    4.91499996    0.01900000
   10.50472260    4.91499996    0.01900000
   10.50555515    4.91499996    0.01900000
   10.50861073    4.91499996    0.01900000
   10.51166630    4.91499996    0.01900000
   10.51277733    4.91499996    0.01900000
   10.51777744    4.91499996    0.01900000
   10.51861095    4.91499996    0.03800000
   10.52472210    4.91499996    0.01900000
   10.52972221    4.91499996    0.01900000
   10.53083324    4.91499996    0.01900000
   10.53305531    4.91499996    0.01900000
   10.53500080    4.91499996    0.01900000
   10.53583336    4.91499996    0.03800000
   10.53694534    4.91499996    0.01900000
   10.53805637    4.91499996    0.01900000
   10.53888893    4.91499996    0.01900000
   10.54000092    4.91499996    0.01900000
   10.54083347    4.91499996    0.01900000
   10.54194450    4.91499996    0.01900000
   10.54305553    4.91499996    0.01900000
   10.54388905    4.91499996    0.01900000
   10.54500008    4.91499996    0.01900000
   10.54583359    4.91499996    0.01900000
   10.54694462    4.91499996    0.01900000
   10.54805565    4.91499996    0.01900000
   10.54888916    4.91499996    0.01900000
   10.55000019    4.91499996    0.01900000
   10.55083370    4.91499996    0.01900000
   10.55194473    4.91499996    0.01900000
   10.55305576    4.91499996    0.03800000
   10.55388927    4.91499996    0.03800000
   10.55500031    4.91499996    0.01900000
   10.55583382    4.91499996    0.01900000
   10.55694485    4.91499996    0.01900000
   10.55805588    4.91499996    0.01900000
   10.55888939    4.91499996    0.01900000
   10.56000042    4.91499996    0.01900000
   10.56083393    4.91499996    0.01900000
   10.56194496    4.91499996    0.01900000
   10.56305599    4.91499996    0.01900000
   10.56388950    4.91499996    0.01900000
   10.56500053    4.91499996    0.01900000
   10.56583309    4.91499996    0.01900000
   10.56694412    4.91499996    0.01900000
   10.56805515    4.91499996    0.01900000
   10.56888866    4.91499996    0.01900000
   10.56999969    4.91499996    0.01900000
   10.57083321    4.91499996    0.03800000
   10.57194424    4.91499996    0.01900000
   10.57277775    4.91499996    0.01900000
   10.57388878    4.91499996    0.01900000
   10.57694435    4.91499996    0.01900000
   10.58388901    4.91499996    0.01900000
   10.60277843    4.91499996    0.01900000
   10.60388947    4.91499996    0.01900000
   10.60777855    4.91499996    0.01900000
   10.61388969    4.91499996    0.01900000
   10.61472225    4.91499996    0.01900000
   10.61777782    4.91499996    0.01900000
   10.62083340    4.91499996    0.01900000
   10.62194443    4.91499996    0.01900000
   10.62388897    4.91499996    0.01900000
   10.62472248    4.91499996    0.01900000
   10.62583351    4.91499996    0.01900000
   10.62888908    4.91499996    0.01900000
   10.63194466    4.91499996    0.01900000
   10.63277817    4.91499996    0.01900000
   10.63583279    4.91499996    0.01900000
   10.63888836    4.91499996    0.01900000
   10.64277744    4.91499996    0.01900000
   10.64388847    4.91499996    0.01900000
   10.64472198    4.91499996    0.01900000
   10.64583302    4.91499996    0.01900000
   10.64666653    4.91499996    0.01900000
   10.64777756    4.91499996    0.01900000
   10.64888859    4.91499996    0.01900000
   10.64972210    4.91499996    0.01900000
   10.65083313    4.91499996    0.01900000
   10.65166664    4.91499996    0.01900000
   10.65277767    4.91499996    0.01900000
   10.65361118    4.91499996    0.01900000
   10.65472221    4.91499996    0.01900000
   10.65583324    4.91499996    0.01900000
   10.65666676    4.91499996    0.01900000
   10.65777779    4.91499996    0.01900000
   10.65888882    4.91499996    0.01900000
   10.65972137    4.91499996    0.03800000
   10.66083336    4.91499996    0.03800000
   10.66166592    4.91499996    0.03800000
   10.66277695    4.91499996    0.03800000
   10.66388893    4.91499996    0.03800000
   10.66472149    4.91499996    0.03800000
   10.66583252    4.91499996    0.05700000
   10.66666698    4.91499996    0.05700000
   10.66777802    4.91499996    0.05700000
   10.66888905    4.91499996    0.05700000
   10.66972256    4.91499996    0.05700000
   10.67083359    4.91499996    0.05700000
   10.67194462    4.91499996    0.05700000
   10.67277813    4.91499996    0.05700000
   10.67388916    4.91499996    0.05700000
   10.67472267    4.91499996    0.05700000
   10.67583370    4.91499996    0.05700000
   10.67694473    4.91499996    0.05700000
   10.67777824    4.91499996    0.05700000
   10.67888927    4.91499996    0.05700000
   10.68000031    4.91499996    0.07700000
   10.68083382    4.91499996    0.05700000
   10.68194485    4.91499996    0.05700000
   10.68277836    4.91499996    0.05700000
   10.68388939    4.91499996    0.07700000
   10.68500042    4.91499996    0.09600000
   10.68583298    4.91499996    0.09600000
   10.68694496    4.91499996    0.09600000
   10.68805599    4.91499996    0.09600000
   10.68888855    4.91499996    0.09600000
   10.69000053    4.91499996    0.09600000
   10.69111156    4.91499996    0.07700000
   10.69194412    4.91499996    0.09600000
   10.69305515    4.91499996    0.09600000
   10.69416714    4.91499996    0.07700000
   10.69499969    4.91499996    0.07700000
   10.69611073    4.91499996    0.05700000
   10.69694424    4.91499996    0.07700000
   10.69805527    4.91499996    0.07700000
   10.69916630    4.91499996    0.05700000
   10.69999981    4.91499996    0.05700000
   10.70111084    4.91499996    0.05700000
   10.70194435    4.91499996    0.07700000
   10.70305538    4.91499996    0.07700000
   10.70416641    4.91499996    0.05700000
   10.70499992    4.91499996    0.07700000
   10.70611095    4.91499996    0.07700000
   10.70694447    4.91499996    0.05700000
   10.70805550    4.91499996    0.05700000
   10.70916653    4.91499996    0.05700000
   10.71000004    4.91499996    0.05700000
   10.71111107    4.91499996    0.05700000
   10.71222210    4.91499996    0.05700000
   10.71305561    4.91499996    0.05700000
   10.71416664    4.91499996    0.05700000
   10.71500015    4.91499996    0.05700000
   10.71611118    4.91499996    0.05700000
   10.71694374    4.91499996    0.05700000
   10.71805477    4.91499996    0.05700000
   10.71916580    4.91499996    0.05700000
   10.71999931    4.91499996    0.05700000
   10.72111034    4.91499996    0.05700000
   10.72194386    4.91499996    0.05700000
   10.72305489    4.91499996    0.05700000
   10.72416592    4.91499996    0.05700000
   10.72499943    4.91499996    0.05700000
   10.72611046    4.91499996    0.05700000
   10.72722149    4.91499996    0.05700000
   10.72805500    4.91499996    0.05700000
   10.72916603    4.91499996    0.05700000
   10.72999954    4.91499996    0.07700000
   10.73111057    4.91499996    0.05700000
   10.73222160    4.91499996    0.05700000
   10.73305511    4.91499996    0.07700000
   10.73416710    4.91499996    0.05700000
   10.73527813    4.91499996    0.05700000
   10.73611164    4.91499996    0.05700000
   10.73722267    4.91499996    0.05700000
   10.73805618    4.91499996    0.05700000
   10.73916721    4.91499996    0.05700000
   10.74027824    4.91499996    0.05700000
   10.74111176    4.91499996    0.05700000
   10.74222279    4.91499996    0.05700000
   10.74333382    4.91499996    0.05700000
   10.74416733    4.91499996    0.05700000
   10.74527836    4.91499996    0.05700000
   10.74611092    4.91499996    0.05700000
   10.74722290    4.91499996    0.05700000
   10.74833393    4.91499996    0.05700000
   10.74916649    4.91499996    0.05700000
   10.75027752    4.91499996    0.03800000
   10.75111103    4.91499996    0.03800000
   10.75222206    4.91499996    0.03800000
   10.75333309    4.91499996    0.03800000
   10.75416660    4.91499996    0.03800000
   10.75527763    4.91499996    0.03800000
   10.75611115    4.91499996    0.05700000
   10.75722218    4.91499996    0.03800000
   10.75805569    4.91499996    0.03800000
   10.75916672    4.91499996    0.03800000
   10.76027775    4.91499996    0.05700000
   10.76111126    4.91499996    0.03800000
   10.76222229    4.91499996    0.05700000
   10.76305580    4.91499996    0.05700000
   10.76416683    4.91499996    0.05700000
   10.76527786    4.91499996    0.07700000
   10.76611137    4.91499996    0.05700000
   10.76722240    4.91499996    0.05700000
   10.76805496    4.91499996    0.05700000
   10.76916599    4.91499996    0.05700000
   10.76999950    4.91499996    0.07700000
   10.77111053    4.91499996    0.07700000
   10.77222157    4.91499996    0.05700000
   10.77305508    4.91499996    0.07700000
   10.77416611    4.91499996    0.07700000
   10.77527714    4.91499996    0.07700000
   10.77611065    4.91499996    0.07700000
   10.77722168    4.91499996    0.07700000
   10.77833271    4.91499996    0.07700000
   10.77916622    4.91499996    0.09600000
   10.78027725    4.91499996    0.09600000
   10.78111076    4.91499996    0.09600000
   10.78222179    4.91499996    0.09600000
   10.78333378    4.91499996    0.11500000
   10.78416729    4.91499996    0.11500000
   10.78527832    4.91499996    0.11500000
   10.78638935    4.91499996    0.11500000
   10.78722286    4.91499996    0.15400000
   10.78833389    4.91499996    0.13400000
   10.78916740    4.91499996    0.15400000
   10.79027843    4.91499996    0.15400000
   10.79138947    4.91499996    0.17299999
   10.79222298    4.91499996    0.19200000
   10.79333401    4.91499996    0.21200000
   10.79444504    4.91499996    0.21200000
   10.79527855    4.91499996    0.21200000
   10.79638958    4.91499996    0.21200000
   10.79722309    4.91499996    0.21200000
   10.79833412    4.91499996    0.21200000
   10.79944515    4.91499996    0.21200000
   10.80027771    4.91499996    0.19200000
   10.80138874    4.91499996    0.17299999
   10.80222225    4.91499996    0.17299999
   10.80333328    4.91499996    0.17299999
   10.80444431    4.91499996    0.15400000
   10.80527782    4.91499996    0.15400000
   10.80638885    4.91499996    0.13400000
   10.80749989    4.91499996    0.11500000
   10.80833340    4.91499996    0.11500000
   10.80944443    4.91499996    0.11500000
   10.81027794    4.91499996    0.11500000
   10.81138897    4.91499996    0.11500000
   10.81222248    4.91499996    0.11500000
   10.81333351    4.91499996    0.09600000
   10.81444454    4.91499996    0.09600000
   10.81527805    4.91499996    0.09600000
   10.81638908    4.91499996    0.09600000
   10.81722260    4.91499996    0.09600000
   10.81833363    4.91499996    0.07700000
   10.81944466    4.91499996    0.07700000
   10.82027817    4.91499996    0.07700000
   10.82138920    4.91499996    0.07700000
   10.82222176    4.91499996    0.07700000
   10.82333374    4.91499996    0.07700000
   10.82416630    4.91499996    0.09600000
   10.82527733    4.91499996    0.09600000
   10.82638836    4.91499996    0.09600000
   10.82722187    4.91499996    0.09600000
   10.82833290    4.91499996    0.07700000
   10.82944393    4.91499996    0.07700000
   10.83027744    4.91499996    0.07700000
   10.83138847    4.91499996    0.07700000
   10.83222198    4.91499996    0.07700000
   10.83333302    4.91499996    0.07700000
   10.83416653    4.91499996    0.07700000
   10.83527756    4.91499996    0.07700000
   10.83638859    4.91499996    0.07700000
   10.83722210    4.91499996    0.07700000
   10.83833313    4.91499996    0.09600000
   10.83916664    4.91499996    0.07700000
   10.84027767    4.91499996    0.09600000
   10.84138870    4.91499996    0.09600000
   10.84222221    4.91499996    0.09600000
   10.84333324    4.91499996    0.09600000
   10.84444427    4.91499996    0.09600000
   10.84527779    4.91499996    0.11500000
   10.84638882    4.91499996    0.11500000
   10.84722233    4.91499996    0.11500000
   10.84833336    4.91499996    0.15400000
   10.84944439    4.91499996    0.15400000
   10.85027790    4.91499996    0.15400000
   10.85138893    4.91499996    0.15400000
   10.85222244    4.91499996    0.15400000
   10.85333347    4.91499996    0.15400000
   10.85444450    4.91499996    0.17299999
   10.85527802    4.91499996    0.17299999
   10.85638905    4.91499996    0.17299999
   10.85722256    4.91499996    0.17299999
   10.85833359    4.91499996    0.17299999
   10.85944462    4.91499996    0.17299999
   10.86027813    4.91499996    0.17299999
   10.86138916    4.91499996    0.17299999
   10.86250019    4.91499996    0.17299999
   10.86333370    4.91499996    0.21200000
   10.86444473    4.91499996    0.19200000
   10.86527824    4.91499996    0.17299999
   10.86638927    4.91499996    0.17299999
   10.86722279    4.91499996    0.19200000
   10.86833382    4.91499996    0.17299999
   10.86944485    4.91499996    0.17299999
   10.87027836    4.91499996    0.17299999
   10.87138939    4.91499996    0.19200000
   10.87250042    4.91499996    0.19200000
   10.87333393    4.91499996    0.19200000
   10.87444496    4.91499996    0.19200000
   10.87527752    4.91499996    0.19200000
   10.87638855    4.91499996    0.19200000
   10.87722206    4.91499996    0.19200000
   10.87833309    4.91499996    0.21200000
   10.87916660    4.91499996    0.21200000
   10.88027763    4.91499996    0.21200000
   10.88138866    4.91499996    0.19200000
   10.88222218    4.91499996    0.19200000
   10.88333321    4.91499996    0.19200000
   10.88444424    4.91499996    0.17299999
   10.88527775    4.91499996    0.17299999
   10.88638878    4.91499996    0.15400000
   10.88722229    4.91499996    0.15400000
   10.88833332    4.91499996    0.17299999
   10.88944435    4.91499996    0.17299999
   10.89027786    4.91499996    0.17299999
   10.89138889    4.91499996    0.19200000
   10.89222240    4.91499996    0.19200000
   10.89333344    4.91499996    0.19200000
   10.89416695    4.91499996    0.19200000
   10.89527798    4.91499996    0.17299999
   10.89638901    4.91499996    0.17299999
   10.89722252    4.91499996    0.15400000
   10.89833355    4.91499996    0.15400000
   10.89916611    4.91499996    0.17299999
   10.90027714    4.91499996    0.15400000
   10.90138817    4.91499996    0.15400000
   10.90222168    4.91499996    0.15400000
   10.90333271    4.91499996    0.15400000
   10.90444374    4.91499996    0.15400000
   10.90527725    4.91499996    0.17299999
   10.90638828    4.91499996    0.15400000
   10.90722179    4.91499996    0.17299999
   10.90833282    4.91499996    0.15400000
   10.90944386    4.91499996    0.15400000
   10.91027737    4.91499996    0.15400000
   10.91138840    4.91499996    0.17299999
   10.91249943    4.91499996    0.17299999
   10.91333294    4.91499996    0.15400000
   10.91444397    4.91499996    0.13400000
   10.91527748    4.91499996    0.13400000
   10.91638851    4.91499996    0.15400000
   10.91722298    4.91499996    0.17299999
   10.91833401    4.91499996    0.17299999
   10.91944504    4.91499996    0.17299999
   10.92027855    4.91499996    0.17299999
   10.92138958    4.91499996    0.17299999
   10.92222214    4.91499996    0.17299999
   10.92333412    4.91499996    0.17299999
   10.92444515    4.91499996    0.15400000
   10.92527771    4.91499996    0.17299999
   10.92638874    4.91499996    0.17299999
   10.92722225    4.91499996    0.15400000
   10.92833328    4.91499996    0.15400000
   10.92916679    4.91499996    0.17299999
   10.93027782    4.91499996    0.15400000
   10.93138885    4.91499996    0.15400000
   10.93222237    4.91499996    0.15400000
   10.93333340    4.91499996    0.15400000
   10.93416691    4.91499996    0.15400000
   10.93527794    4.91499996    0.15400000
   10.93638897    4.91499996    0.13400000
   10.93722248    4.91499996    0.11500000
   10.93833351    4.91499996    0.11500000
   10.93944454    4.91499996    0.09600000
   10.94027805    4.91499996    0.09600000
   10.94138908    4.91499996    0.09600000
   10.94222260    4.91499996    0.11500000
   10.94333363    4.91499996    0.09600000
   10.94444466    4.91499996    0.09600000
   10.94527817    4.91499996    0.07700000
   10.94638920    4.91499996    0.07700000
   10.94722271    4.91499996    0.07700000
   10.94833374    4.91499996    0.09600000
   10.94916630    4.91499996    0.07700000
   10.95027733    4.91499996    0.07700000
   10.95138836    4.91499996    0.07700000
   10.95222187    4.91499996    0.07700000
   10.95333290    4.91499996    0.07700000
   10.95416641    4.91499996    0.07700000
   10.95527744    4.91499996    0.07700000
   10.95638847    4.91499996    0.07700000
   10.95722198    4.91499996    0.07700000
   10.95833302    4.91499996    0.07700000
   10.95916653    4.91499996    0.07700000
   10.96027756    4.91499996    0.07700000
   10.96138859    4.91499996    0.07700000
   10.96222210    4.91499996    0.07700000
   10.96333313    4.91499996    0.07700000
   10.96416664    4.91499996    0.07700000
   10.96527767    4.91499996    0.05700000
   10.96638870    4.91499996    0.07700000
   10.96722221    4.91499996    0.07700000
   10.96833324    4.91499996    0.09600000
   10.96916580    4.91499996    0.05700000
   10.97027779    4.91499996    0.07700000
   10.97138882    4.91499996    0.05700000
   10.97222137    4.91499996    0.05700000
   10.97333336    4.91499996    0.05700000
   10.97416592    4.91499996    0.05700000
   10.97527695    4.91499996    0.05700000
   10.97638798    4.91499996    0.05700000
   10.97722149    4.91499996    0.05700000
   10.97833252    4.91499996    0.05700000
   10.97944355    4.91499996    0.05700000
   10.98027706    4.91499996    0.05700000
   10.98138809    4.91499996    0.03800000
   10.98249912    4.91499996    0.05700000
   10.98333359    4.91499996    0.05700000
   10.98444462    4.91499996    0.03800000
   10.98527813    4.91499996    0.03800000
   10.98638916    4.91499996    0.03800000
   10.98750019    4.91499996    0.03800000
   10.98833370    4.91499996    0.03800000
   10.98944473    4.91499996    0.03800000
   10.99027824    4.91499996    0.03800000
   10.99138927    4.91499996    0.03800000
   10.99222279    4.91499996    0.03800000
   10.99333382    4.91499996    0.01900000
   10.99444485    4.91499996    0.03800000
   10.99527836    4.91499996    0.01900000
   10.99638939    4.91499996    0.03800000
   10.99722290    4.91499996    0.03800000
   10.99833393    4.91499996    0.01900000
   10.99944496    4.91499996    0.03800000
   11.00027752    4.91499996    0.03800000
   11.00138855    4.91499996    0.03800000
   11.00222206    4.91499996    0.03800000
   11.00333309    4.91499996    0.03800000
   11.00416660    4.91499996    0.03800000
   11.00527763    4.91499996    0.03800000
   11.00638866    4.91499996    0.03800000
   11.00722218    4.91499996    0.03800000
   11.00833321    4.91499996    0.03800000
   11.00944424    4.91499996    0.03800000
   11.01027775    4.91499996    0.01900000
   11.01138878    4.91499996    0.01900000
   11.01222229    4.91499996    0.01900000
   11.01333332    4.91499996    0.03800000
   11.01444435    4.91499996    0.01900000
   11.01527786    4.91499996    0.01900000
   11.01638889    4.91499996    0.01900000
   11.01749992    4.91499996    0.01900000
   11.01833344    4.91499996    0.01900000
   11.01944447    4.91499996    0.01900000
   11.02027798    4.91499996    0.01900000
   11.02138901    4.91499996    0.01900000
   11.02250004    4.91499996    0.01900000
   11.02333355    4.91499996    0.01900000
   11.02444458    4.91499996    0.01900000
   11.02527714    4.91499996    0.01900000
   11.02638817    4.91499996    0.01900000
   11.02750015    4.91499996    0.01900000
   11.02833271    4.91499996    0.01900000
   11.02944374    4.91499996    0.01900000
   11.03249931    4.91499996    0.01900000
   11.03333378    4.91499996    0.01900000
   11.03555584    4.91499996    0.01900000
   11.03638935    4.91499996    0.01900000
   11.03750038    4.91499996    0.01900000
   11.03833389    4.91499996    0.01900000
   11.03944492    4.91499996    0.01900000
   11.04027843    4.91499996    0.01900000
   11.04138947    4.91499996    0.01900000
   11.04250050    4.91499996    0.01900000
   11.04333401    4.91499996    0.01900000
   11.04444504    4.91499996    0.01900000
   11.04555607    4.91499996    0.01900000
   11.04638958    4.91499996    0.01900000
   11.04750061    4.91499996    0.01900000
   11.04944515    4.91499996    0.01900000
   11.05027771    4.91499996    0.01900000
   11.05638885    4.91499996    0.01900000
   11.06222248    4.91499996    0.01900000
   11.07222176    4.91499996    0.01900000
   11.07833290    4.91499996    0.01900000
   11.08222198    4.91499996    0.01900000
   11.08611107    4.91499996    0.01900000
   11.08916664    4.91499996    0.01900000
   11.09333324    4.91499996    0.01900000
   11.09527779    4.91499996    0.01900000
   11.09611034    4.91499996    0.01900000
   11.09722233    4.89599991    0.01900000
   11.10027790    4.91499996    0.01900000
   11.10138893    4.91499996    0.01900000
   11.10416698    4.91499996    0.01900000
   11.10722256    4.91499996    0.01900000
   11.11222267    4.91499996    0.01900000
   11.12916660    4.91499996    0.01900000
   11.13000011    4.91499996    0.01900000
   11.13111115    4.91499996    0.01900000
   11.13500023    4.91499996    0.01900000
   11.13611126    4.91499996    0.01900000
   11.13722229    4.91499996    0.01900000
   11.13805580    4.91499996    0.01900000
   11.13916683    4.91499996    0.01900000
   11.14027786    4.91499996    0.01900000
   11.14111137    4.91499996    0.01900000
   11.14222240    4.91499996    0.01900000
   11.14305496    4.91499996    0.01900000
   11.14416695    4.91499996    0.01900000
   11.14527798    4.91499996    0.01900000
   11.14611053    4.91499996    0.01900000
   11.14722252    4.91499996    0.01900000
   11.14805508    4.91499996    0.01900000
   11.14916611    4.91499996    0.01900000
   11.15027714    4.91499996    0.01900000
   11.15111065    4.91499996    0.01900000
   11.15222168    4.91499996    0.01900000
   11.15305519    4.91499996    0.01900000
   11.15416622    4.91499996    0.01900000
   11.15499973    4.91499996    0.01900000
   11.15611076    4.91499996    0.01900000
   11.15722179    4.91499996    0.01900000
   11.15805531    4.91499996    0.01900000
   11.15916634    4.91499996    0.01900000
   11.15999985    4.91499996    0.01900000
   11.16111088    4.91499996    0.01900000
   11.16416645    4.91499996    0.01900000
   11.16499996    4.91499996    0.01900000
   11.16611099    4.91499996    0.01900000
   11.16722298    4.91499996    0.01900000
   11.16805553    4.91499996    0.01900000
   11.17000008    4.91499996    0.01900000
   11.17111111    4.91499996    0.01900000
   11.18000031    4.91499996    0.01900000
   11.18305588    4.91499996    0.01900000
   11.18416691    4.91499996    0.01900000
   11.19000053    4.91499996    0.01900000
   11.19111156    4.91499996    0.01900000
   11.19222260    4.91499996    0.01900000
   11.19305515    4.91499996    0.01900000
   11.19416714    4.91499996    0.01900000
   11.19499969    4.91499996    0.01900000
   11.19611073    4.91499996    0.01900000
   11.19722271    4.91499996    0.01900000
   11.20027733    4.91499996    0.01900000
   11.20416641    4.91499996    0.01900000
   11.20611095    4.91499996    0.01900000
   11.20722198    4.91499996    0.01900000
   11.20916653    4.91499996    0.01900000
   11.21027756    4.91499996    0.01900000
   11.21222210    4.91499996    0.01900000
   11.21333313    4.91499996    0.01900000
   11.21416664    4.91499996    0.01900000
   11.21527767    4.91499996    0.01900000
   11.21611118    4.91499996    0.01900000
   11.21722221    4.91499996    0.01900000
   11.21833324    4.91499996    0.01900000
   11.21916580    4.91499996    0.01900000
   11.22027779    4.91499996    0.01900000
   11.22138882    4.91499996    0.01900000
   11.22722149    4.91499996    0.01900000
   11.22833252    4.91499996    0.01900000
   11.22944355    4.91499996    0.01900000
   11.23027706    4.91499996    0.01900000
   11.23138809    4.91499996    0.01900000
   11.23222160    4.91499996    0.01900000
   11.23333359    4.91499996    0.01900000
   11.23444462    4.91499996    0.01900000
   11.23527813    4.91499996    0.01900000
   11.23638916    4.91499996    0.01900000
   11.23722267    4.91499996    0.01900000
   11.23833370    4.91499996    0.01900000
   11.23944473    4.91499996    0.01900000
   11.24138927    4.91499996    0.01900000
   11.25333309    4.91499996    0.01900000
   11.25416660    4.91499996    0.01900000
   11.25527763    4.91499996    0.01900000
   11.25638866    4.91499996    0.01900000
   11.25722218    4.91499996    0.01900000
   11.25833321    4.91499996    0.01900000
   11.25944424    4.91499996    0.01900000
   11.26027775    4.91499996    0.01900000
   11.26222229    4.91499996    0.01900000
   11.26333332    4.91499996    0.01900000
   11.26444435    4.91499996    0.01900000
   11.26527786    4.91499996    0.01900000
   11.26638889    4.91499996    0.01900000
   11.26722240    4.91499996    0.01900000
   11.26833344    4.91499996    0.01900000
   11.26944447    4.91499996    0.01900000
   11.27027798    4.91499996    0.01900000
   11.27138901    4.91499996    0.01900000
   11.27250004    4.91499996    0.01900000
   11.27333355    4.91499996    0.01900000
   11.27444458    4.91499996    0.01900000
   11.27527714    4.91499996    0.01900000
   11.27638817    4.91499996    0.01900000
   11.27750015    4.91499996    0.01900000
   11.27833271    4.91499996    0.01900000
   11.27944374    4.91499996    0.01900000
   11.28027725    4.91499996    0.01900000
   11.28138828    4.91499996    0.01900000
   11.28249931    4.91499996    0.01900000
   11.28333378    4.91499996    0.03800000
   11.28444481    4.91499996    0.01900000
   11.28555584    4.91499996    0.03800000
   11.28638935    4.91499996    0.03800000
   11.28750038    4.91499996    0.01900000
   11.28833389    4.91499996    0.03800000
   11.28944492    4.91499996    0.01900000
   11.29027843    4.91499996    0.01900000
   11.29138947    4.91499996    0.01900000
   11.29250050    4.91499996    0.01900000
   11.29333401    4.91499996    0.01900000
   11.29444504    4.91499996    0.03800000
   11.29527855    4.91499996    0.03800000
   11.29638958    4.91499996    0.01900000
   11.29750061    4.91499996    0.03800000
   11.29833412    4.91499996    0.03800000
   11.29944515    4.91499996    0.03800000
   11.30055618    4.91499996    0.03800000
   11.30138874    4.91499996    0.03800000
   11.30249977    4.91499996    0.03800000
   11.30333328    4.91499996    0.03800000
   11.30444431    4.91499996    0.03800000
   11.30555534    4.91499996    0.03800000
   11.30638885    4.91499996    0.03800000
   11.30749989    4.91499996    0.03800000
   11.30833340    4.91499996    0.05700000
   11.30944443    4.91499996    0.03800000
   11.31055546    4.91499996    0.03800000
   11.31138897    4.91499996    0.03800000
   11.31250000    4.91499996    0.05700000
   11.31333351    4.91499996    0.05700000
   11.31444454    4.91499996    0.05700000
   11.31555557    4.91499996    0.05700000
   11.31638908    4.91499996    0.03800000
   11.31750011    4.91499996    0.03800000
   11.31861115    4.91499996    0.03800000
   11.31944466    4.91499996    0.03800000
   11.32055569    4.91499996    0.03800000
   11.32138920    4.91499996    0.03800000
   11.32250023    4.91499996    0.03800000
   11.32333374    4.91499996    0.05700000
   11.32444477    4.91499996    0.03800000
   11.32555580    4.91499996    0.03800000
   11.32638836    4.91499996    0.01900000
   11.32750034    4.91499996    0.03800000
   11.32861137    4.91499996    0.03800000
   11.32944393    4.91499996    0.03800000
   11.33055592    4.91499996    0.05700000
   11.33138847    4.91499996    0.03800000
   11.33249950    4.91499996    0.05700000
   11.33361053    4.91499996    0.05700000
   11.33444405    4.91499996    0.05700000
   11.33555508    4.91499996    0.03800000
   11.33666611    4.91499996    0.05700000
   11.33749962    4.91499996    0.05700000
   11.33861065    4.91499996    0.05700000
   11.33944416    4.91499996    0.05700000
   11.34055519    4.91499996    0.05700000
   11.34166622    4.91499996    0.03800000
   11.34249973    4.91499996    0.03800000
   11.34361076    4.91499996    0.03800000
   11.34444427    4.91499996    0.05700000
   11.34555531    4.91499996    0.05700000
   11.34666634    4.91499996    0.03800000
   11.34749985    4.91499996    0.05700000
   11.34861088    4.91499996    0.03800000
   11.34944439    4.91499996    0.03800000
   11.35055637    4.91499996    0.03800000
   11.35166740    4.91499996    0.03800000
   11.35249996    4.91499996    0.05700000
   11.35361195    4.91499996    0.05700000
   11.35444450    4.91499996    0.03800000
   11.35555553    4.91499996    0.03800000
   11.35666752    4.91499996    0.03800000
   11.35750008    4.91499996    0.03800000
   11.35861111    4.91499996    0.03800000
   11.35944462    4.91499996    0.03800000
   11.36055565    4.91499996    0.03800000
   11.36166668    4.91499996    0.03800000
   11.36250019    4.91499996    0.03800000
   11.36361122    4.91499996    0.05700000
   11.36472225    4.91499996    0.03800000
   11.36555576    4.91499996    0.03800000
   11.36666679    4.91499996    0.05700000
   11.36750031    4.91499996    0.03800000
   11.36861134    4.91499996    0.03800000
   11.36944485    4.91499996    0.03800000
   11.37055588    4.91499996    0.03800000
   11.37166691    4.91499996    0.03800000
   11.37250042    4.91499996    0.03800000
   11.37361145    4.91499996    0.03800000
   11.37444496    4.91499996    0.03800000
   11.37555599    4.91499996    0.03800000
   11.37666702    4.91499996    0.03800000
   11.37750053    4.91499996    0.03800000
   11.37861156    4.91499996    0.03800000
   11.37972260    4.91499996    0.03800000
   11.38055611    4.91499996    0.03800000
   11.38166714    4.91499996    0.03800000
   11.38249969    4.91499996    0.03800000
   11.38361073    4.91499996    0.05700000
   11.38472176    4.91499996    0.03800000
   11.38555527    4.91499996    0.03800000
   11.38666630    4.91499996    0.05700000
   11.38749981    4.91499996    0.03800000
   11.38861084    4.91499996    0.03800000
   11.38972187    4.91499996    0.05700000
   11.39055538    4.91499996    0.05700000
   11.39166641    4.91499996    0.03800000
   11.39249992    4.91499996    0.05700000
   11.39361095    4.91499996    0.05700000
   11.39472198    4.91499996    0.05700000
   11.39555550    4.91499996    0.05700000
   11.39666653    4.91499996    0.05700000
   11.39750004    4.91499996    0.05700000
   11.39861107    4.91499996    0.05700000
   11.39972210    4.91499996    0.07700000
   11.40055561    4.91499996    0.05700000
   11.40166664    4.91499996    0.05700000
   11.40249920    4.91499996    0.05700000
   11.40361118    4.91499996    0.05700000
   11.40472221    4.91499996    0.05700000
   11.40555477    4.91499996    0.05700000
   11.40666676    4.91499996    0.05700000
   11.40749931    4.91499996    0.05700000
   11.40861034    4.91499996    0.05700000
   11.40972137    4.91499996    0.05700000
   11.41055489    4.91499996    0.07700000
   11.41166592    4.91499996    0.07700000
   11.41277695    4.91499996    0.05700000
   11.41361046    4.91499996    0.05700000
   11.41472149    4.91499996    0.07700000
   11.41555500    4.91499996    0.07700000
   11.41666698    4.91499996    0.07700000
   11.41750050    4.91499996    0.07700000
   11.41861153    4.91499996    0.09600000
   11.41972256    4.91499996    0.09600000
   11.42055607    4.91499996    0.09600000
   11.42166710    4.91499996    0.09600000
   11.42277813    4.91499996    0.09600000
   11.42361164    4.91499996    0.09600000
   11.42472267    4.91499996    0.09600000
   11.42555618    4.91499996    0.09600000
   11.42666721    4.91499996    0.11500000
   11.42777824    4.91499996    0.11500000
   11.42861176    4.91499996    0.11500000
   11.42972279    4.91499996    0.09600000
   11.43083382    4.91499996    0.09600000
   11.43166733    4.91499996    0.09600000
   11.43277836    4.91499996    0.09600000
   11.43361092    4.91499996    0.09600000
   11.43472195    4.91499996    0.09600000
   11.43583298    4.91499996    0.11500000
   11.43666649    4.91499996    0.15400000
   11.43777752    4.91499996    0.15400000
   11.43888855    4.91499996    0.15400000
   11.43972206    4.91499996    0.15400000
   11.44083309    4.91499996    0.11500000
   11.44166660    4.91499996    0.11500000
   11.44277763    4.91499996    0.11500000
   11.44388866    4.91499996    0.13400000
   11.44472218    4.91499996    0.15400000
   11.44583321    4.91499996    0.15400000
   11.44694424    4.91499996    0.15400000
   11.44777775    4.91499996    0.15400000
   11.44888878    4.91499996    0.15400000
   11.44972229    4.91499996    0.13400000
   11.45083332    4.91499996    0.13400000
   11.45194435    4.91499996    0.13400000
   11.45277786    4.91499996    0.13400000
   11.45388889    4.91499996    0.13400000
   11.45472240    4.91499996    0.13400000
   11.45583344    4.91499996    0.11500000
   11.45666695    4.91499996    0.11500000
   11.45777798    4.91499996    0.11500000
   11.45888901    4.91499996    0.13400000
   11.45972157    4.91499996    0.11500000
   11.46083355    4.91499996    0.13400000
   11.46166611    4.91499996    0.13400000
   11.46277714    4.91499996    0.15400000
   11.46388912    4.91499996    0.13400000
   11.46472168    4.91499996    0.13400000
   11.46583271    4.91499996    0.11500000
   11.46694374    4.91499996    0.15400000
   11.46777725    4.91499996    0.15400000
   11.46888828    4.91499996    0.17299999
   11.46972179    4.91499996    0.17299999
   11.47083282    4.91499996    0.17299999
   11.47166634    4.91499996    0.19200000
   11.47277737    4.91499996    0.19200000
   11.47388840    4.91499996    0.17299999
   11.47472191    4.91499996    0.15400000
   11.47583294    4.91499996    0.15400000
   11.47694397    4.91499996    0.15400000
   11.47777748    4.91499996    0.17299999
   11.47888851    4.91499996    0.15400000
   11.47999954    4.91499996    0.15400000
   11.48083305    4.91499996    0.11500000
   11.48194408    4.91499996    0.15400000
   11.48277760    4.91499996    0.15400000
   11.48388958    4.91499996    0.15400000
   11.48472214    4.91499996    0.15400000
   11.48583317    4.91499996    0.11500000
   11.48694515    4.91499996    0.11500000
   11.48777771    4.91499996    0.11500000
   11.48888874    4.91499996    0.11500000
   11.48972225    4.91499996    0.11500000
   11.49083328    4.91499996    0.11500000
   11.49194431    4.91499996    0.11500000
   11.49277782    4.91499996    0.15400000
   11.49388885    4.91499996    0.15400000
   11.49499989    4.91499996    0.15400000
   11.49583340    4.91499996    0.15400000
   11.49694443    4.91499996    0.15400000
   11.49777794    4.91499996    0.15400000
   11.49888897    4.91499996    0.15400000
   11.50000000    4.91499996    0.15400000
   11.50083351    4.91499996    0.15400000
   11.50194454    4.91499996    0.15400000
   11.50277805    4.91499996    0.13400000
   11.50388908    4.91499996    0.11500000
   11.50500011    4.91499996    0.11500000
   11.50583363    4.91499996    0.11500000
   11.50694466    4.91499996    0.09600000
   11.50777817    4.91499996    0.09600000
   11.50888920    4.91499996    0.09600000
   11.51000023    4.91499996    0.09600000
   11.51083374    4.91499996    0.09600000
   11.51194477    4.91499996    0.11500000
   11.51305580    4.91499996    0.11500000
   11.51388931    4.91499996    0.13400000
   11.51500034    4.91499996    0.13400000
   11.51583290    4.91499996    0.11500000
   11.51694393    4.91499996    0.11500000
   11.51805496    4.91499996    0.09600000
   11.51888847    4.91499996    0.09600000
   11.51999950    4.91499996    0.09600000
   11.52111053    4.91499996    0.09600000
   11.52194405    4.91499996    0.09600000
   11.52305508    4.91499996    0.07700000
   11.52388859    4.91499996    0.07700000
   11.52499962    4.91499996    0.09600000
   11.52611065    4.91499996    0.07700000
   11.52694416    4.91499996    0.07700000
   11.52805519    4.91499996    0.07700000
   11.52888870    4.91499996    0.07700000
   11.52999973    4.91499996    0.09600000
   11.53111076    4.91499996    0.07700000
   11.53194427    4.91499996    0.07700000
   11.53305531    4.91499996    0.07700000
   11.53416729    4.91499996    0.09600000
   11.53500080    4.91499996    0.09600000
   11.53611183    4.91499996    0.09600000
   11.53694534    4.91499996    0.09600000
   11.53805637    4.91499996    0.09600000
   11.53916740    4.91499996    0.09600000
   11.54000092    4.91499996    0.09600000
   11.54111195    4.91499996    0.09600000
   11.54194450    4.91499996    0.09600000
   11.54305553    4.91499996    0.11500000
   11.54416752    4.91499996    0.09600000
   11.54500008    4.91499996    0.09600000
   11.54611111    4.91499996    0.09600000
   11.54694462    4.91499996    0.09600000
   11.54805565    4.91499996    0.11500000
   11.54916668    4.91499996    0.09600000
   11.55000019    4.91499996    0.11500000
   11.55111122    4.91499996    0.15400000
   11.55222225    4.91499996    0.15400000
   11.55305576    4.91499996    0.15400000
   11.55416679    4.91499996    0.13400000
   11.55500031    4.91499996    0.15400000
   11.55611134    4.91499996    0.15400000
   11.55722237    4.91499996    0.15400000
   11.55805588    4.91499996    0.15400000
   11.55916691    4.91499996    0.15400000
   11.56000042    4.91499996    0.15400000
   11.56111145    4.91499996    0.15400000
   11.56194496    4.91499996    0.15400000
   11.56305599    4.91499996    0.15400000
   11.56416702    4.91499996    0.15400000
   11.56500053    4.91499996    0.15400000
   11.56611156    4.91499996    0.15400000
   11.56722260    4.91499996    0.13400000
   11.56805515    4.91499996    0.13400000
   11.56916618    4.91499996    0.13400000
   11.56999969    4.91499996    0.13400000
   11.57111073    4.91499996    0.13400000
   11.57194424    4.91499996    0.13400000
   11.57305527    4.91499996    0.13400000
   11.57416630    4.91499996    0.13400000
   11.57499981    4.91499996    0.13400000
   11.57611084    4.91499996    0.13400000
   11.57722187    4.91499996    0.13400000
   11.57805538    4.91499996    0.13400000
   11.57916641    4.91499996    0.13400000
   11.57999992    4.91499996    0.15400000
   11.58111095    4.91499996    0.15400000
   11.58222198    4.91499996    0.17299999
   11.58305550    4.91499996    0.15400000
   11.58416653    4.91499996    0.15400000
   11.58500004    4.91499996    0.17299999
   11.58611107    4.91499996    0.17299999
   11.58722210    4.91499996    0.17299999
   11.58805561    4.91499996    0.17299999
   11.58916664    4.91499996    0.17299999
   11.59027767    4.91499996    0.17299999
   11.59111118    4.91499996    0.17299999
   11.59222221    4.91499996    0.17299999
   11.59305477    4.91499996    0.17299999
   11.59416676    4.91499996    0.19200000
   11.59499931    4.91499996    0.19200000
   11.59611034    4.91499996    0.19200000
   11.59722233    4.91499996    0.19200000
   11.59805489    4.91499996    0.21200000
   11.59916592    4.91499996    0.21200000
   11.60027790    4.91499996    0.23100001
   11.60111141    4.91499996    0.25000000
   11.60222244    4.91499996    0.26899999
   11.60305595    4.91499996    0.26899999
   11.60416698    4.91499996    0.25000000
   11.60527802    4.91499996    0.23100001
   11.60611153    4.91499996    0.23100001
   11.60722256    4.91499996    0.25000000
   11.60833359    4.91499996    0.25000000
   11.60916710    4.91499996    0.25000000
   11.61027813    4.91499996    0.23100001
   11.61138916    4.91499996    0.23100001
   11.61222267    4.91499996    0.25000000
   11.61333370    4.91499996    0.23100001
   11.61416721    4.91499996    0.23100001
   11.61527824    4.91499996    0.23100001
   11.61638927    4.91499996    0.23100001
   11.61722279    4.91499996    0.23100001
   11.61833382    4.91499996    0.19200000
   11.61916637    4.91499996    0.19200000
   11.62027836    4.91499996    0.21200000
   11.62138939    4.91499996    0.25000000
   11.62222195    4.91499996    0.25000000
   11.62333393    4.91499996    0.25000000
   11.62416649    4.91499996    0.25000000
   11.62527752    4.91499996    0.21200000
   11.62611103    4.91499996    0.21200000
   11.62722206    4.91499996    0.21200000
   11.62833309    4.91499996    0.21200000
   11.62916660    4.91499996    0.21200000
   11.63027763    4.91499996    0.21200000
   11.63111115    4.91499996    0.21200000
   11.63222218    4.91499996    0.21200000
   11.63333321    4.91499996    0.25000000
   11.63416672    4.91499996    0.25000000
   11.63527775    4.91499996    0.21200000
   11.63611126    4.91499996    0.17299999
   11.63722229    4.91499996    0.17299999
   11.63805580    4.91499996    0.19200000
   11.63916683    4.91499996    0.21200000
   11.64027786    4.91499996    0.19200000
   11.64111137    4.91499996    0.19200000
   11.64222240    4.91499996    0.21200000
   11.64333344    4.91499996    0.21200000
   11.64416695    4.91499996    0.23100001
   11.64527798    4.91499996    0.26899999
   11.64638901    4.91499996    0.32699999
   11.64722252    4.91499996    0.46200001
   11.64833355    4.91499996    0.48100001
   11.64916611    4.91499996    0.46200001
   11.65027714    4.91499996    0.46200001
   11.65138817    4.91499996    0.48100001
   11.65222168    4.91499996    0.48100001
   11.65333271    4.91499996    0.42399999
   11.65416622    4.91499996    0.40400001
   11.65527725    4.91499996    0.38499999
   11.65638828    4.91499996    0.34599999
   11.65722179    4.91499996    0.30800000
   11.65833282    4.91499996    0.30800000
   11.65916634    4.91499996    0.30800000
   11.66027737    4.91499996    0.30800000
   11.66138840    4.91499996    0.28900000
   11.66222191    4.91499996    0.30800000
   11.66333294    4.91499996    0.30800000
   11.66416645    4.91499996    0.30800000
   11.66527748    4.91499996    0.26899999
   11.66638851    4.91499996    0.23100001
   11.66722298    4.91499996    0.23100001
   11.66833401    4.91499996    0.21200000
   11.66916656    4.91499996    0.19200000
   11.67027855    4.91499996    0.19200000
   11.67138958    4.91499996    0.19200000
   11.67222214    4.91499996    0.19200000
   11.67333412    4.91499996    0.19200000
   11.67416668    4.91499996    0.19200000
   11.67527771    4.91499996    0.19200000
   11.67611122    4.91499996    0.19200000
   11.67722225    4.91499996    0.19200000
   11.67833328    4.91499996    0.19200000
   11.67916679    4.91499996    0.21200000
   11.68027782    4.91499996    0.21200000
   11.68111134    4.91499996    0.23100001
   11.68222237    4.91499996    0.23100001
   11.68333340    4.91499996    0.25000000
   11.68416691    4.91499996    0.28900000
   11.68527794    4.91499996    0.28900000
   11.68638897    4.91499996    0.28900000
   11.68722248    4.91499996    0.28900000
   11.68833351    4.91499996    0.28900000
   11.68916702    4.91499996    0.26899999
   11.69027805    4.91499996    0.28900000
   11.69111156    4.91499996    0.32699999
   11.69222260    4.91499996    0.28900000
   11.69333363    4.91499996    0.28900000
   11.69416714    4.91499996    0.28900000
   11.69527817    4.91499996    0.28900000
   11.69638920    4.91499996    0.26899999
   11.69722271    4.91499996    0.26899999
   11.69833374    4.91499996    0.25000000
   11.69916630    4.91499996    0.26899999
   11.70027733    4.91499996    0.26899999
   11.70138836    4.91499996    0.28900000
   11.70222187    4.91499996    0.26899999
   11.70333290    4.91499996    0.26899999
   11.70416641    4.91499996    0.34599999
   11.70527744    4.91499996    0.34599999
   11.70638847    4.91499996    0.38499999
   11.70722198    4.91499996    0.40400001
   11.70833302    4.91499996    0.38499999
   11.70916653    4.91499996    0.36600000
   11.71027756    4.91499996    0.34599999
   11.71111107    4.91499996    0.30800000
   11.71222210    4.91499996    0.25000000
   11.71333313    4.91499996    0.23100001
   11.71416664    4.91499996    0.21200000
   11.71527767    4.91499996    0.23100001
   11.71611118    4.91499996    0.34599999
   11.71722221    4.91499996    0.42399999
   11.71833324    4.91499996    0.38499999
   11.71916580    4.91499996    0.34599999
   11.72027779    4.91499996    0.30800000
   11.72138882    4.91499996    0.26899999
   11.72222137    4.91499996    0.30800000
   11.72333336    4.91499996    0.32699999
   11.72416592    4.91499996    0.30800000
   11.72527695    4.91499996    0.30800000
   11.72638798    4.91499996    0.32699999
   11.72722149    4.91499996    0.38499999
   11.72833252    4.91499996    0.40400001
   11.72916603    4.91499996    0.42399999
   11.73027706    4.91499996    0.46200001
   11.73111057    4.91499996    0.46200001
   11.73222160    4.91499996    0.36600000
   11.73333359    4.91499996    0.32699999
   11.73416710    4.91499996    0.34599999
   11.73527813    4.91499996    0.34599999
   11.73611164    4.91499996    0.32699999
   11.73722267    4.91499996    0.30800000
   11.73833370    4.91499996    0.30800000
   11.73916721    4.91499996    0.28900000
   11.74027824    4.91499996    0.26899999
   11.74111176    4.91499996    0.25000000
   11.74222279    4.91499996    0.25000000
   11.74305534    4.91499996    0.28900000
   11.74416733    4.91499996    0.32699999
   11.74527836    4.91499996    0.32699999
   11.74611092    4.91499996    0.34599999
   11.74722290    4.91499996    0.32699999
   11.74805546    4.91499996    0.30800000
   11.74916649    4.91499996    0.26899999
   11.75027752    4.91499996    0.30800000
   11.75111103    4.91499996    0.32699999
   11.75222206    4.91499996    0.36600000
   11.75333309    4.91499996    0.32699999
   11.75416660    4.91499996    0.32699999
   11.75527763    4.91499996    0.32699999
   11.75611115    4.91499996    0.32699999
   11.75722218    4.91499996    0.30800000
   11.75833321    4.91499996    0.30800000
   11.75916672    4.91499996    0.28900000
   11.76027775    4.91499996    0.30800000
   11.76138878    4.91499996    0.30800000
   11.76222229    4.91499996    0.28900000
   11.76333332    4.91499996    0.32699999
   11.76416683    4.91499996    0.34599999
   11.76527786    4.91499996    0.36600000
   11.76638889    4.91499996    0.30800000
   11.76722240    4.91499996    0.26899999
   11.76833344    4.91499996    0.23100001
   11.76916599    4.91499996    0.23100001
   11.77027798    4.91499996    0.25000000
   11.77138901    4.91499996    0.28900000
   11.77222157    4.91499996    0.26899999
   11.77333355    4.91499996    0.25000000
   11.77416611    4.91499996    0.23100001
   11.77527714    4.91499996    0.25000000
   11.77638817    4.91499996    0.28900000
   11.77722168    4.91499996    0.30800000
   11.77833271    4.91499996    0.28900000
   11.77916622    4.91499996    0.26899999
   11.78027725    4.91499996    0.28900000
   11.78111076    4.91499996    0.32699999
   11.78222179    4.91499996    0.34599999
   11.78333378    4.91499996    0.34599999
   11.78416729    4.91499996    0.34599999
   11.78527832    4.91499996    0.38499999
   11.78611183    4.91499996    0.34599999
   11.78722286    4.91499996    0.32699999
   11.78833389    4.91499996    0.34599999
   11.78916740    4.91499996    0.34599999
   11.79027843    4.91499996    0.34599999
   11.79138947    4.91499996    0.34599999
   11.79222298    4.91499996    0.32699999
   11.79333401    4.91499996    0.34599999
   11.79416752    4.91499996    0.38499999
   11.79527855    4.91499996    0.46200001
   11.79638958    4.91499996    0.40400001
   11.79722309    4.91499996    0.38499999
   11.79833412    4.91499996    0.44299999
   11.79916668    4.91499996    0.46200001
   11.80027771    4.91499996    0.46200001
   11.80138874    4.91499996    0.40400001
   11.80222225    4.91499996    0.38499999
   11.80333328    4.91499996    0.32699999
   11.80416679    4.91499996    0.30800000
   11.80527782    4.91499996    0.30800000
   11.80638885    4.91499996    0.28900000
   11.80722237    4.91499996    0.26899999
   11.80833340    4.91499996    0.25000000
   11.80944443    4.91499996    0.25000000
   11.81027794    4.91499996    0.23100001
   11.81138897    4.91499996    0.23100001
   11.81222248    4.91499996    0.25000000
   11.81333351    4.91499996    0.25000000
   11.81444454    4.91499996    0.25000000
   11.81527805    4.91499996    0.25000000
   11.81638908    4.91499996    0.25000000
   11.81722260    4.91499996    0.25000000
   11.81833363    4.91499996    0.21200000
   11.81944466    4.91499996    0.21200000
   11.82027817    4.91499996    0.23100001
   11.82138920    4.91499996    0.25000000
   11.82222176    4.91499996    0.28900000
   11.82333374    4.91499996    0.25000000
   11.82444477    4.91499996    0.25000000
