    HOUR (UT)     SKY TESTER    SUN TESTER
   15.24138927    1.02100003    0.01900000
   15.24305534    0.42399999    0.53899997
   15.24388885    0.50099999    0.63599998
   15.24472237    0.51999998    0.65499997
   15.24555588    0.50099999    0.65499997
   15.24638939    0.19200000    0.53899997
   15.24722290    4.91499996    2.79500008
   15.24805546    4.54899979    2.71799994
   15.24888897    4.53000021    2.71799994
   15.25000000    4.53000021    2.73699999
   15.25111103    4.51000023    2.71799994
   15.25194454    4.49100018    2.71799994
   15.25305557    4.45300007    2.71799994
   15.25388908    4.43300009    2.71799994
   15.25500011    4.43300009    2.73699999
   15.25611115    4.45300007    2.71799994
   15.25694466    4.47200012    2.73699999
   15.25805569    4.49100018    2.71799994
   15.25888920    4.51000023    2.71799994
   15.26000023    4.53000021    2.73699999
   15.26083374    4.53000021    2.73699999
   15.26194477    4.53000021    2.73699999
   15.26277733    4.51000023    2.71799994
   15.26388931    4.51000023    2.71799994
   15.26500034    4.51000023    2.71799994
   15.26583290    4.53000021    2.71799994
   15.26694393    4.54899979    2.73699999
   15.26805496    4.56799984    2.71799994
   15.26888847    4.60699987    2.73699999
   15.26999950    4.60699987    2.73699999
   15.27083302    4.62599993    2.75600004
   15.27194405    4.66499996    2.73699999
   15.27277756    4.66499996    2.73699999
   15.27388859    4.66499996    2.73699999
   15.27499962    4.64499998    2.71799994
   15.27583313    4.62599993    2.73699999
   15.27694416    4.62599993    2.73699999
   15.27777767    4.64499998    2.73699999
   15.27888870    4.68400002    2.73699999
   15.27972221    4.74200010    2.73699999
   15.28083324    4.85699987    2.73699999
   15.28194427    4.91499996    2.73699999
   15.28277779    4.91499996    2.73699999
   15.28388977    4.91499996    2.71799994
   15.28500080    4.91499996    2.71799994
   15.28583336    4.91499996    2.71799994
   15.28694534    4.91499996    2.71799994
   15.28777790    4.91499996    2.71799994
   15.28888893    4.91499996    2.73699999
   15.29000092    4.91499996    2.73699999
   15.29083347    4.91499996    2.73699999
   15.29194450    4.91499996    2.73699999
   15.29305553    4.91499996    2.73699999
   15.29388905    4.91499996    2.73699999
   15.29500008    4.91499996    2.71799994
   15.29583359    4.91499996    2.71799994
   15.29694462    4.91499996    2.71799994
   15.29777813    4.91499996    2.71799994
   15.29888916    4.91499996    2.71799994
   15.30000019    4.91499996    2.71799994
   15.30083370    4.91499996    2.71799994
   15.30194473    4.91499996    2.73699999
   15.30277824    4.91499996    2.73699999
   15.30388927    4.91499996    2.73699999
   15.30472279    4.91499996    2.73699999
   15.30583382    4.91499996    2.73699999
   15.30666733    4.91499996    2.71799994
   15.30777836    4.91499996    2.71799994
   15.30888939    4.91499996    2.71799994
   15.30972195    4.91499996    2.73699999
   15.31083393    4.91499996    2.71799994
   15.31166649    4.91499996    2.71799994
   15.31277752    4.91499996    2.71799994
   15.31361103    4.91499996    2.71799994
   15.31472206    4.91499996    2.73699999
   15.31583309    4.91499996    2.73699999
   15.31666660    4.91499996    2.71799994
   15.31777763    4.91499996    2.71799994
   15.31861115    4.91499996    2.71799994
   15.31972218    4.91499996    2.69799995
   15.32083321    4.91499996    2.69799995
   15.32166672    4.91499996    2.71799994
   15.32277775    4.91499996    2.69799995
   15.32388878    4.91499996    2.67899990
   15.32472229    4.91499996    2.64000010
   15.32583332    4.91499996    2.64000010
   15.32666683    4.91499996    2.56299996
   15.32777786    4.91499996    2.56299996
   15.32861137    4.91499996    2.56299996
   15.32972240    4.91499996    2.58299994
   15.33083344    4.91499996    2.56299996
   15.33166695    4.91499996    2.52500010
   15.33277798    4.91499996    2.56299996
   15.33361053    4.91499996    2.60200000
   15.33472157    4.91499996    2.62100005
   15.33555508    4.91499996    2.62100005
   15.33666611    4.91499996    2.58299994
   15.33749962    4.91499996    2.50600004
   15.33861065    4.91499996    2.52500010
   15.33972168    4.91499996    2.46700001
   15.34055519    4.91499996    2.44799995
   15.34166622    4.91499996    2.44799995
   15.34249973    4.91499996    2.46700001
   15.34361076    4.91499996    2.50600004
   15.34444427    4.91499996    2.52500010
   15.34555531    4.91499996    2.58299994
   15.34638882    4.91499996    2.58299994
   15.34749985    4.91499996    2.60200000
   15.34861088    4.91499996    2.54399991
   15.34944439    4.91499996    2.54399991
   15.35055637    4.91499996    2.52500010
   15.35138893    4.91499996    2.50600004
   15.35249996    4.91499996    2.44799995
   15.35361195    4.91499996    2.44799995
   15.35444450    4.91499996    2.42799997
   15.35555553    4.91499996    2.40899992
   15.35638905    4.91499996    2.35100007
   15.35750008    4.91499996    2.33200002
   15.35861111    4.91499996    2.25500011
   15.35944462    4.91499996    2.29399991
   15.36055565    4.91499996    2.29399991
   15.36138916    4.91499996    2.25500011
   15.36250019    4.91499996    2.04299998
   15.36333370    4.91499996    1.36800003
   15.36444473    4.91499996    1.30999994
   15.36555576    4.91499996    1.27199996
   15.36638927    4.91499996    1.83099997
   15.36750031    4.91499996    2.00399995
   15.36861134    4.91499996    2.10100007
   15.36944485    4.91499996    2.08100009
   15.37055588    4.91499996    2.11999989
   15.37138939    4.91499996    2.02399993
   15.37250042    4.91499996    2.02399993
   15.37333393    4.91499996    2.02399993
   15.37444496    4.91499996    1.98500001
   15.37527752    4.91499996    1.92700005
   15.37638855    4.91499996    1.86899996
   15.37750053    4.91499996    1.69599998
   15.37833309    4.91499996    1.44500005
   15.37944412    4.91499996    1.38699996
   15.38055611    4.91499996    0.98299998
   15.38138866    4.91499996    0.75099999
   15.38249969    4.91499996    0.38499999
   15.38333321    4.91499996    0.38499999
   15.38444424    4.91499996    0.28900000
   15.38527775    4.91499996    0.21200000
   15.38638878    4.91499996    0.30800000
   15.38722229    4.91499996    0.25000000
   15.38833332    4.91499996    0.17299999
   15.38944435    4.91499996    0.07700000
   15.39027786    4.91499996    0.03800000
   15.39138889    4.91499996    0.03800000
   15.39222240    4.91499996    0.01900000
   15.39333344    4.80000019    0.01900000
   15.40888882    4.70300007    0.01900000
   15.40972137    4.91499996    0.01900000
   15.41083336    4.91499996    0.03800000
   15.41194439    4.91499996    0.05700000
   15.41277695    4.91499996    0.07700000
   15.41388893    4.91499996    0.13400000
   15.41472149    4.91499996    0.15400000
   15.41583252    4.91499996    0.11500000
   15.41666698    4.91499996    0.11500000
   15.41777802    4.91499996    0.09600000
   15.41888905    4.91499996    0.11500000
   15.41972256    4.91499996    0.09600000
   15.42083359    4.91499996    0.07700000
   15.42194462    4.91499996    0.05700000
   15.42277813    4.91499996    0.03800000
   15.42388916    4.91499996    0.03800000
   15.42472267    4.91499996    0.03800000
   15.42583370    4.91499996    0.03800000
   15.42666721    4.91499996    0.05700000
   15.42777824    4.91499996    0.09600000
   15.42888927    4.91499996    0.07700000
   15.42972279    4.91499996    0.05700000
   15.43083382    4.91499996    0.05700000
   15.43166733    4.91499996    0.05700000
   15.43277836    4.91499996    0.05700000
   15.43361092    4.91499996    0.05700000
   15.43472195    4.91499996    0.05700000
   15.43583298    4.91499996    0.05700000
   15.43666649    4.91499996    0.07700000
   15.43777752    4.91499996    0.05700000
   15.43888855    4.91499996    0.05700000
   15.43972206    4.91499996    0.03800000
   15.44083309    4.91499996    0.03800000
   15.44166660    4.91499996    0.03800000
   15.44277763    4.91499996    0.05700000
   15.44361115    4.91499996    0.05700000
   15.44472218    4.91499996    0.07700000
   15.44583321    4.91499996    0.09600000
   15.44666672    4.91499996    0.13400000
   15.44777775    4.91499996    0.15400000
   15.44861126    4.91499996    0.21200000
   15.44972229    4.91499996    0.30800000
   15.45055580    4.91499996    0.44299999
   15.45166683    4.91499996    0.51999998
   15.45249939    4.91499996    0.65499997
   15.45361137    4.91499996    0.77100003
   15.45472240    4.91499996    0.79000002
   15.45555496    4.91499996    0.92500001
   15.45666695    4.91499996    0.94400001
   15.45749950    4.91499996    1.05999994
   15.45861053    4.91499996    1.02100003
   15.45944405    4.91499996    0.98299998
   15.46055508    4.91499996    1.19500005
   15.46138859    4.91499996    1.27199996
   15.46249962    4.91499996    1.25300002
   15.46361065    4.91499996    1.21399999
   15.46444416    4.91499996    1.46500003
   15.46555519    4.91499996    1.65699995
   15.46638870    4.91499996    1.75399995
   15.46749973    4.91499996    1.63800001
   15.46861076    4.91499996    1.77300000
   15.46944427    4.91499996    1.92700005
   15.47055531    4.91499996    1.61899996
   15.47138882    4.91499996    1.81200004
   15.47249985    4.91499996    1.61899996
   15.47333336    4.91499996    1.58000004
   15.47444439    4.91499996    1.75399995
   15.47555542    4.91499996    2.08100009
   15.47638798    4.91499996    1.86899996
   15.47749996    4.91499996    1.67700005
   15.47833252    4.91499996    1.46500003
   15.47944355    4.91499996    1.54200006
   15.48055553    4.91499996    2.04299998
   15.48138809    4.91499996    2.02399993
   15.48249912    4.91499996    2.10100007
   15.48333359    4.91499996    1.98500001
   15.48444462    4.91499996    2.00399995
   15.48555565    4.91499996    2.08100009
   15.48638916    4.91499996    2.10100007
   15.48750019    4.91499996    2.04299998
   15.48833370    4.91499996    2.02399993
   15.48944473    4.91499996    2.00399995
   15.49027824    4.91499996    2.02399993
   15.49138927    4.91499996    2.15899992
   15.49250031    4.91499996    2.17799997
   15.49333382    4.91499996    2.17799997
   15.49444485    4.91499996    2.10100007
   15.49527836    4.91499996    2.19700003
   15.49638939    4.91499996    2.13899994
   15.49722290    4.91499996    2.11999989
   15.49833393    4.91499996    2.08100009
   15.49944496    4.91499996    2.15899992
   15.50027752    4.91499996    2.23600006
   15.50138855    4.91499996    2.27399993
   15.50222206    4.91499996    2.15899992
   15.50333309    4.91499996    2.04299998
   15.50444412    4.91499996    1.96599996
   15.50527763    4.91499996    2.17799997
   15.50638866    4.91499996    2.15899992
   15.50722218    4.91499996    2.23600006
   15.50833321    4.91499996    2.40899992
   15.50944424    4.91499996    2.39000010
   15.51027775    4.91499996    2.29399991
   15.51138878    4.91499996    2.19700003
   15.51222229    4.91499996    2.04299998
   15.51333332    4.91499996    2.06200004
   15.51416683    4.91499996    2.21600008
   15.51527786    4.91499996    1.98500001
   15.51611137    4.91499996    2.02399993
   15.51722240    4.91499996    2.13899994
   15.51833344    4.91499996    2.17799997
   15.51916599    4.91499996    2.21600008
   15.52027798    4.91499996    2.25500011
   15.52111053    4.91499996    2.39000010
   15.52222157    4.91499996    2.39000010
   15.52305508    4.91499996    2.46700001
   15.52416611    4.91499996    2.46700001
   15.52527714    4.91499996    2.37100005
   15.52611065    4.91499996    2.27399993
   15.52722168    4.91499996    2.15899992
   15.52805519    4.91499996    1.94700003
   15.52916622    4.91499996    1.98500001
   15.52999973    4.91499996    1.86899996
   15.53111076    4.91499996    1.79200006
   15.53194427    4.91499996    1.79200006
   15.53305531    4.91499996    1.85000002
   15.53416729    4.91499996    1.85000002
   15.53500080    4.91499996    1.98500001
   15.53611183    4.91499996    2.04299998
   15.53722286    4.91499996    2.00399995
   15.53805637    4.91499996    2.06200004
   15.53916740    4.91499996    2.23600006
   15.54000092    4.91499996    2.37100005
   15.54111195    4.91499996    2.46700001
   15.54194450    4.91499996    2.46700001
   15.54305553    4.91499996    2.44799995
   15.54416752    4.91499996    2.31299996
   15.54500008    4.91499996    2.25500011
   15.54611111    4.91499996    1.98500001
   15.54694462    4.91499996    1.71500003
   15.54805565    4.91499996    1.23300004
   15.54916668    4.91499996    0.90600002
   15.55000019    4.91499996    0.96300000
   15.55111122    4.91499996    1.03999996
   15.55194473    4.91499996    0.98299998
   15.55305576    4.91499996    0.86699998
   15.55388927    4.91499996    1.07900000
   15.55500031    4.91499996    1.17499995
   15.55611134    4.91499996    1.25300002
   15.55694485    4.91499996    1.05999994
   15.55805588    4.91499996    1.13699996
   15.55888939    4.91499996    1.19500005
   15.56027794    4.91499996    1.05999994
   15.56111145    4.91499996    0.94400001
   15.56222248    4.91499996    0.88599998
   15.56305599    4.91499996    1.09800005
   15.56416702    4.91499996    1.40699995
   15.56527805    4.91499996    1.67700005
   15.56611156    4.91499996    1.92700005
   15.56722260    4.91499996    2.17799997
   15.56805515    4.91499996    2.40899992
   15.56916618    4.91499996    2.58299994
   15.57027817    4.91499996    2.64000010
   15.57111073    4.91499996    2.64000010
   15.57222176    4.91499996    2.71799994
   15.57305527    4.91499996    2.71799994
   15.57416630    4.91499996    2.71799994
   15.57499981    4.91499996    2.71799994
   15.57611084    4.91499996    2.71799994
   15.57722187    4.91499996    2.71799994
   15.57805538    4.91499996    2.71799994
   15.57916641    4.91499996    2.67899990
   15.58027744    4.91499996    2.71799994
   15.58111095    4.91499996    2.71799994
   15.58222198    4.91499996    2.73699999
   15.58305550    4.91499996    2.71799994
   15.58416653    4.91499996    2.75600004
   15.58500004    4.91499996    2.73699999
   15.58611107    4.91499996    2.75600004
   15.58722210    4.91499996    2.75600004
   15.58805561    4.91499996    2.73699999
   15.58916664    4.81899977    2.73699999
   15.59000015    4.72200012    2.75600004
   15.59111118    4.80000019    2.75600004
   15.59194374    4.91499996    2.77500010
   15.59305477    4.91499996    2.71799994
   15.59416676    4.91499996    2.67899990
   15.59499931    4.91499996    2.69799995
   15.59611034    4.91499996    2.44799995
   15.59694386    4.91499996    2.35100007
   15.59805489    4.91499996    2.58299994
   15.59888840    4.91499996    2.60200000
   15.60000038    4.91499996    2.58299994
   15.60111141    4.91499996    2.50600004
   15.60194492    4.91499996    2.54399991
   15.60305595    4.91499996    2.56299996
   15.60388947    4.91499996    2.64000010
   15.60500050    4.91499996    2.71799994
   15.60611153    4.91499996    2.73699999
   15.60694504    4.91499996    2.71799994
   15.60805607    4.91499996    2.73699999
   15.60888958    4.91499996    2.73699999
   15.61000061    4.91499996    2.71799994
   15.61083412    4.91499996    2.62100005
   15.61194515    4.91499996    2.69799995
   15.61305618    4.91499996    2.73699999
   15.61388969    4.91499996    2.71799994
   15.61500072    4.91499996    2.69799995
   15.61583328    4.91499996    2.64000010
   15.61694431    4.91499996    2.58299994
   15.61805534    4.91499996    2.56299996
   15.61888885    4.91499996    2.40899992
   15.61999989    4.91499996    2.39000010
   15.62083340    4.91499996    2.33200002
   15.62194443    4.91499996    2.40899992
   15.62305546    4.91499996    2.58299994
   15.62388897    4.91499996    2.50600004
   15.62500000    4.91499996    2.44799995
   15.62583351    4.91499996    2.50600004
   15.62694454    4.91499996    2.58299994
   15.62805557    4.91499996    2.69799995
   15.62888908    4.91499996    2.64000010
   15.63000011    4.91499996    2.75600004
   15.63083363    4.91499996    2.69799995
   15.63194466    4.91499996    2.71799994
   15.63277817    4.91499996    2.73699999
   15.63388920    4.91499996    2.75600004
   15.63472176    4.81899977    2.75600004
   15.63583279    4.64499998    2.75600004
   15.63694477    4.54899979    2.75600004
   15.63777733    4.51000023    2.75600004
   15.63888836    4.53000021    2.77500010
   15.64000034    4.53000021    2.75600004
   15.64083290    4.49100018    2.75600004
   15.64194393    4.47200012    2.75600004
   15.64277744    4.45300007    2.77500010
   15.64388847    4.43300009    2.77500010
   15.64499950    4.43300009    2.75600004
   15.64583302    4.43300009    2.75600004
   15.64694405    4.43300009    2.75600004
   15.64777756    4.45300007    2.77500010
   15.64888859    4.45300007    2.77500010
   15.64999962    4.51000023    2.77500010
   15.65083313    4.60699987    2.79500008
   15.65194416    4.76100016    2.75600004
   15.65305519    4.91499996    2.75600004
   15.65388870    4.91499996    2.75600004
   15.65499973    4.91499996    2.77500010
   15.65583324    4.91499996    2.73699999
   15.65694427    4.91499996    2.73699999
   15.65805531    4.91499996    2.71799994
   15.65888882    4.91499996    2.66000009
   15.65999985    4.91499996    2.67899990
   15.66083336    4.91499996    2.71799994
   15.66194439    4.91499996    2.73699999
   15.66305542    4.91499996    2.73699999
   15.66388893    4.91499996    2.71799994
   15.66499996    4.91499996    2.67899990
   15.66583252    4.91499996    2.66000009
   15.66694450    4.91499996    2.71799994
   15.66805553    4.91499996    2.75600004
   15.66888905    4.91499996    2.73699999
   15.67000008    4.91499996    2.75600004
   15.67083359    4.89599991    2.75600004
   15.67194462    4.74200010    2.77500010
   15.67277813    4.64499998    2.75600004
   15.67388916    4.49100018    2.77500010
   15.67500019    4.35599995    2.75600004
   15.67583370    4.37500000    2.75600004
   15.67694473    4.43300009    2.77500010
   15.67805576    4.41400003    2.77500010
   15.67888927    4.39499998    2.77500010
   15.68000031    4.43300009    2.77500010
   15.68083382    4.47200012    2.75600004
   15.68194485    4.49100018    2.75600004
   15.68305588    4.51000023    2.75600004
   15.68388939    4.56799984    2.75600004
   15.68500042    4.60699987    2.75600004
   15.68583298    4.56799984    2.75600004
   15.68694496    4.43300009    2.77500010
   15.68805599    4.31799984    2.77500010
   15.68888855    4.26000023    2.77500010
   15.69000053    4.33699989    2.75600004
   15.69083309    4.43300009    2.77500010
   15.69194412    4.41400003    2.73699999
   15.69277763    4.56799984    2.75600004
   15.69388866    4.64499998    2.77500010
   15.69499969    4.39499998    2.77500010
   15.69583321    4.29799986    2.77500010
   15.69694424    4.26000023    2.77500010
   15.69777775    4.26000023    2.77500010
   15.69888878    4.33699989    2.75600004
   15.69999981    4.41400003    2.75600004
   15.70083332    4.43300009    2.77500010
   15.70194435    4.27899981    2.77500010
   15.70277786    4.12500000    2.77500010
   15.70388889    4.04799986    2.77500010
   15.70472240    3.99000001    2.77500010
   15.70583344    4.00899982    2.77500010
   15.70694447    3.99000001    2.77500010
   15.70777798    4.06699991    2.77500010
   15.70888901    4.18300009    2.77500010
   15.70972157    4.31799984    2.75600004
   15.71083355    4.53000021    2.77500010
   15.71194458    4.70300007    2.77500010
   15.71277714    4.74200010    2.77500010
   15.71388912    4.80000019    2.77500010
   15.71472168    4.85699987    2.75600004
   15.71583271    4.91499996    2.77500010
   15.71694374    4.91499996    2.77500010
   15.71777725    4.91499996    2.77500010
   15.71888828    4.91499996    2.73699999
   15.71972179    4.91499996    2.73699999
   15.72083282    4.91499996    2.75600004
   15.72194386    4.91499996    2.75600004
   15.72277737    4.91499996    2.71799994
   15.72388840    4.91499996    2.73699999
   15.72499943    4.91499996    2.71799994
   15.72583294    4.91499996    2.71799994
   15.72694397    4.91499996    2.67899990
   15.72777748    4.91499996    2.67899990
   15.72888851    4.91499996    2.69799995
   15.72972202    4.91499996    2.64000010
   15.73083305    4.91499996    2.64000010
   15.73166656    4.91499996    2.64000010
   15.73277760    4.91499996    2.54399991
   15.73388958    4.91499996    2.62100005
   15.73472214    4.91499996    2.66000009
   15.73583317    4.91499996    2.64000010
   15.73666668    4.91499996    2.62100005
   15.73777771    4.91499996    2.60200000
   15.73861122    4.91499996    2.58299994
   15.73972225    4.91499996    2.56299996
   15.74083328    4.91499996    2.56299996
   15.74166679    4.91499996    2.62100005
   15.74277782    4.91499996    2.56299996
   15.74361134    4.91499996    2.64000010
   15.74472237    4.91499996    2.62100005
   15.74583340    4.91499996    2.60200000
   15.74666691    4.91499996    2.66000009
   15.74777794    4.91499996    2.66000009
   15.74861145    4.91499996    2.64000010
   15.74972248    4.91499996    2.62100005
   15.75055599    4.91499996    2.62100005
   15.75166702    4.91499996    2.56299996
   15.75277805    4.91499996    2.56299996
   15.75361156    4.91499996    2.56299996
   15.75472260    4.91499996    2.56299996
   15.75555515    4.91499996    2.58299994
   15.75666714    4.91499996    2.60200000
   15.75749969    4.91499996    2.54399991
   15.75861073    4.91499996    2.48600006
   15.75944424    4.91499996    2.39000010
   15.76055527    4.91499996    2.39000010
   15.76138878    4.91499996    2.40899992
   15.76249981    4.91499996    2.40899992
   15.76361084    4.91499996    2.46700001
   15.76444435    4.91499996    2.54399991
   15.76555538    4.91499996    2.58299994
   15.76666641    4.91499996    2.48600006
   15.76749992    4.91499996    2.48600006
   15.76861095    4.91499996    2.46700001
   15.76944447    4.91499996    2.46700001
   15.77055550    4.91499996    2.44799995
   15.77138901    4.91499996    2.44799995
   15.77250004    4.91499996    2.44799995
   15.77361107    4.91499996    2.46700001
   15.77444458    4.91499996    2.52500010
   15.77555561    4.91499996    2.46700001
   15.77638817    4.91499996    2.56299996
   15.77750015    4.91499996    2.58299994
   15.77833271    4.91499996    2.54399991
   15.77944374    4.91499996    2.58299994
   15.78055573    4.91499996    2.60200000
   15.78138828    4.91499996    2.58299994
   15.78249931    4.91499996    2.54399991
   15.78333378    4.91499996    2.52500010
   15.78444481    4.91499996    2.54399991
   15.78555584    4.91499996    2.50600004
   15.78638935    4.91499996    2.50600004
   15.78750038    4.91499996    2.42799997
   15.78861141    4.91499996    2.46700001
   15.78944492    4.91499996    2.40899992
   15.79055595    4.91499996    2.33200002
   15.79138947    4.91499996    2.37100005
   15.79250050    4.91499996    2.29399991
   15.79333401    4.91499996    2.29399991
   15.79444504    4.91499996    2.39000010
   15.79555607    4.91499996    2.33200002
   15.79638958    4.91499996    2.29399991
   15.79750061    4.91499996    2.29399991
   15.79833412    4.91499996    2.23600006
   15.79944515    4.91499996    2.29399991
   15.80055618    4.91499996    2.29399991
   15.80138874    4.91499996    2.39000010
   15.80249977    4.91499996    2.37100005
   15.80333328    4.91499996    2.33200002
   15.80444431    4.91499996    2.35100007
   15.80555534    4.91499996    2.39000010
   15.80638885    4.91499996    2.33200002
   15.80749989    4.91499996    2.29399991
   15.80833340    4.91499996    2.31299996
   15.80944443    4.91499996    2.29399991
   15.81055546    4.91499996    2.35100007
   15.81138897    4.91499996    2.39000010
   15.81250000    4.91499996    2.42799997
   15.81333351    4.91499996    2.37100005
   15.81444454    4.91499996    2.39000010
   15.81527805    4.91499996    2.33200002
   15.81638908    4.91499996    2.31299996
   15.81750011    4.91499996    2.25500011
   15.81833363    4.91499996    2.25500011
   15.81944466    4.91499996    2.29399991
   15.82027817    4.91499996    2.33200002
   15.82138920    4.91499996    2.33200002
   15.82222176    4.91499996    2.23600006
   15.82333374    4.91499996    2.25500011
   15.82444477    4.91499996    2.21600008
   15.82527733    4.91499996    2.31299996
   15.82638836    4.91499996    2.35100007
   15.82722187    4.91499996    2.46700001
   15.82833290    4.91499996    2.56299996
   15.82944393    4.91499996    2.60200000
   15.83027744    4.91499996    2.56299996
   15.83138847    4.91499996    2.60200000
   15.83222198    4.91499996    2.60200000
   15.83333302    4.91499996    2.62100005
   15.83444405    4.91499996    2.58299994
   15.83527756    4.91499996    2.58299994
   15.83638859    4.91499996    2.56299996
   15.83722210    4.91499996    2.54399991
   15.83833313    4.91499996    2.58299994
   15.83916664    4.91499996    2.62100005
   15.84027767    4.91499996    2.64000010
   15.84138870    4.91499996    2.66000009
   15.84222221    4.91499996    2.64000010
   15.84333324    4.91499996    2.64000010
   15.84444427    4.91499996    2.62100005
   15.84527779    4.91499996    2.60200000
   15.84638882    4.91499996    2.58299994
   15.84722233    4.91499996    2.58299994
   15.84833336    4.91499996    2.64000010
   15.84916592    4.91499996    2.64000010
   15.85027790    4.91499996    2.66000009
   15.85138893    4.91499996    2.64000010
   15.85222244    4.91499996    2.62100005
   15.85333347    4.91499996    2.62100005
   15.85416698    4.91499996    2.73699999
   15.85527802    4.91499996    2.73699999
   15.85611153    4.91499996    2.71799994
   15.85722256    4.91499996    2.69799995
   15.85833359    4.91499996    2.73699999
   15.85916710    4.91499996    2.71799994
   15.86027813    4.91499996    2.75600004
   15.86111164    4.89599991    2.75600004
   15.86222267    4.54899979    2.75600004
   15.86333370    4.37500000    2.77500010
   15.86416721    4.16300011    2.77500010
   15.86527824    3.97099996    2.77500010
   15.86611176    3.83599997    2.77500010
   15.86722279    3.79699993    2.75600004
   15.86833382    3.75900006    2.75600004
   15.86916637    3.70099998    2.77500010
   15.87027836    3.60400009    2.79500008
   15.87111092    3.46900010    2.79500008
   15.87222195    3.25699997    2.79500008
   15.87305546    3.16100001    2.79500008
   15.87416649    3.18000007    2.79500008
   15.87527752    3.27699995    2.79500008
   15.87611103    3.27699995    2.79500008
   15.87722206    3.27699995    2.77500010
   15.87805557    3.29600000    2.79500008
   15.87916660    3.25699997    2.77500010
   15.88000011    3.27699995    2.79500008
   15.88111115    3.21900010    2.77500010
   15.88194466    3.16100001    2.79500008
   15.88305569    3.12199998    2.79500008
   15.88416672    3.10299993    2.79500008
   15.88500023    3.06500006    2.79500008
   15.88611126    3.00699997    2.79500008
   15.88694477    3.02600002    2.79500008
   15.88805580    3.06500006    2.79500008
   15.88916683    3.00699997    2.79500008
   15.89000034    3.00699997    2.77500010
   15.89111137    2.96799994    2.79500008
   15.89194393    2.87199998    2.79500008
   15.89305496    2.73699999    2.79500008
   15.89388847    2.69799995    2.79500008
   15.89499950    2.69799995    2.79500008
   15.89583302    2.73699999    2.79500008
   15.89694405    2.75600004    2.79500008
   15.89805508    2.77500010    2.79500008
   15.89888859    2.79500008    2.79500008
   15.89999962    2.75600004    2.79500008
   15.90083313    2.69799995    2.79500008
   15.90194416    2.66000009    2.79500008
   15.90277767    2.66000009    2.79500008
   15.90388870    2.66000009    2.79500008
   15.90499973    2.67899990    2.81399989
   15.90583324    2.66000009    2.79500008
   15.90694427    2.60200000    2.79500008
   15.90805531    2.56299996    2.79500008
   15.90888882    2.56299996    2.79500008
   15.90999985    2.56299996    2.79500008
   15.91083336    2.52500010    2.79500008
   15.91194439    2.50600004    2.79500008
   15.91305542    2.50600004    2.79500008
   15.91388893    2.48600006    2.79500008
   15.91499996    2.46700001    2.79500008
   15.91611099    2.46700001    2.79500008
   15.91694450    2.48600006    2.79500008
   15.91805553    2.54399991    2.79500008
   15.91888905    2.60200000    2.79500008
   15.92000008    2.69799995    2.79500008
   15.92111111    2.73699999    2.79500008
   15.92194462    2.73699999    2.79500008
   15.92305565    2.75600004    2.79500008
   15.92416668    2.73699999    2.79500008
   15.92500019    2.66000009    2.77500010
   15.92611122    2.64000010    2.79500008
   15.92694473    2.67899990    2.79500008
   15.92805576    2.71799994    2.79500008
   15.92888927    2.77500010    2.79500008
   15.93000031    2.83299994    2.79500008
   15.93083382    2.91000009    2.79500008
   15.93194485    3.06500006    2.79500008
   15.93305588    3.29600000    2.77500010
   15.93388939    3.43099999    2.79500008
   15.93500042    3.48900008    2.77500010
   15.93583298    3.50799990    2.77500010
   15.93694496    3.33400011    2.79500008
   15.93805599    3.20000005    2.79500008
   15.93888855    3.14199996    2.79500008
   15.94000053    3.29600000    2.75600004
   15.94083309    3.72000003    2.79500008
   15.94194412    3.68099999    2.77500010
   15.94305515    3.66199994    2.77500010
   15.94388866    3.75900006    2.77500010
   15.94499969    3.83599997    2.77500010
   15.94611073    3.81599998    2.77500010
   15.94694424    3.73900008    2.77500010
   15.94805527    3.70099998    2.77500010
   15.94888878    3.68099999    2.77500010
   15.94999981    3.70099998    2.77500010
   15.95111084    3.62400007    2.77500010
   15.95194435    3.60400009    2.77500010
   15.95305538    3.97099996    2.77500010
   15.95416641    4.18300009    2.77500010
   15.95499992    4.31799984    2.75600004
   15.95611095    4.72200012    2.77500010
   15.95694447    4.83799982    2.79500008
   15.95805550    4.70300007    2.75600004
   15.95888901    4.45300007    2.75600004
   15.96000004    4.20200014    2.73699999
   15.96111107    4.18300009    2.77500010
   15.96194458    4.10599995    2.77500010
   15.96305561    3.95099998    2.75600004
   15.96388912    3.81599998    2.77500010
   15.96500015    3.72000003    2.73699999
   15.96611118    3.72000003    2.77500010
   15.96694374    3.79699993    2.77500010
   15.96805477    3.89400005    2.77500010
   15.96888828    4.04799986    2.77500010
   15.96999931    4.14400005    2.77500010
   15.97083282    4.22100019    2.75600004
   15.97194386    4.16300011    2.75600004
   15.97305489    4.14400005    2.73699999
   15.97388840    4.08599997    2.75600004
   15.97499943    3.99000001    2.77500010
   15.97583294    3.95099998    2.77500010
   15.97694397    3.85500002    2.77500010
   15.97805500    3.81599998    2.77500010
   15.97888851    3.81599998    2.77500010
   15.97999954    3.91300011    2.77500010
   15.98083305    3.87400007    2.79500008
   15.98194408    3.64299989    2.77500010
   15.98305511    3.75900006    2.79500008
   15.98388958    4.08599997    2.79500008
   15.98500061    4.49100018    2.75600004
   15.98583317    4.91499996    2.71799994
   15.98694515    4.91499996    2.69799995
   15.98777771    4.91499996    2.58299994
   15.98888874    4.91499996    2.60200000
   15.99000072    4.91499996    2.56299996
   15.99083328    4.91499996    2.54399991
   15.99194431    4.91499996    2.56299996
   15.99277782    4.91499996    2.56299996
   15.99388885    4.91499996    2.52500010
   15.99499989    4.91499996    2.50600004
   15.99583340    4.91499996    2.19700003
   15.99694443    4.91499996    2.02399993
   15.99777794    4.91499996    1.71500003
   15.99888897    4.91499996    1.33000004
   16.00000000    4.91499996    1.40699995
   16.00083351    4.91499996    1.05999994
   16.00194359    4.91499996    1.03999996
   16.00277710    4.91499996    1.19500005
   16.00388908    4.91499996    1.25300002
   16.00499916    4.91499996    1.17499995
   16.00583267    4.91499996    1.29100001
   16.00694466    4.91499996    1.38699996
   16.00777817    4.91499996    1.48399997
   16.00888824    4.91499996    1.40699995
   16.01000023    4.91499996    1.29100001
   16.01083374    4.91499996    1.19500005
   16.01194382    4.91499996    1.25300002
   16.01277733    4.91499996    1.02100003
   16.01388931    4.91499996    1.42600000
   16.01499939    4.91499996    1.34899998
   16.01583290    4.91499996    1.09800005
   16.01694489    4.91499996    1.03999996
   16.01777840    4.91499996    1.07900000
   16.01888847    4.91499996    1.09800005
   16.02000046    4.91499996    1.27199996
   16.02083397    4.91499996    1.40699995
   16.02194405    4.91499996    1.25300002
   16.02277756    4.91499996    1.27199996
   16.02388954    4.91499996    1.25300002
   16.02499962    4.91499996    1.34899998
   16.02583313    4.91499996    1.21399999
   16.02694511    4.91499996    1.13699996
   16.02777672    4.91499996    1.09800005
   16.02888870    4.91499996    1.15600002
   16.03000069    4.91499996    1.15600002
   16.03083229    4.91499996    1.30999994
   16.03194427    4.91499996    1.54200006
   16.03277779    4.91499996    1.79200006
   16.03388786    4.91499996    2.29399991
   16.03472137    4.91499996    2.60200000
   16.03583336    4.91499996    2.58299994
   16.03694344    4.91499996    2.56299996
   16.03777695    4.91499996    2.64000010
   16.03888893    4.91499996    2.66000009
   16.03972244    4.91499996    2.69799995
   16.04083252    4.91499996    2.75600004
   16.04194450    4.87699986    2.77500010
   16.04277802    4.43300009    2.73699999
   16.04388809    4.43300009    2.73699999
   16.04472160    4.56799984    2.75600004
   16.04583359    4.66499996    2.73699999
   16.04666710    4.78000021    2.71799994
   16.04777718    4.89599991    2.71799994
   16.04888916    4.91499996    2.73699999
   16.04972076    4.91499996    2.73699999
   16.05083275    4.91499996    2.73699999
   16.05166626    4.91499996    2.73699999
   16.05277634    4.91499996    2.73699999
   16.05360985    4.91499996    2.69799995
   16.05472183    4.91499996    2.50600004
   16.05583191    4.91499996    2.44799995
   16.05666542    4.91499996    2.48600006
   16.05777740    4.91499996    2.35100007
   16.05861092    4.91499996    2.35100007
   16.05972099    4.91499996    2.64000010
   16.06083298    4.91499996    2.69799995
   16.06166649    4.91499996    2.75600004
   16.06277657    4.72200012    2.73699999
   16.06361008    4.22100019    2.73699999
   16.06472206    3.97099996    2.75600004
   16.06555557    3.70099998    2.75600004
   16.06666756    3.46900010    2.77500010
   16.06750107    3.33400011    2.79500008
   16.06861115    3.27699995    2.77500010
   16.06972313    3.25699997    2.77500010
   16.07055664    3.27699995    2.77500010
   16.07166672    3.31500006    2.79500008
   16.07250023    3.35400009    2.77500010
   16.07361221    3.39199996    2.79500008
   16.07472229    3.41199994    2.79500008
   16.07555580    3.43099999    2.79500008
   16.07666779    3.31500006    2.79500008
   16.07750130    3.25699997    2.79500008
   16.07861137    3.20000005    2.79500008
   16.07972336    3.18000007    2.79500008
   16.08055687    3.16100001    2.79500008
   16.08166695    3.16100001    2.77500010
   16.08250046    3.20000005    2.79500008
   16.08361244    3.21900010    2.79500008
   16.08444595    3.18000007    2.79500008
   16.08555603    3.16100001    2.79500008
   16.08666801    3.18000007    2.79500008
   16.08750153    3.14199996    2.77500010
   16.08861160    3.10299993    2.79500008
   16.08944511    3.08400011    2.79500008
   16.09055710    3.08400011    2.77500010
   16.09166718    3.06500006    2.79500008
   16.09250069    3.04500008    2.79500008
   16.09361267    3.04500008    2.79500008
   16.09444427    3.00699997    2.79500008
   16.09555626    2.96799994    2.79500008
   16.09666824    2.94899988    2.79500008
   16.09749985    2.93000007    2.79500008
   16.09861183    2.91000009    2.79500008
   16.09944534    2.91000009    2.79500008
   16.10055542    2.91000009    2.79500008
   16.10138893    2.89100003    2.79500008
   16.10250092    2.89100003    2.79500008
   16.10361099    2.87199998    2.79500008
   16.10444450    2.85299993    2.79500008
   16.10555649    2.83299994    2.79500008
   16.10639000    2.79500008    2.77500010
   16.10750008    2.77500010    2.79500008
   16.10833359    2.77500010    2.77500010
   16.10944557    2.73699999    2.79500008
   16.11055565    2.73699999    2.79500008
   16.11138916    2.73699999    2.79500008
   16.11250114    2.73699999    2.79500008
   16.11361122    2.73699999    2.79500008
   16.11444473    2.73699999    2.79500008
   16.11555672    2.73699999    2.79500008
   16.11638832    2.73699999    2.79500008
   16.11750031    2.75600004    2.79500008
   16.11861038    2.75600004    2.79500008
   16.11944389    2.77500010    2.79500008
   16.12055588    2.79500008    2.79500008
   16.12138939    2.83299994    2.79500008
   16.12249947    2.85299993    2.79500008
   16.12333298    2.87199998    2.79500008
   16.12444496    2.91000009    2.79500008
   16.12555504    2.93000007    2.79500008
   16.12638855    2.93000007    2.79500008
   16.12750053    2.93000007    2.79500008
   16.12833405    2.91000009    2.77500010
   16.12944412    2.91000009    2.79500008
   16.13027763    2.89100003    2.79500008
   16.13138962    2.89100003    2.79500008
   16.13249969    2.89100003    2.79500008
   16.13333321    2.89100003    2.79500008
   16.13444519    2.89100003    2.77500010
   16.13527679    2.91000009    2.79500008
   16.13638878    2.93000007    2.79500008
   16.13750076    2.94899988    2.77500010
   16.13833237    2.94899988    2.77500010
   16.13944435    2.94899988    2.79500008
   16.14055634    2.94899988    2.77500010
   16.14138794    2.94899988    2.79500008
   16.14249992    2.93000007    2.79500008
   16.14333344    2.91000009    2.79500008
   16.14444351    2.93000007    2.79500008
   16.14555550    2.93000007    2.79500008
   16.14638901    2.91000009    2.79500008
   16.14749908    2.93000007    2.77500010
   16.14833260    2.94899988    2.77500010
   16.14944458    3.00699997    2.79500008
   16.15055466    3.06500006    2.79500008
   16.15138817    3.18000007    2.77500010
   16.15250015    3.25699997    2.79500008
   16.15333366    3.25699997    2.79500008
   16.15444374    3.27699995    2.79500008
   16.15555573    3.29600000    2.77500010
   16.15638924    3.33400011    2.77500010
   16.15749931    3.46900010    2.79500008
   16.15833282    3.54699993    2.77500010
   16.15944481    3.62400007    2.79500008
   16.16027832    3.77800012    2.77500010
   16.16138840    3.95099998    2.77500010
   16.16250038    4.10599995    2.75600004
   16.16333389    4.29799986    2.75600004
   16.16444397    4.49100018    2.73699999
   16.16527748    4.66499996    2.73699999
   16.16638756    4.78000021    2.71799994
   16.16749954    4.74200010    2.73699999
   16.16833305    4.62599993    2.75600004
   16.16944313    4.60699987    2.73699999
   16.17027664    4.66499996    2.75600004
   16.17138863    4.78000021    2.75600004
   16.17222214    4.78000021    2.77500010
   16.17333221    4.66499996    2.77500010
   16.17416573    4.49100018    2.77500010
   16.17527771    4.37500000    2.75600004
   16.17638779    4.35599995    2.77500010
   16.17722130    4.24100018    2.77500010
   16.17833328    4.04799986    2.75600004
   16.17916679    4.04799986    2.73699999
   16.18027687    4.33699989    2.73699999
   16.18138885    4.58799982    2.73699999
   16.18222237    4.85699987    2.71799994
   16.18333244    4.91499996    2.71799994
   16.18416595    4.91499996    2.69799995
   16.18527603    4.91499996    2.66000009
   16.18638802    4.91499996    2.64000010
   16.18722153    4.91499996    2.64000010
   16.18833160    4.91499996    2.56299996
   16.18916512    4.91499996    2.58299994
   16.19027710    4.91499996    2.58299994
   16.19138718    4.91499996    2.62100005
   16.19222069    4.91499996    2.56299996
   16.19333267    4.91499996    2.54399991
   16.19416618    4.91499996    2.66000009
   16.19527626    4.91499996    2.69799995
   16.19610977    4.91499996    2.64000010
   16.19722176    4.91499996    2.64000010
   16.19833183    4.91499996    2.64000010
   16.19916534    4.91499996    2.66000009
   16.20027924    4.91499996    2.69799995
   16.20111275    4.91499996    2.69799995
   16.20222282    4.91499996    2.67899990
   16.20305634    4.91499996    2.66000009
   16.20416832    4.91499996    2.62100005
   16.20527840    4.91499996    2.62100005
   16.20611191    4.91499996    2.56299996
   16.20722389    4.91499996    2.52500010
   16.20805550    4.91499996    2.46700001
   16.20916748    4.91499996    2.52500010
   16.21000099    4.91499996    2.58299994
   16.21111107    4.91499996    2.54399991
   16.21194458    4.91499996    2.50600004
   16.21305656    4.91499996    2.62100005
   16.21416664    4.91499996    2.71799994
   16.21500015    4.91499996    2.75600004
   16.21611214    4.58799982    2.77500010
   16.21694565    4.22100019    2.77500010
   16.21805573    3.73900008    2.79500008
   16.21916771    3.35400009    2.77500010
   16.22000122    3.27699995    2.77500010
   16.22111130    3.23799992    2.77500010
   16.22194481    3.16100001    2.79500008
   16.22305679    3.08400011    2.79500008
   16.22389030    3.04500008    2.79500008
   16.22500038    3.04500008    2.79500008
   16.22611237    2.96799994    2.79500008
   16.22694588    2.89100003    2.79500008
   16.22805595    2.87199998    2.79500008
   16.22888947    2.85299993    2.79500008
   16.23000145    2.85299993    2.79500008
   16.23111153    2.85299993    2.77500010
   16.23194504    2.85299993    2.79500008
   16.23305511    2.83299994    2.77500010
   16.23388863    2.83299994    2.79500008
   16.23500061    2.81399989    2.79500008
   16.23611069    2.81399989    2.77500010
   16.23694420    2.81399989    2.79500008
   16.23805618    2.81399989    2.77500010
   16.23888969    2.79500008    2.79500008
   16.23999977    2.79500008    2.79500008
   16.24083328    2.79500008    2.77500010
   16.24194527    2.79500008    2.79500008
   16.24305534    2.77500010    2.79500008
   16.24388885    2.77500010    2.79500008
   16.24500084    2.75600004    2.79500008
   16.24611092    2.73699999    2.79500008
   16.24694443    2.73699999    2.79500008
   16.24805641    2.71799994    2.79500008
   16.24888992    2.69799995    2.79500008
   16.25000000    2.69799995    2.79500008
   16.25083351    2.67899990    2.79500008
   16.25194359    2.66000009    2.79500008
   16.25305557    2.66000009    2.79500008
   16.25388908    2.66000009    2.79500008
   16.25499916    2.66000009    2.79500008
   16.25611115    2.66000009    2.79500008
   16.25694466    2.64000010    2.79500008
   16.25805473    2.64000010    2.79500008
   16.25888824    2.64000010    2.79500008
   16.26000023    2.64000010    2.79500008
   16.26111031    2.64000010    2.79500008
   16.26194382    2.64000010    2.79500008
   16.26305580    2.64000010    2.79500008
   16.26388931    2.66000009    2.79500008
   16.26499939    2.66000009    2.79500008
   16.26583290    2.67899990    2.79500008
   16.26694489    2.67899990    2.79500008
   16.26805496    2.67899990    2.79500008
   16.26888847    2.69799995    2.79500008
   16.27000046    2.69799995    2.79500008
   16.27111053    2.71799994    2.79500008
   16.27194405    2.71799994    2.79500008
   16.27305603    2.71799994    2.79500008
   16.27388954    2.71799994    2.79500008
   16.27499962    2.71799994    2.79500008
   16.27583313    2.71799994    2.79500008
   16.27694511    2.69799995    2.79500008
   16.27805519    2.69799995    2.79500008
   16.27888870    2.69799995    2.79500008
   16.28000069    2.67899990    2.79500008
   16.28083229    2.66000009    2.79500008
   16.28194427    2.66000009    2.79500008
   16.28305435    2.64000010    2.77500010
   16.28388786    2.64000010    2.77500010
   16.28499985    2.64000010    2.79500008
   16.28583336    2.64000010    2.79500008
   16.28694344    2.64000010    2.79500008
   16.28777695    2.66000009    2.79500008
   16.28888893    2.66000009    2.79500008
   16.28999901    2.66000009    2.79500008
   16.29083252    2.66000009    2.79500008
   16.29194450    2.64000010    2.79500008
   16.29277802    2.64000010    2.79500008
   16.29388809    2.64000010    2.77500010
   16.29500008    2.62100005    2.77500010
   16.29583359    2.62100005    2.79500008
   16.29694366    2.60200000    2.79500008
   16.29777718    2.60200000    2.79500008
   16.29888916    2.58299994    2.79500008
   16.29999924    2.58299994    2.77500010
   16.30083275    2.58299994    2.79500008
   16.30194283    2.58299994    2.79500008
   16.30277634    2.58299994    2.79500008
   16.30388832    2.58299994    2.79500008
   16.30499840    2.58299994    2.79500008
   16.30583191    2.60200000    2.79500008
   16.30694389    2.60200000    2.79500008
   16.30805397    2.60200000    2.79500008
   16.30888748    2.60200000    2.79500008
   16.30999947    2.60200000    2.79500008
   16.31083298    2.62100005    2.79500008
   16.31194305    2.62100005    2.79500008
   16.31277657    2.64000010    2.77500010
   16.31388855    2.66000009    2.79500008
   16.31499863    2.67899990    2.79500008
   16.31583214    2.69799995    2.79500008
   16.31694603    2.69799995    2.79500008
   16.31805611    2.69799995    2.79500008
   16.31888962    2.69799995    2.79500008
   16.32000160    2.69799995    2.79500008
   16.32083511    2.69799995    2.79500008
   16.32194519    2.69799995    2.79500008
   16.32305717    2.69799995    2.79500008
   16.32389069    2.69799995    2.79500008
   16.32500076    2.69799995    2.79500008
   16.32583427    2.71799994    2.79500008
   16.32694626    2.69799995    2.79500008
   16.32805634    2.71799994    2.79500008
   16.32888985    2.71799994    2.79500008
   16.33000183    2.71799994    2.79500008
   16.33083344    2.71799994    2.79500008
   16.33194542    2.69799995    2.79500008
   16.33277893    2.71799994    2.79500008
   16.33388901    2.71799994    2.79500008
   16.33500099    2.71799994    2.79500008
   16.33583450    2.73699999    2.77500010
   16.33694458    2.75600004    2.79500008
   16.33777809    2.77500010    2.77500010
   16.33889008    2.81399989    2.79500008
   16.33972359    2.85299993    2.79500008
   16.34083366    2.91000009    2.79500008
   16.34194565    2.94899988    2.79500008
   16.34277916    2.96799994    2.79500008
   16.34388924    2.98699999    2.79500008
   16.34500122    3.02600002    2.77500010
   16.34583473    3.04500008    2.79500008
   16.34694481    3.04500008    2.77500010
   16.34777832    3.04500008    2.77500010
   16.34889030    3.00699997    2.79500008
   16.35000038    3.00699997    2.79500008
   16.35083389    3.00699997    2.79500008
   16.35194397    2.98699999    2.77500010
   16.35277748    2.98699999    2.77500010
   16.35388947    2.98699999    2.79500008
   16.35472298    2.98699999    2.79500008
   16.35583305    3.00699997    2.79500008
   16.35694504    3.00699997    2.77500010
   16.35777855    3.02600002    2.77500010
   16.35888863    3.02600002    2.79500008
   16.35972214    3.02600002    2.79500008
   16.36083412    3.02600002    2.77500010
   16.36166763    3.04500008    2.79500008
   16.36277771    3.04500008    2.77500010
   16.36361122    3.06500006    2.79500008
   16.36472321    3.06500006    2.79500008
   16.36583328    3.06500006    2.77500010
   16.36666679    3.02600002    2.77500010
   16.36777878    3.00699997    2.77500010
   16.36861038    3.02600002    2.79500008
   16.36972237    3.04500008    2.79500008
   16.37055588    3.04500008    2.77500010
   16.37166595    3.06500006    2.77500010
   16.37277794    3.08400011    2.77500010
   16.37361145    3.10299993    2.79500008
   16.37472153    3.12199998    2.79500008
   16.37583351    3.14199996    2.77500010
   16.37666702    3.14199996    2.77500010
   16.37777710    3.12199998    2.79500008
   16.37861061    3.10299993    2.79500008
   16.37972260    3.10299993    2.79500008
   16.38083267    3.12199998    2.79500008
   16.38166618    3.10299993    2.79500008
   16.38277817    3.08400011    2.77500010
   16.38361168    3.08400011    2.77500010
   16.38472176    3.10299993    2.79500008
   16.38555527    3.12199998    2.79500008
   16.38666725    3.12199998    2.79500008
   16.38777733    3.14199996    2.77500010
   16.38861084    3.21900010    2.77500010
   16.38972282    3.35400009    2.79500008
   16.39055634    3.50799990    2.77500010
   16.39166641    3.68099999    2.77500010
   16.39277840    3.97099996    2.73699999
   16.39361191    4.31799984    2.77500010
   16.39472198    4.24100018    2.75600004
   16.39555550    4.26000023    2.73699999
   16.39666748    4.41400003    2.77500010
   16.39749908    4.24100018    2.79500008
   16.39861107    3.64299989    2.77500010
   16.39972115    3.37299991    2.77500010
   16.40055466    3.35400009    2.77500010
   16.40166664    3.35400009    2.79500008
   16.40250015    3.27699995    2.77500010
   16.40361023    3.16100001    2.77500010
   16.40444374    3.10299993    2.79500008
   16.40555573    3.06500006    2.79500008
   16.40666580    3.06500006    2.79500008
   16.40749931    3.06500006    2.79500008
   16.40861130    3.06500006    2.77500010
   16.40972137    3.06500006    2.79500008
   16.41055489    3.08400011    2.79500008
   16.41166687    3.10299993    2.79500008
   16.41250038    3.14199996    2.79500008
   16.41361046    3.14199996    2.79500008
   16.41472244    3.14199996    2.79500008
   16.41555595    3.18000007    2.77500010
   16.41666603    3.21900010    2.77500010
   16.41749954    3.25699997    2.79500008
   16.41860962    3.29600000    2.77500010
   16.41972160    3.37299991    2.77500010
   16.42055511    3.46900010    2.77500010
   16.42166519    3.56599998    2.77500010
   16.42249870    3.52699995    2.79500008
   16.42361069    3.48900008    2.77500010
   16.42444420    3.45000005    2.77500010
   16.42555428    3.41199994    2.79500008
   16.42666626    3.41199994    2.77500010
   16.42749977    3.41199994    2.77500010
   16.42860985    3.45000005    2.79500008
   16.42944336    3.46900010    2.79500008
   16.43055534    3.50799990    2.77500010
   16.43138885    3.56599998    2.79500008
   16.43249893    3.60400009    2.79500008
   16.43361092    3.58500004    2.77500010
   16.43444443    3.62400007    2.79500008
   16.43555450    3.64299989    2.77500010
   16.43638802    3.66199994    2.77500010
   16.43750000    3.66199994    2.77500010
   16.43861008    3.66199994    2.77500010
   16.43944359    3.70099998    2.77500010
   16.44055557    3.62400007    2.77500010
   16.44138718    3.54699993    2.77500010
   16.44249916    3.52699995    2.77500010
   16.44333267    3.52699995    2.79500008
   16.44444275    3.50799990    2.79500008
   16.44555473    3.58500004    2.77500010
   16.44638824    3.70099998    2.77500010
   16.44749832    3.75900006    2.77500010
   16.44861031    3.70099998    2.79500008
   16.44944382    3.58500004    2.77500010
   16.45055580    3.54699993    2.77500010
   16.45166779    3.62400007    2.77500010
   16.45250130    3.64299989    2.79500008
   16.45361137    3.66199994    2.79500008
   16.45444489    3.72000003    2.77500010
   16.45555687    3.72000003    2.77500010
   16.45639038    3.70099998    2.77500010
   16.45750046    3.68099999    2.79500008
   16.45833397    3.68099999    2.77500010
   16.45944595    3.66199994    2.77500010
   16.46055603    3.73900008    2.77500010
   16.46138954    3.87400007    2.77500010
   16.46250153    4.08599997    2.77500010
   16.46333504    4.24100018    2.77500010
   16.46444511    4.49100018    2.77500010
   16.46527863    4.74200010    2.77500010
   16.46638870    4.91499996    2.75600004
   16.46750069    4.91499996    2.73699999
   16.46833420    4.91499996    2.75600004
   16.46944427    4.91499996    2.75600004
   16.47027779    4.91499996    2.73699999
   16.47138977    4.91499996    2.73699999
   16.47222328    4.91499996    2.69799995
   16.47333336    4.91499996    2.69799995
   16.47444534    4.91499996    2.71799994
   16.47527885    4.91499996    2.69799995
   16.47638893    4.91499996    2.71799994
   16.47722244    4.91499996    2.73699999
   16.47833443    4.91499996    2.69799995
   16.47944450    4.91499996    2.67899990
   16.48027802    4.91499996    2.62100005
   16.48139000    4.91499996    2.52500010
   16.48222351    4.91499996    2.54399991
   16.48333359    4.91499996    2.48600006
   16.48444557    4.91499996    2.48600006
   16.48527718    4.91499996    2.48600006
   16.48638916    4.91499996    2.42799997
   16.48722267    4.91499996    2.40899992
   16.48833275    4.91499996    2.42799997
   16.48916626    4.91499996    2.40899992
   16.49027824    4.91499996    2.39000010
   16.49138832    4.91499996    2.40899992
   16.49222183    4.91499996    2.39000010
   16.49333382    4.91499996    2.35100007
   16.49416733    4.91499996    2.33200002
   16.49527740    4.91499996    2.31299996
   16.49611092    4.91499996    2.33200002
   16.49722290    4.91499996    2.33200002
   16.49833298    4.91499996    2.31299996
   16.49916649    4.91499996    2.29399991
   16.50027847    4.91499996    2.25500011
   16.50111198    4.91499996    2.29399991
   16.50222206    4.91499996    2.33200002
   16.50333405    4.91499996    2.33200002
   16.50416756    4.91499996    2.40899992
   16.50527763    4.91499996    2.35100007
   16.50611115    4.91499996    2.39000010
   16.50722313    4.91499996    2.31299996
   16.50833321    4.91499996    2.27399993
   16.50916672    4.91499996    2.23600006
   16.51027870    4.91499996    2.21600008
   16.51111031    4.91499996    2.27399993
   16.51222229    4.91499996    2.27399993
   16.51333427    4.91499996    2.19700003
   16.51416588    4.91499996    2.17799997
   16.51527786    4.91499996    2.17799997
   16.51611137    4.91499996    2.15899992
   16.51722145    4.91499996    2.17799997
   16.51833344    4.91499996    2.08100009
   16.51916695    4.91499996    1.96599996
   16.52027702    4.91499996    1.86899996
   16.52111053    4.91499996    1.77300000
   16.52222252    4.91499996    2.02399993
   16.52305603    4.91499996    1.96599996
   16.52416611    4.91499996    2.19700003
   16.52527809    4.91499996    2.17799997
   16.52611160    4.91499996    2.13899994
   16.52722168    4.91499996    2.13899994
   16.52805519    4.91499996    2.15899992
   16.52916718    4.91499996    2.10100007
   16.53000069    4.91499996    2.10100007
   16.53111076    4.91499996    2.23600006
   16.53222275    4.91499996    2.11999989
   16.53305435    4.91499996    2.10100007
   16.53416634    4.91499996    1.92700005
   16.53499985    4.91499996    1.85000002
   16.53610992    4.91499996    1.77300000
   16.53722191    4.91499996    1.69599998
   16.53805542    4.91499996    1.65699995
   16.53916550    4.91499996    1.63800001
   16.54027748    4.91499996    1.46500003
   16.54111099    4.91499996    1.81200004
   16.54222107    4.91499996    1.67700005
   16.54305458    4.91499996    1.83099997
   16.54416656    4.91499996    1.96599996
   16.54527664    4.91499996    1.81200004
   16.54611015    4.91499996    2.33200002
   16.54722214    4.91499996    2.58299994
   16.54805565    4.91499996    2.62100005
   16.54916573    4.91499996    2.67899990
   16.54999924    4.91499996    2.67899990
   16.55111122    4.91499996    2.62100005
   16.55222130    4.91499996    2.62100005
   16.55305481    4.91499996    2.46700001
   16.55416679    4.91499996    2.44799995
   16.55499840    4.91499996    2.42799997
   16.55611038    4.91499996    2.40899992
   16.55694389    4.91499996    2.44799995
   16.55805397    4.91499996    2.37100005
   16.55916595    4.91499996    2.29399991
   16.55999947    4.91499996    2.29399991
   16.56110954    4.91499996    2.35100007
   16.56194305    4.91499996    2.35100007
   16.56305504    4.91499996    2.35100007
   16.56416512    4.91499996    2.25500011
   16.56499863    4.91499996    2.23600006
   16.56611061    4.91499996    2.37100005
   16.56694603    4.91499996    2.39000010
   16.56805611    4.91499996    2.27399993
   16.56916809    4.91499996    2.33200002
   16.57000160    4.91499996    2.31299996
   16.57111168    4.91499996    2.29399991
   16.57194519    4.91499996    2.27399993
   16.57305717    4.91499996    2.40899992
   16.57416725    4.91499996    2.54399991
   16.57500076    4.91499996    2.37100005
   16.57611275    4.91499996    2.37100005
   16.57694626    4.91499996    2.46700001
   16.57805634    4.91499996    2.52500010
   16.57916832    4.91499996    2.56299996
   16.58000183    4.91499996    2.56299996
   16.58111191    4.91499996    2.52500010
   16.58194542    4.91499996    2.58299994
   16.58305550    4.91499996    2.52500010
   16.58388901    4.91499996    2.42799997
   16.58500099    4.91499996    2.08100009
   16.58611107    4.91499996    1.81200004
   16.58694458    4.91499996    1.56099999
   16.58805656    4.91499996    1.58000004
   16.58889008    4.91499996    1.25300002
   16.59000015    4.91499996    1.07900000
   16.59111214    4.91499996    0.94400001
   16.59194565    4.91499996    0.94400001
   16.59305573    4.91499996    0.75099999
   16.59416771    4.91499996    0.77100003
   16.59500122    4.91499996    0.79000002
   16.59611130    4.91499996    0.92500001
   16.59722328    4.91499996    0.73199999
   16.59805679    4.91499996    0.73199999
