    HOUR (UT)     SKY TESTER    SUN TESTER
   15.93750000    0.07700000    0.01900000
   15.93916702    0.07700000    0.05700000
   15.94055557    0.07700000    0.13400000
   15.94222260    0.07700000    0.26899999
   15.94388866    0.11500000    0.40400001
   15.94555569    0.11500000    0.51999998
   15.94722271    0.19200000    0.71300000
   15.94888878    0.61600000    0.69300002
   15.95055580    4.43300009    2.96799994
   15.95222187    4.91499996    2.93000007
   15.95388889    0.88599998    2.83299994
   15.95555496    0.88599998    2.83299994
   15.95694447    0.73199999    2.83299994
   15.95861053    0.40400001    2.85299993
   15.96027756    0.34599999    2.85299993
   15.96194458    0.32699999    2.85299993
   15.96361065    0.25000000    2.85299993
   15.96555519    0.23100001    2.85299993
   15.96722221    0.23100001    2.85299993
   15.96888828    0.26899999    2.83299994
   15.97083282    0.25000000    2.83299994
   15.97249985    0.21200000    2.83299994
   15.97416592    0.21200000    2.83299994
   15.97583294    0.21200000    2.85299993
   15.97749996    0.19200000    2.85299993
   15.97916603    0.21200000    2.83299994
   15.98083305    0.21200000    2.85299993
   15.98249912    0.21200000    2.85299993
   15.98277760    0.21200000    2.83299994
   15.98444462    0.21200000    2.85299993
   15.98611164    0.21200000    2.85299993
   15.98694515    0.21200000    2.85299993
   15.98750019    0.21200000    2.85299993
   15.98833370    0.23100001    2.85299993
   15.98888874    0.23100001    2.85299993
   15.98944473    0.23100001    2.85299993
   15.99111176    0.23100001    2.85299993
   15.99194431    0.23100001    2.83299994
   15.99250031    0.25000000    2.85299993
   15.99333382    0.23100001    2.85299993
   15.99388885    0.25000000    2.85299993
   15.99472237    0.25000000    2.85299993
   15.99555588    0.25000000    2.85299993
   15.99638939    0.25000000    2.85299993
   15.99694443    0.25000000    2.85299993
   15.99777794    0.26899999    2.85299993
   15.99861145    0.26899999    2.83299994
   15.99916649    0.26899999    2.85299993
   16.00000000    0.26899999    2.85299993
   16.00055504    0.26899999    2.85299993
   16.00138855    0.30800000    2.85299993
   16.00222206    0.28900000    2.83299994
   16.00277710    0.30800000    2.83299994
   16.00361061    0.30800000    2.83299994
   16.00444412    0.32699999    2.85299993
   16.00472260    0.30800000    2.85299993
   16.00722313    0.32699999    2.83299994
   16.00777817    0.34599999    2.85299993
   16.00833321    0.34599999    2.83299994
   16.00888824    0.34599999    2.85299993
   16.00944519    0.34599999    2.83299994
   16.01222229    0.30800000    2.85299993
   16.01694489    0.38499999    2.85299993
   16.01749992    0.38499999    2.83299994
   16.01805496    0.38499999    2.85299993
   16.02027702    0.44299999    2.85299993
   16.02055550    0.44299999    2.85299993
   16.02305603    0.57800001    2.83299994
   16.02499962    0.88599998    2.83299994
   16.02722168    1.34899998    2.81399989
   16.02750015    1.38699996    2.81399989
   16.02805519    1.42600000    2.81399989
   16.03027725    1.60000002    2.81399989
   16.03083229    1.65699995    2.81399989
   16.03305435    1.67700005    2.81399989
   16.03361130    1.60000002    2.81399989
   16.03583336    1.25300002    2.81399989
   16.03610992    1.17499995    2.83299994
   16.03833199    1.00199997    2.83299994
   16.03888893    0.94400001    2.83299994
   16.04111099    0.86699998    2.83299994
   16.04166603    0.84799999    2.83299994
   16.04388809    0.80900002    2.83299994
   16.04444313    0.80900002    2.83299994
   16.04666710    0.73199999    2.83299994
   16.04722214    0.73199999    2.83299994
   16.04749870    0.73199999    2.83299994
   16.04999924    0.92500001    2.83299994
   16.05055428    0.98299998    2.83299994
   16.05111122    1.07900000    2.83299994
   16.05333328    1.56099999    2.81399989
   16.05360985    1.65699995    2.81399989
   16.05416679    1.73399997    2.81399989
   16.05638885    1.92700005    2.79500008
   16.05694389    1.94700003    2.79500008
   16.05916595    2.35100007    2.79500008
   16.05972099    2.42799997    2.81399989
   16.06110954    2.81399989    2.77500010
   16.06222153    2.87199998    2.79500008
   16.06333351    2.81399989    2.77500010
   16.06416512    2.98699999    2.79500008
   16.06527710    3.23799992    2.79500008
   16.06638718    3.29600000    2.77500010
   16.06722260    3.31500006    2.77500010
   16.06833458    3.39199996    2.75600004
   16.06916809    3.70099998    2.77500010
   16.07027817    3.81599998    2.77500010
   16.07111168    3.79699993    2.75600004
   16.07222366    3.89400005    2.75600004
   16.07333374    4.12500000    2.77500010
   16.07416725    4.62599993    2.73699999
   16.07527924    4.91499996    2.71799994
   16.07638931    4.91499996    2.71799994
   16.07722282    4.91499996    2.71799994
   16.07833481    4.91499996    2.69799995
   16.07944489    4.91499996    2.69799995
   16.08027840    4.91499996    2.66000009
   16.08139038    4.91499996    2.67899990
   16.08250046    4.91499996    2.62100005
   16.08333397    4.91499996    2.62100005
   16.08444595    4.91499996    2.58299994
   16.08527756    4.91499996    2.56299996
   16.08638954    4.91499996    2.56299996
   16.08750153    4.91499996    2.62100005
   16.08833313    4.91499996    2.66000009
   16.08944511    4.91499996    2.71799994
   16.09027863    4.91499996    2.71799994
   16.09138870    4.91499996    2.73699999
   16.09250069    4.91499996    2.69799995
   16.09333420    4.91499996    2.67899990
   16.09444427    4.91499996    2.69799995
   16.09527779    4.91499996    2.73699999
   16.09638977    4.91499996    2.73699999
   16.09749985    4.78000021    2.75600004
   16.09833336    4.81899977    2.73699999
   16.09944534    4.91499996    2.71799994
   16.10055542    4.91499996    2.71799994
   16.10138893    4.91499996    2.67899990
   16.10250092    4.91499996    2.69799995
   16.10333443    4.91499996    2.67899990
   16.10444450    4.91499996    2.67899990
   16.10555649    4.91499996    2.71799994
   16.10639000    4.91499996    2.69799995
   16.10750008    4.91499996    2.66000009
   16.10833359    4.91499996    2.64000010
   16.10944557    4.91499996    2.62100005
   16.11055565    4.91499996    2.60200000
   16.11138916    4.91499996    2.62100005
   16.11250114    4.91499996    2.60200000
   16.11333466    4.91499996    2.58299994
   16.11444473    4.91499996    2.56299996
   16.11555672    4.91499996    2.60200000
   16.11638832    4.91499996    2.58299994
   16.11750031    4.91499996    2.54399991
   16.11833382    4.91499996    2.48600006
   16.11944389    4.91499996    2.48600006
   16.12055588    4.91499996    2.52500010
   16.12138939    4.91499996    2.52500010
   16.12249947    4.91499996    2.52500010
   16.12333298    4.91499996    2.54399991
   16.12444496    4.91499996    2.54399991
   16.12555504    4.91499996    2.54399991
   16.12638855    4.91499996    2.54399991
   16.12750053    4.91499996    2.52500010
   16.12861061    4.91499996    2.52500010
   16.12944412    4.91499996    2.52500010
   16.13055611    4.91499996    2.52500010
   16.13138962    4.91499996    2.44799995
   16.13249969    4.91499996    2.56299996
   16.13361168    4.91499996    2.56299996
   16.13444519    4.91499996    2.56299996
   16.13555527    4.91499996    2.56299996
   16.13666725    4.91499996    2.54399991
   16.13750076    4.91499996    2.40899992
   16.13861084    4.91499996    2.44799995
   16.13944435    4.91499996    2.40899992
   16.14055634    4.91499996    2.50600004
   16.14166641    4.91499996    2.50600004
   16.14249992    4.91499996    2.48600006
   16.14361191    4.91499996    2.52500010
   16.14444351    4.91499996    2.46700001
   16.14555550    4.91499996    2.50600004
   16.14666748    4.91499996    2.52500010
   16.14749908    4.91499996    2.48600006
   16.14861107    4.91499996    2.40899992
   16.14972115    4.91499996    2.40899992
   16.15055466    4.91499996    2.39000010
   16.15166664    4.91499996    2.35100007
   16.15250015    4.91499996    2.37100005
   16.15361023    4.91499996    2.40899992
   16.15472221    4.91499996    2.44799995
   16.15555573    4.91499996    2.44799995
   16.15666580    4.91499996    2.40899992
   16.15749931    4.91499996    2.40899992
   16.15861130    4.91499996    2.37100005
   16.15972137    4.91499996    2.39000010
   16.16055489    4.91499996    2.37100005
   16.16166687    4.91499996    2.33200002
   16.16250038    4.91499996    2.33200002
   16.16361046    4.91499996    2.44799995
   16.16472244    4.91499996    2.48600006
   16.16555595    4.91499996    2.44799995
   16.16666603    4.91499996    2.40899992
   16.16777802    4.91499996    2.44799995
   16.16860962    4.91499996    2.42799997
   16.16972160    4.91499996    2.39000010
   16.17055511    4.91499996    2.37100005
   16.17166519    4.91499996    2.39000010
   16.17277718    4.91499996    2.42799997
   16.17361069    4.91499996    2.42799997
   16.17472076    4.91499996    2.42799997
   16.17555428    4.91499996    2.40899992
   16.17666626    4.91499996    2.40899992
   16.17777634    4.91499996    2.40899992
   16.17860985    4.91499996    2.40899992
   16.17972183    4.91499996    2.42799997
   16.18083191    4.91499996    2.31299996
   16.18166542    4.91499996    2.25500011
   16.18277740    4.91499996    2.23600006
   16.18361092    4.91499996    2.17799997
   16.18472099    4.91499996    2.25500011
   16.18583298    4.91499996    2.21600008
   16.18666649    4.91499996    2.15899992
   16.18777657    4.91499996    2.15899992
   16.18861008    4.91499996    2.10100007
   16.18972206    4.91499996    2.08100009
   16.19083214    4.91499996    2.10100007
   16.19166565    4.91499996    2.11999989
   16.19277763    4.91499996    2.15899992
   16.19388771    4.91499996    2.19700003
   16.19472122    4.91499996    2.19700003
   16.19583321    4.91499996    2.11999989
   16.19666672    4.91499996    2.23600006
   16.19777679    4.91499996    2.19700003
   16.19888878    4.91499996    2.17799997
   16.20000076    4.91499996    2.11999989
   16.20083427    4.91499996    2.08100009
   16.20194435    4.91499996    2.11999989
   16.20277786    4.91499996    2.08100009
   16.20388985    4.91499996    2.10100007
   16.20499992    4.91499996    2.15899992
   16.20583344    4.91499996    2.17799997
   16.20694542    4.91499996    2.13899994
   16.20777893    4.91499996    2.15899992
   16.20888901    4.91499996    2.13899994
   16.21000099    4.91499996    2.08100009
   16.21083450    4.91499996    2.13899994
   16.21194458    4.91499996    2.17799997
   16.21277809    4.91499996    2.11999989
   16.21389008    4.91499996    2.11999989
   16.21500015    4.91499996    2.11999989
   16.21583366    4.91499996    2.15899992
   16.21694565    4.91499996    2.08100009
   16.21777916    4.91499996    2.17799997
   16.21888924    4.91499996    2.10100007
   16.22000122    4.91499996    2.10100007
   16.22083473    4.91499996    2.06200004
   16.22194481    4.91499996    2.04299998
   16.22305679    4.91499996    2.06200004
   16.22389030    4.91499996    2.10100007
   16.22500038    4.91499996    2.06200004
   16.22583389    4.91499996    2.08100009
   16.22694588    4.91499996    2.08100009
   16.22805595    4.91499996    2.04299998
   16.22888947    4.91499996    2.04299998
   16.23000145    4.91499996    2.08100009
   16.23111153    4.91499996    2.08100009
   16.23222351    4.91499996    2.17799997
   16.23305511    4.91499996    2.27399993
   16.23416710    4.91499996    2.27399993
   16.23500061    4.91499996    2.19700003
   16.23611069    4.91499996    2.17799997
   16.23722267    4.91499996    2.17799997
   16.23805618    4.91499996    2.19700003
   16.23916626    4.91499996    2.17799997
   16.23999977    4.91499996    2.19700003
   16.24111176    4.91499996    2.17799997
   16.24222183    4.91499996    2.11999989
   16.24305534    4.91499996    2.15899992
   16.24416733    4.91499996    2.06200004
   16.24500084    4.91499996    2.08100009
   16.24611092    4.91499996    2.08100009
   16.24722290    4.91499996    2.15899992
   16.24805641    4.91499996    2.19700003
   16.24916649    4.91499996    2.17799997
   16.25000000    4.91499996    2.11999989
   16.25111198    4.91499996    2.10100007
   16.25222206    4.91499996    2.06200004
   16.25305557    4.91499996    2.06200004
   16.25416756    4.91499996    2.08100009
   16.25499916    4.91499996    2.06200004
   16.25611115    4.91499996    2.00399995
   16.25694466    4.91499996    2.00399995
   16.25805473    4.91499996    2.10100007
   16.25916672    4.91499996    2.08100009
   16.26000023    4.91499996    2.10100007
   16.26111031    4.91499996    2.02399993
   16.26222229    4.91499996    2.02399993
   16.26305580    4.91499996    2.04299998
   16.26416588    4.91499996    2.11999989
   16.26499939    4.91499996    2.08100009
   16.26611137    4.91499996    2.10100007
   16.26694489    4.91499996    2.15899992
   16.26805496    4.91499996    2.17799997
   16.26916695    4.91499996    2.17799997
   16.27000046    4.91499996    2.15899992
   16.27111053    4.91499996    2.04299998
   16.27194405    4.91499996    2.04299998
   16.27305603    4.91499996    2.19700003
   16.27416611    4.91499996    2.23600006
   16.27499962    4.91499996    2.25500011
   16.27611160    4.91499996    2.27399993
   16.27694511    4.91499996    2.25500011
   16.27805519    4.91499996    2.33200002
   16.27916718    4.91499996    2.37100005
   16.28000069    4.91499996    2.25500011
   16.28111076    4.91499996    2.33200002
   16.28194427    4.91499996    2.29399991
   16.28305435    4.91499996    2.33200002
   16.28416634    4.91499996    2.31299996
   16.28499985    4.91499996    2.23600006
   16.28610992    4.91499996    2.27399993
   16.28694344    4.91499996    2.29399991
   16.28805542    4.91499996    2.33200002
   16.28916550    4.91499996    2.37100005
   16.28999901    4.91499996    2.33200002
   16.29111099    4.91499996    2.33200002
   16.29194450    4.91499996    2.25500011
   16.29305458    4.91499996    2.15899992
   16.29416656    4.91499996    2.08100009
   16.29500008    4.91499996    2.10100007
   16.29611015    4.91499996    2.19700003
   16.29722214    4.91499996    2.23600006
   16.29805565    4.91499996    2.33200002
   16.29916573    4.91499996    2.33200002
   16.29999924    4.91499996    2.33200002
   16.30111122    4.91499996    2.39000010
   16.30222130    4.91499996    2.35100007
   16.30305481    4.91499996    2.35100007
   16.30416679    4.91499996    2.44799995
   16.30499840    4.91499996    2.48600006
   16.30611038    4.91499996    2.50600004
   16.30722237    4.91499996    2.40899992
   16.30805397    4.91499996    2.33200002
   16.30916595    4.91499996    2.33200002
   16.30999947    4.91499996    2.31299996
   16.31110954    4.91499996    2.25500011
   16.31222153    4.91499996    2.23600006
   16.31305504    4.91499996    2.19700003
   16.31416512    4.91499996    2.23600006
   16.31499863    4.91499996    2.27399993
   16.31611061    4.91499996    2.29399991
   16.31722260    4.91499996    2.27399993
   16.31805611    4.91499996    2.23600006
   16.31916809    4.91499996    2.25500011
   16.32000160    4.91499996    2.25500011
   16.32111168    4.91499996    2.23600006
   16.32222366    4.91499996    2.21600008
   16.32305717    4.91499996    2.27399993
   16.32416725    4.91499996    2.31299996
   16.32500076    4.91499996    2.23600006
   16.32611275    4.91499996    2.23600006
   16.32722282    4.91499996    2.19700003
   16.32805634    4.91499996    2.15899992
   16.32916832    4.91499996    2.25500011
   16.33027840    4.91499996    2.25500011
   16.33111191    4.91499996    2.27399993
   16.33222389    4.91499996    2.25500011
   16.33305550    4.91499996    2.19700003
   16.33416748    4.91499996    2.23600006
   16.33527756    4.91499996    2.31299996
   16.33611107    4.91499996    2.35100007
   16.33722305    4.91499996    2.42799997
   16.33805656    4.91499996    2.39000010
   16.33916664    4.91499996    2.29399991
   16.34027863    4.91499996    2.42799997
   16.34111214    4.91499996    2.44799995
   16.34222221    4.91499996    2.46700001
   16.34305573    4.91499996    2.48600006
   16.34416771    4.91499996    2.42799997
   16.34527779    4.91499996    2.52500010
   16.34611130    4.91499996    2.52500010
   16.34722328    4.91499996    2.46700001
   16.34805679    4.91499996    2.48600006
   16.34916687    4.91499996    2.52500010
   16.35027885    4.91499996    2.52500010
   16.35111237    4.91499996    2.50600004
   16.35222244    4.91499996    2.48600006
   16.35305595    4.91499996    2.33200002
   16.35416794    4.91499996    2.31299996
   16.35499954    4.91499996    2.25500011
   16.35611153    4.91499996    2.19700003
   16.35722351    4.91499996    2.06200004
   16.35805511    4.91499996    2.06200004
   16.35916710    4.91499996    2.04299998
   16.36000061    4.91499996    2.21600008
   16.36111069    4.91499996    2.33200002
   16.36222267    4.91499996    2.33200002
   16.36305618    4.91499996    2.35100007
   16.36416626    4.91499996    2.29399991
   16.36527824    4.91499996    2.31299996
   16.36611176    4.91499996    2.25500011
   16.36722183    4.91499996    2.25500011
   16.36805534    4.91499996    2.29399991
   16.36916733    4.91499996    2.31299996
   16.37027740    4.91499996    2.27399993
   16.37111092    4.91499996    2.31299996
   16.37222290    4.91499996    2.35100007
   16.37333298    4.91499996    2.37100005
   16.37416649    4.91499996    2.37100005
   16.37527847    4.91499996    2.35100007
   16.37638855    4.91499996    2.46700001
   16.37722206    4.91499996    2.46700001
   16.37833405    4.91499996    2.42799997
   16.37944412    4.91499996    2.44799995
   16.38027763    4.91499996    2.44799995
   16.38138962    4.91499996    2.48600006
   16.38249969    4.91499996    2.48600006
   16.38333321    4.91499996    2.40899992
   16.38444519    4.91499996    2.37100005
   16.38527679    4.91499996    2.42799997
   16.38638878    4.91499996    2.39000010
   16.38722229    4.91499996    2.39000010
   16.38833237    4.91499996    2.35100007
   16.38944435    4.91499996    2.37100005
   16.39027786    4.91499996    2.37100005
   16.39138794    4.91499996    2.29399991
   16.39222145    4.91499996    2.31299996
   16.39333344    4.91499996    2.35100007
   16.39416695    4.91499996    2.31299996
   16.39527702    4.91499996    2.27399993
   16.39638901    4.91499996    2.15899992
   16.39722252    4.91499996    2.15899992
   16.39833260    4.91499996    2.33200002
   16.39916611    4.91499996    2.33200002
   16.40027809    4.91499996    2.31299996
   16.40138817    4.91499996    2.17799997
   16.40222168    4.91499996    2.23600006
   16.40333366    4.91499996    2.31299996
   16.40444374    4.91499996    2.10100007
   16.40527725    4.91499996    2.06200004
   16.40638924    4.91499996    1.88900006
   16.40722275    4.91499996    1.98500001
   16.40833282    4.91499996    1.81200004
   16.40916634    4.91499996    1.90799999
   16.41027832    4.91499996    1.79200006
   16.41138840    4.91499996    1.83099997
   16.41222191    4.91499996    1.85000002
   16.41333389    4.91499996    1.79200006
   16.41444397    4.91499996    1.85000002
   16.41527748    4.91499996    1.85000002
   16.41638756    4.91499996    1.83099997
   16.41722107    4.91499996    1.86899996
   16.41833305    4.91499996    1.96599996
   16.41916656    4.91499996    2.00399995
   16.42027664    4.91499996    2.08100009
   16.42138863    4.91499996    1.94700003
   16.42222214    4.91499996    1.56099999
   16.42333221    4.91499996    1.85000002
   16.42444420    4.91499996    1.21399999
   16.42527771    4.91499996    1.25300002
   16.42638779    4.91499996    1.50300002
   16.42722130    4.91499996    1.46500003
   16.42833328    4.91499996    1.38699996
   16.42944336    4.91499996    1.63800001
   16.43027687    4.91499996    1.13699996
   16.43138885    4.91499996    0.73199999
   16.43249893    4.91499996    0.50099999
   16.43333244    4.91499996    0.63599998
   16.43444443    4.91499996    1.17499995
   16.43527603    4.91499996    1.02100003
   16.43638802    4.91499996    1.07900000
   16.43750000    4.91499996    0.75099999
   16.43833160    4.91499996    1.23300004
   16.43944359    4.91499996    1.29100001
   16.44027710    4.91499996    0.79000002
   16.44138718    4.91499996    0.80900002
   16.44249916    4.91499996    0.84799999
   16.44333267    4.91499996    0.59700000
   16.44444275    4.91499996    0.77100003
   16.44527626    4.91499996    0.69300002
   16.44638824    4.91499996    0.77100003
   16.44749832    4.91499996    0.75099999
   16.44833183    4.91499996    0.84799999
   16.44944382    4.91499996    0.30800000
   16.45027924    4.91499996    0.23100001
   16.45138931    4.91499996    0.19200000
   16.45250130    4.91499996    0.17299999
   16.45333481    4.91499996    0.13400000
   16.45444489    4.91499996    0.11500000
   16.45527840    4.91499996    0.09600000
   16.45639038    4.91499996    0.09600000
   16.45750046    4.91499996    0.07700000
   16.45833397    4.91499996    0.07700000
   16.45944595    4.91499996    0.07700000
   16.46027946    4.91499996    0.05700000
   16.46138954    4.91499996    0.05700000
   16.46250153    4.91499996    0.07700000
   16.46333504    4.91499996    0.07700000
   16.46444511    4.91499996    0.09600000
   16.46527863    4.91499996    0.09600000
   16.46638870    4.91499996    0.13400000
   16.46750069    4.91499996    0.15400000
   16.46833420    4.91499996    0.21200000
   16.46944427    4.91499996    0.23100001
   16.47027779    4.91499996    0.23100001
   16.47138977    4.91499996    0.26899999
   16.47249985    4.91499996    0.30800000
   16.47333336    4.91499996    0.36600000
   16.47444534    4.91499996    0.40400001
   16.47555542    4.91499996    0.36600000
   16.47638893    4.91499996    0.38499999
   16.47750092    4.91499996    0.51999998
   16.47833443    4.91499996    0.75099999
   16.47944450    4.91499996    0.82800001
   16.48055649    4.91499996    0.88599998
   16.48139000    4.91499996    1.00199997
   16.48250008    4.91499996    1.58000004
   16.48361206    4.91499996    2.06200004
   16.48444557    4.91499996    2.13899994
   16.48555565    4.91499996    2.21600008
   16.48638916    4.91499996    2.11999989
   16.48750114    4.91499996    2.21600008
   16.48861122    4.91499996    2.25500011
   16.48944473    4.91499996    2.31299996
   16.49055672    4.91499996    2.33200002
   16.49138832    4.91499996    2.23600006
   16.49250031    4.91499996    2.10100007
   16.49361229    4.91499996    2.02399993
   16.49444389    4.91499996    1.94700003
   16.49555588    4.91499996    1.92700005
   16.49666786    4.91499996    1.92700005
   16.49749947    4.91499996    1.88900006
   16.49861145    4.91499996    1.86899996
   16.49944496    4.91499996    1.81200004
   16.50055504    4.91499996    1.86899996
   16.50138855    4.91499996    1.73399997
   16.50250053    4.91499996    1.79200006
   16.50361061    4.91499996    1.77300000
   16.50444412    4.91499996    1.83099997
   16.50555611    4.91499996    1.85000002
   16.50666618    4.91499996    1.88900006
   16.50749969    4.91499996    1.77300000
   16.50861168    4.91499996    1.71500003
   16.50944519    4.91499996    1.71500003
   16.51055527    4.91499996    1.85000002
   16.51166725    4.91499996    1.92700005
   16.51250076    4.91499996    1.94700003
   16.51361084    4.91499996    1.85000002
   16.51444435    4.91499996    1.73399997
   16.51555634    4.91499996    1.67700005
   16.51666641    4.91499996    1.71500003
   16.51749992    4.91499996    1.90799999
   16.51861000    4.91499996    2.08100009
   16.51972198    4.91499996    2.00399995
   16.52055550    4.91499996    1.98500001
   16.52166557    4.91499996    1.90799999
   16.52249908    4.91499996    1.96599996
   16.52361107    4.91499996    1.94700003
   16.52472115    4.91499996    2.02399993
   16.52555466    4.91499996    2.08100009
   16.52666664    4.91499996    2.13899994
   16.52750015    4.91499996    2.17799997
   16.52861023    4.91499996    2.11999989
   16.52972221    4.91499996    2.11999989
   16.53055573    4.91499996    2.06200004
   16.53166580    4.91499996    1.88900006
   16.53277779    4.91499996    1.42600000
   16.53361130    4.91499996    1.48399997
   16.53472137    4.91499996    1.69599998
   16.53555489    4.91499996    1.83099997
   16.53666687    4.91499996    1.85000002
   16.53777695    4.91499996    1.81200004
   16.53861046    4.91499996    1.81200004
   16.53972244    4.91499996    1.98500001
   16.54055595    4.91499996    2.06200004
   16.54166603    4.91499996    2.00399995
   16.54277802    4.91499996    2.06200004
   16.54361153    4.91499996    2.21600008
   16.54472160    4.91499996    2.25500011
   16.54555511    4.91499996    2.35100007
   16.54666710    4.91499996    2.35100007
   16.54777718    4.91499996    2.35100007
   16.54861069    4.91499996    2.35100007
   16.54972076    4.91499996    2.37100005
   16.55083275    4.91499996    2.29399991
   16.55166626    4.91499996    2.27399993
   16.55277634    4.91499996    2.17799997
   16.55360985    4.91499996    2.11999989
   16.55472183    4.91499996    2.08100009
   16.55555534    4.91499996    2.04299998
   16.55666542    4.91499996    2.04299998
   16.55777740    4.91499996    2.04299998
   16.55888748    4.91499996    1.73399997
   16.55972099    4.91499996    1.73399997
   16.56083298    4.91499996    1.58000004
   16.56166649    4.91499996    1.77300000
   16.56277657    4.91499996    1.96599996
   16.56388855    4.91499996    1.54200006
   16.56472206    4.91499996    1.13699996
   16.56583214    4.91499996    0.94400001
   16.56694603    4.91499996    0.38499999
   16.56777954    4.91499996    0.34599999
   16.56888962    4.91499996    0.46200001
   16.56972313    4.91499996    0.50099999
   16.57083511    4.91499996    0.50099999
   16.57194519    4.91499996    0.53899997
   16.57277870    4.91499996    0.63599998
   16.57389069    4.91499996    1.17499995
   16.57472229    4.91499996    0.98299998
   16.57583427    4.91499996    1.42600000
   16.57694626    4.91499996    1.85000002
   16.57777786    4.91499996    2.08100009
   16.57888985    4.91499996    2.23600006
   16.57972336    4.91499996    2.02399993
   16.58083344    4.91499996    1.75399995
   16.58194542    4.91499996    1.67700005
   16.58277893    4.91499996    1.94700003
   16.58388901    4.91499996    1.98500001
   16.58500099    4.91499996    1.54200006
   16.58583450    4.91499996    1.58000004
   16.58694458    4.91499996    1.65699995
   16.58777809    4.91499996    1.63800001
   16.58889008    4.91499996    0.75099999
   16.59000015    4.91499996    0.32699999
   16.59083366    4.91499996    0.25000000
   16.59194565    4.91499996    0.23100001
   16.59305573    4.91499996    0.19200000
   16.59388924    4.91499996    0.17299999
   16.59500122    4.91499996    0.13400000
   16.59583473    4.91499996    0.11500000
   16.59694481    4.91499996    0.11500000
   16.59805679    4.91499996    0.09600000
   16.59889030    4.91499996    0.09600000
   16.60000038    4.91499996    0.11500000
   16.60083389    4.91499996    0.13400000
   16.60194397    4.91499996    0.15400000
   16.60305595    4.91499996    0.19200000
   16.60416794    4.91499996    0.23100001
   16.60499954    4.91499996    0.26899999
   16.60611153    4.91499996    0.32699999
   16.60694504    4.91499996    0.36600000
   16.60805511    4.91499996    0.38499999
   16.60916710    4.91499996    0.59700000
   16.61000061    4.91499996    0.96300000
   16.61111069    4.91499996    1.21399999
   16.61194420    4.91499996    1.46500003
   16.61305618    4.91499996    1.65699995
   16.61416626    4.91499996    1.33000004
   16.61499977    4.91499996    0.90600002
   16.61611176    4.91499996    1.00199997
   16.61694527    4.91499996    1.02100003
   16.61805534    4.91499996    0.71300000
   16.61916733    4.91499996    0.42399999
   16.62000084    4.91499996    0.28900000
   16.62111092    4.91499996    0.25000000
   16.62222290    4.91499996    0.25000000
   16.62305641    4.91499996    0.30800000
   16.62416649    4.91499996    0.30800000
   16.62500000    4.91499996    0.44299999
   16.62611198    4.91499996    0.90600002
   16.62722206    4.91499996    0.88599998
   16.62805557    4.91499996    0.59700000
   16.62916756    4.91499996    0.84799999
   16.63027763    4.91499996    1.00199997
   16.63111115    4.91499996    1.07900000
   16.63222313    4.91499996    1.11800003
   16.63305473    4.91499996    1.19500005
   16.63416672    4.91499996    1.38699996
   16.63527679    4.91499996    1.46500003
   16.63611031    4.91499996    1.38699996
   16.63722229    4.91499996    1.46500003
   16.63833237    4.91499996    1.46500003
   16.63916588    4.91499996    1.42600000
   16.64027786    4.91499996    1.50300002
   16.64111137    4.91499996    1.50300002
   16.64222145    4.91499996    1.40699995
   16.64333344    4.91499996    1.40699995
   16.64416695    4.91499996    1.38699996
   16.64527702    4.91499996    1.79200006
   16.64638901    4.91499996    1.94700003
   16.64722252    4.91499996    2.17799997
   16.64833260    4.91499996    2.29399991
   16.64944458    4.91499996    2.06200004
   16.65027809    4.91499996    1.85000002
   16.65138817    4.91499996    1.79200006
   16.65222168    4.91499996    1.86899996
   16.65333366    4.91499996    2.11999989
   16.65444374    4.91499996    2.13899994
   16.65527725    4.91499996    1.88900006
   16.65638924    4.91499996    1.86899996
   16.65722275    4.91499996    1.86899996
   16.65833282    4.91499996    1.79200006
   16.65944481    4.91499996    1.77300000
   16.66027832    4.91499996    1.85000002
   16.66138840    4.91499996    1.77300000
   16.66222191    4.91499996    1.69599998
   16.66333389    4.91499996    1.85000002
   16.66444397    4.91499996    1.73399997
   16.66527748    4.91499996    1.73399997
   16.66638756    4.91499996    1.79200006
   16.66722107    4.91499996    1.92700005
   16.66833305    4.91499996    2.08100009
   16.66944313    4.91499996    2.04299998
   16.67027664    4.91499996    1.92700005
   16.67138863    4.91499996    1.92700005
   16.67222214    4.91499996    1.61899996
   16.67333221    4.91499996    1.48399997
   16.67444420    4.91499996    1.40699995
   16.67527771    4.91499996    1.40699995
   16.67638779    4.91499996    1.36800003
   16.67722130    4.91499996    1.54200006
   16.67833328    4.91499996    1.60000002
   16.67944336    4.91499996    1.61899996
   16.68027687    4.91499996    1.61899996
   16.68138885    4.91499996    1.71500003
   16.68249893    4.91499996    1.85000002
   16.68333244    4.91499996    1.75399995
   16.68444443    4.91499996    1.79200006
   16.68555450    4.91499996    1.94700003
   16.68638802    4.91499996    1.94700003
   16.68750000    4.91499996    1.98500001
   16.68833160    4.91499996    1.98500001
   16.68944359    4.91499996    1.94700003
   16.69027710    4.91499996    1.79200006
   16.69138718    4.91499996    1.79200006
   16.69249916    4.91499996    1.71500003
   16.69333267    4.91499996    1.75399995
   16.69444275    4.91499996    1.61899996
   16.69527626    4.91499996    1.46500003
   16.69638824    4.91499996    1.61899996
   16.69749832    4.91499996    1.46500003
   16.69833183    4.91499996    1.25300002
   16.69944382    4.91499996    1.38699996
   16.70055580    4.91499996    1.48399997
   16.70138931    4.91499996    1.52199996
   16.70250130    4.91499996    1.46500003
   16.70333481    4.91499996    1.44500005
   16.70444489    4.91499996    1.38699996
   16.70555687    4.91499996    1.30999994
   16.70639038    4.91499996    1.36800003
   16.70750046    4.91499996    1.40699995
   16.70833397    4.91499996    1.34899998
   16.70944595    4.91499996    1.34899998
   16.71055603    4.91499996    1.48399997
   16.71138954    4.91499996    1.54200006
   16.71250153    4.91499996    1.63800001
   16.71333504    4.91499996    1.65699995
   16.71444511    4.91499996    1.65699995
   16.71555710    4.91499996    1.60000002
   16.71638870    4.91499996    1.71500003
   16.71750069    4.91499996    1.69599998
   16.71833420    4.91499996    1.60000002
   16.71944427    4.91499996    1.50300002
   16.72055626    4.91499996    1.67700005
   16.72138977    4.91499996    1.71500003
   16.72249985    4.91499996    1.71500003
   16.72333336    4.91499996    1.71500003
   16.72444534    4.91499996    1.77300000
   16.72555542    4.91499996    1.79200006
   16.72638893    4.91499996    1.85000002
   16.72750092    4.91499996    1.96599996
   16.72861099    4.91499996    1.98500001
   16.72944450    4.91499996    1.77300000
   16.73055649    4.91499996    1.77300000
   16.73139000    4.91499996    1.79200006
   16.73250008    4.91499996    1.77300000
   16.73361206    4.91499996    1.77300000
   16.73444557    4.91499996    1.83099997
   16.73555565    4.91499996    1.85000002
   16.73638916    4.91499996    1.90799999
   16.73750114    4.91499996    1.96599996
   16.73861122    4.91499996    2.06200004
   16.73944473    4.91499996    2.15899992
   16.74055672    4.91499996    2.11999989
   16.74166679    4.91499996    1.96599996
   16.74250031    4.91499996    1.81200004
   16.74361229    4.91499996    1.90799999
   16.74444389    4.91499996    1.92700005
   16.74555588    4.91499996    1.88900006
   16.74666786    4.91499996    2.02399993
   16.74749947    4.91499996    2.10100007
   16.74861145    4.91499996    2.02399993
   16.74944496    4.91499996    1.90799999
   16.75055504    4.91499996    1.98500001
   16.75166702    4.91499996    1.85000002
   16.75250053    4.91499996    1.85000002
   16.75361061    4.91499996    1.88900006
   16.75444412    4.91499996    1.92700005
   16.75555611    4.91499996    1.86899996
   16.75666618    4.91499996    1.98500001
   16.75749969    4.91499996    2.06200004
   16.75861168    4.91499996    2.15899992
   16.75944519    4.91499996    2.15899992
   16.76055527    4.91499996    2.04299998
   16.76166725    4.91499996    2.06200004
   16.76250076    4.91499996    2.08100009
   16.76361084    4.91499996    2.00399995
   16.76472282    4.91499996    2.06200004
   16.76555634    4.91499996    2.13899994
   16.76666641    4.91499996    2.00399995
   16.76777840    4.91499996    2.00399995
   16.76861000    4.91499996    2.11999989
   16.76972198    4.91499996    2.23600006
   16.77055550    4.91499996    2.40899992
   16.77166557    4.91499996    2.48600006
   16.77277756    4.91499996    2.52500010
   16.77361107    4.91499996    2.54399991
   16.77472115    4.91499996    2.31299996
   16.77555466    4.91499996    2.15899992
   16.77666664    4.91499996    2.06200004
   16.77750015    4.91499996    1.86899996
   16.77861023    4.91499996    1.85000002
   16.77972221    4.91499996    1.88900006
   16.78055573    4.91499996    2.04299998
   16.78166580    4.91499996    2.27399993
   16.78277779    4.91499996    2.23600006
   16.78361130    4.91499996    2.35100007
   16.78472137    4.91499996    2.37100005
   16.78555489    4.91499996    2.40899992
   16.78666687    4.91499996    2.37100005
   16.78777695    4.91499996    2.25500011
   16.78861046    4.91499996    2.19700003
   16.78972244    4.91499996    2.08100009
   16.79055595    4.91499996    2.02399993
   16.79166603    4.91499996    1.94700003
   16.79277802    4.91499996    1.96599996
   16.79361153    4.91499996    1.92700005
   16.79472160    4.91499996    1.79200006
   16.79583359    4.91499996    1.88900006
   16.79666710    4.91499996    1.86899996
   16.79777718    4.91499996    2.13899994
   16.79861069    4.91499996    2.19700003
   16.79972076    4.91499996    2.15899992
   16.80083275    4.91499996    2.17799997
   16.80166626    4.91499996    2.23600006
   16.80277634    4.91499996    2.29399991
   16.80360985    4.91499996    2.17799997
   16.80472183    4.91499996    2.29399991
   16.80583191    4.91499996    2.44799995
   16.80666542    4.91499996    2.46700001
   16.80777740    4.91499996    2.46700001
   16.80888748    4.91499996    2.54399991
   16.80972099    4.91499996    2.64000010
   16.81083298    4.91499996    2.69799995
   16.81166649    4.91499996    2.48600006
   16.81277657    4.91499996    2.25500011
   16.81361008    4.91499996    2.15899992
   16.81472206    4.91499996    2.19700003
   16.81583214    4.91499996    2.10100007
   16.81666756    4.91499996    2.23600006
   16.81777954    4.91499996    2.35100007
   16.81888962    4.91499996    2.42799997
   16.81972313    4.91499996    2.39000010
   16.82083511    4.91499996    2.42799997
   16.82166672    4.91499996    2.44799995
   16.82277870    4.91499996    2.40899992
   16.82389069    4.91499996    2.23600006
   16.82472229    4.91499996    2.29399991
   16.82583427    4.91499996    2.40899992
   16.82666779    4.91499996    2.40899992
   16.82777786    4.91499996    2.10100007
   16.82861137    4.91499996    2.23600006
   16.82972336    4.91499996    2.33200002
   16.83083344    4.91499996    1.90799999
   16.83166695    4.91499996    1.69599998
   16.83277893    4.91499996    1.54200006
   16.83388901    4.91499996    1.42600000
   16.83472252    4.91499996    1.65699995
   16.83583450    4.91499996    1.61899996
   16.83666801    4.91499996    1.56099999
   16.83777809    4.91499996    1.75399995
   16.83889008    4.91499996    1.61899996
   16.83972359    4.91499996    1.81200004
   16.84083366    4.91499996    1.92700005
   16.84166718    4.91499996    1.86899996
   16.84277916    4.91499996    1.75399995
   16.84388924    4.91499996    1.77300000
   16.84472275    4.91499996    1.81200004
   16.84583473    4.91499996    1.81200004
   16.84694481    4.91499996    1.61899996
   16.84777832    4.91499996    1.81200004
   16.84889030    4.91499996    1.77300000
   16.85000038    4.91499996    2.00399995
   16.85083389    4.91499996    2.00399995
   16.85194397    4.91499996    1.56099999
   16.85277748    4.91499996    1.69599998
   16.85388947    4.91499996    2.00399995
   16.85499954    4.91499996    2.10100007
   16.85583305    4.91499996    2.21600008
   16.85694504    4.91499996    2.23600006
   16.85777855    4.91499996    2.29399991
   16.85888863    4.91499996    1.77300000
   16.85972214    4.91499996    1.63800001
   16.86083412    4.91499996    1.15600002
   16.86194420    4.91499996    0.94400001
   16.86277771    4.91499996    0.98299998
   16.86388969    4.91499996    1.03999996
   16.86499977    4.91499996    1.07900000
   16.86583328    4.91499996    1.25300002
   16.86694527    4.91499996    1.00199997
   16.86777878    4.91499996    1.25300002
   16.86888885    4.91499996    1.38699996
   16.87000084    4.91499996    1.25300002
   16.87083435    4.91499996    1.00199997
   16.87194443    4.91499996    0.86699998
   16.87277794    4.91499996    0.94400001
   16.87388992    4.91499996    0.86699998
   16.87472153    4.91499996    0.69300002
   16.87583351    4.91499996    0.67400002
   16.87694550    4.91499996    0.51999998
   16.87777710    4.91499996    0.38499999
   16.87888908    4.91499996    0.48100001
   16.87972260    4.91499996    0.46200001
   16.88083267    4.91499996    0.92500001
   16.88194466    4.91499996    0.92500001
   16.88277817    4.91499996    0.86699998
   16.88388824    4.91499996    1.03999996
   16.88472176    4.91499996    1.23300004
   16.88583374    4.91499996    1.50300002
   16.88694382    4.91499996    1.54200006
   16.88777733    4.91499996    1.27199996
   16.88888931    4.91499996    1.30999994
   16.88972282    4.91499996    1.07900000
   16.89083290    4.91499996    0.88599998
   16.89194489    4.91499996    0.98299998
   16.89277840    4.91499996    0.94400001
   16.89388847    4.91499996    1.05999994
   16.89472198    4.91499996    1.17499995
   16.89583397    4.91499996    1.50300002
   16.89694405    4.91499996    1.83099997
   16.89777756    4.91499996    1.90799999
   16.89888954    4.91499996    1.71500003
   16.89999962    4.91499996    1.94700003
   16.90083313    4.91499996    1.71500003
   16.90194321    4.91499996    1.94700003
   16.90277672    4.91499996    1.85000002
   16.90388870    4.91499996    1.75399995
   16.90499878    4.91499996    1.71500003
   16.90583229    4.91499996    1.23300004
   16.90694427    4.91499996    1.27199996
   16.90805435    4.91499996    1.25300002
   16.90888786    4.91499996    1.13699996
   16.90999985    4.91499996    1.23300004
   16.91083336    4.91499996    1.17499995
   16.91194344    4.91499996    1.21399999
   16.91277695    4.91499996    1.15600002
   16.91388893    4.91499996    1.15600002
   16.91499901    4.91499996    1.19500005
   16.91583252    4.91499996    1.21399999
   16.91694450    4.91499996    1.17499995
   16.91805458    4.91499996    1.02100003
   16.91888809    4.91499996    0.53899997
   16.92000008    4.91499996    0.55900002
   16.92083359    4.91499996    0.79000002
   16.92194366    4.91499996    0.84799999
   16.92305565    4.91499996    1.23300004
   16.92388916    4.91499996    1.30999994
   16.92499924    4.91499996    1.38699996
   16.92611122    4.91499996    0.65499997
   16.92694473    4.91499996    0.67400002
   16.92805481    4.91499996    0.82800001
   16.92916679    4.91499996    0.82800001
   16.93000031    4.91499996    1.02100003
   16.93111038    4.91499996    1.21399999
   16.93194389    4.91499996    1.13699996
   16.93305397    4.91499996    1.09800005
   16.93416595    4.91499996    1.09800005
   16.93499947    4.91499996    0.88599998
   16.93610954    4.91499996    1.36800003
   16.93694305    4.91499996    1.56099999
   16.93805504    4.91499996    1.30999994
   16.93916512    4.91499996    1.29100001
   16.93999863    4.91499996    1.23300004
   16.94111061    4.91499996    1.56099999
   16.94222069    4.91499996    1.77300000
   16.94305420    4.91499996    1.77300000
   16.94416618    4.91499996    1.77300000
   16.94499969    4.91499996    1.88900006
   16.94610977    4.91499996    1.90799999
   16.94722176    4.91499996    1.98500001
   16.94805527    4.91499996    1.67700005
   16.94916534    4.91499996    1.54200006
   16.95000076    4.91499996    1.54200006
   16.95111275    4.91499996    1.38699996
   16.95222282    4.91499996    1.30999994
   16.95305634    4.91499996    1.15600002
   16.95416832    4.91499996    1.05999994
   16.95527840    4.91499996    1.17499995
   16.95611191    4.91499996    1.23300004
   16.95722389    4.91499996    1.25300002
   16.95833397    4.91499996    1.46500003
   16.95916748    4.91499996    1.79200006
   16.96027946    4.91499996    1.73399997
   16.96138954    4.91499996    1.85000002
   16.96222305    4.91499996    1.83099997
   16.96333504    4.91499996    1.73399997
   16.96416664    4.91499996    1.69599998
   16.96527863    4.91499996    1.54200006
   16.96638870    4.91499996    1.69599998
   16.96722221    4.91499996    1.75399995
   16.96833420    4.91499996    2.00399995
   16.96916771    4.91499996    2.10100007
   16.97027779    4.91499996    1.67700005
   16.97138977    4.91499996    1.56099999
   16.97222328    4.91499996    1.44500005
   16.97333336    4.91499996    1.27199996
   16.97444534    4.91499996    1.30999994
   16.97527885    4.91499996    1.29100001
   16.97638893    4.91499996    1.25300002
   16.97722244    4.91499996    1.33000004
   16.97833443    4.91499996    1.40699995
   16.97944450    4.91499996    1.46500003
   16.98027802    4.91499996    1.46500003
   16.98139000    4.91499996    1.52199996
   16.98222351    4.91499996    1.60000002
   16.98333359    4.91499996    1.61899996
   16.98444557    4.91499996    1.40699995
   16.98527718    4.91499996    1.23300004
   16.98638916    4.91499996    1.09800005
   16.98722267    4.91499996    0.28900000
   16.98833275    4.91499996    0.25000000
   16.98944473    4.91499996    0.25000000
   16.99027824    4.91499996    0.25000000
   16.99138832    4.91499996    1.44500005
   16.99222183    4.91499996    1.34899998
   16.99333382    4.91499996    1.25300002
   16.99444389    4.91499996    1.17499995
   16.99527740    4.91499996    1.36800003
   16.99638939    4.91499996    1.38699996
   16.99722290    4.91499996    1.30999994
   16.99833298    4.91499996    1.34899998
   16.99944496    4.91499996    1.38699996
   17.00027847    4.91499996    1.34899998
   17.00138855    4.91499996    1.09800005
   17.00222206    4.91499996    0.98299998
   17.00333405    4.91499996    1.00199997
   17.00444412    4.91499996    1.00199997
   17.00527763    4.91499996    1.07900000
   17.00638962    4.91499996    1.17499995
   17.00722313    4.91499996    1.21399999
   17.00833321    4.91499996    1.15600002
   17.00944519    4.91499996    0.63599998
   17.01027870    4.91499996    0.53899997
   17.01138878    4.91499996    0.63599998
   17.01222229    4.91499996    1.11800003
   17.01333427    4.91499996    1.11800003
   17.01444435    4.91499996    1.05999994
   17.01527786    4.91499996    0.86699998
   17.01638794    4.91499996    0.63599998
   17.01722145    4.91499996    0.40400001
   17.01833344    4.91499996    0.17299999
   17.01944351    4.91499996    0.13400000
   17.02027702    4.91499996    0.09600000
   17.02138901    4.91499996    0.09600000
   17.02222252    4.91499996    0.07700000
   17.02333260    4.91499996    0.07700000
   17.02444458    4.91499996    0.07700000
   17.02527809    4.91499996    0.07700000
   17.02638817    4.91499996    0.05700000
   17.02722168    4.12500000    0.05700000
   17.02833366    2.56299996    0.03800000
   17.02944374    2.06200004    0.03800000
   17.03027725    2.11999989    0.03800000
   17.03111076    2.44799995    0.03800000
   17.03194427    3.20000005    0.03800000
   17.03305435    4.60699987    0.03800000
   17.03388786    4.91499996    0.03800000
   17.03499985    4.91499996    0.05700000
   17.03610992    4.91499996    0.05700000
   17.03694344    4.91499996    0.07700000
   17.03805542    4.91499996    0.07700000
   17.03888893    4.91499996    0.07700000
   17.03999901    4.91499996    0.07700000
   17.04111099    4.91499996    0.11500000
   17.04194450    4.91499996    0.15400000
   17.04305458    4.91499996    0.23100001
   17.04388809    4.91499996    0.21200000
   17.04500008    4.91499996    0.19200000
   17.04611015    4.91499996    0.23100001
   17.04694366    4.91499996    0.28900000
   17.04805565    4.91499996    0.36600000
   17.04888916    4.91499996    0.40400001
   17.04999924    4.91499996    0.48100001
   17.05111122    4.91499996    0.38499999
   17.05194283    4.91499996    0.30800000
   17.05305481    4.91499996    0.26899999
   17.05416679    4.91499996    0.34599999
   17.05499840    4.91499996    0.38499999
   17.05611038    4.91499996    0.50099999
   17.05694389    4.91499996    0.57800001
   17.05805397    4.91499996    0.30800000
   17.05916595    4.91499996    0.34599999
   17.05999947    4.91499996    0.17299999
   17.06110954    4.91499996    0.11500000
   17.06194305    4.91499996    0.11500000
   17.06305504    4.91499996    0.15400000
   17.06416512    4.91499996    0.17299999
   17.06499863    4.91499996    0.19200000
   17.06611061    4.91499996    0.23100001
   17.06694603    4.91499996    0.32699999
   17.06805611    4.91499996    0.26899999
   17.06916809    4.91499996    0.26899999
   17.07000160    4.91499996    0.32699999
   17.07111168    4.91499996    0.46200001
   17.07194519    4.91499996    0.42399999
   17.07305717    4.91499996    0.40400001
   17.07416725    4.91499996    0.32699999
   17.07500076    4.91499996    0.28900000
   17.07611275    4.91499996    0.30800000
   17.07694626    4.91499996    0.30800000
   17.07805634    4.91499996    0.28900000
   17.07916832    4.91499996    0.38499999
   17.08000183    4.91499996    0.46200001
   17.08111191    4.91499996    0.38499999
   17.08222389    4.91499996    0.36600000
   17.08305550    4.91499996    0.30800000
   17.08416748    4.91499996    0.28900000
   17.08500099    4.91499996    0.25000000
   17.08611107    4.91499996    0.25000000
   17.08722305    4.91499996    0.26899999
   17.08805656    4.91499996    0.30800000
   17.08916664    4.91499996    0.30800000
   17.09027863    4.91499996    0.44299999
   17.09111214    4.91499996    0.55900002
   17.09222221    4.91499996    0.61600000
   17.09305573    4.91499996    0.59700000
   17.09416771    4.91499996    0.67400002
   17.09527779    4.91499996    0.75099999
   17.09611130    4.91499996    0.94400001
   17.09722328    4.91499996    1.15600002
   17.09805679    4.91499996    1.02100003
   17.09916687    4.91499996    1.05999994
   17.10000038    4.91499996    1.05999994
   17.10111237    4.91499996    1.00199997
   17.10222244    4.91499996    0.96300000
   17.10305595    4.91499996    1.13699996
   17.10416794    4.91499996    1.21399999
   17.10527802    4.91499996    1.33000004
   17.10611153    4.91499996    1.48399997
   17.10722351    4.91499996    1.36800003
   17.10833359    4.91499996    1.29100001
   17.10916710    4.91499996    1.25300002
   17.11027908    4.91499996    1.25300002
   17.11111069    4.91499996    1.27199996
   17.11222267    4.91499996    1.46500003
   17.11333466    4.91499996    1.34899998
   17.11444473    4.91499996    1.30999994
   17.11527824    4.91499996    1.15600002
   17.11638832    4.91499996    1.17499995
   17.11722183    4.91499996    1.25300002
   17.11833382    4.91499996    1.46500003
   17.11916733    4.91499996    1.34899998
   17.12027740    4.91499996    1.44500005
   17.12138939    4.91499996    1.54200006
   17.12222290    4.91499996    1.44500005
   17.12333298    4.91499996    1.33000004
   17.12416649    4.91499996    1.34899998
   17.12527847    4.91499996    1.27199996
   17.12611198    4.91499996    1.33000004
   17.12722206    4.91499996    1.44500005
   17.12833405    4.91499996    1.23300004
   17.12916756    4.91499996    1.25300002
   17.13027763    4.91499996    1.17499995
   17.13111115    4.91499996    1.17499995
   17.13222313    4.91499996    1.33000004
   17.13333321    4.91499996    1.25300002
   17.13416672    4.91499996    1.33000004
   17.13527679    4.91499996    1.21399999
   17.13638878    4.91499996    1.13699996
   17.13750076    4.91499996    1.17499995
   17.13833237    4.91499996    1.33000004
   17.13944435    4.91499996    1.15600002
   17.14027786    4.91499996    1.11800003
   17.14138794    4.91499996    1.15600002
   17.14249992    4.91499996    1.25300002
   17.14333344    4.91499996    1.19500005
   17.14444351    4.91499996    1.17499995
   17.14527702    4.91499996    1.27199996
   17.14638901    4.91499996    1.33000004
   17.14749908    4.91499996    1.23300004
   17.14833260    4.91499996    1.21399999
   17.14944458    4.91499996    1.27199996
   17.15055466    4.91499996    1.19500005
   17.15138817    4.91499996    1.23300004
   17.15250015    4.91499996    1.17499995
   17.15361023    4.91499996    1.09800005
   17.15444374    4.91499996    0.80900002
   17.15555573    4.91499996    0.55900002
   17.15638924    4.91499996    0.57800001
   17.15749931    4.91499996    0.46200001
   17.15833282    4.91499996    0.32699999
   17.15944481    4.91499996    0.25000000
   17.16055489    4.91499996    0.23100001
   17.16138840    4.91499996    0.25000000
   17.16250038    4.91499996    0.26899999
   17.16333389    4.91499996    0.34599999
   17.16444397    4.91499996    0.38499999
   17.16555595    4.91499996    0.36600000
   17.16638756    4.91499996    0.44299999
   17.16749954    4.91499996    0.67400002
   17.16833305    4.91499996    0.79000002
   17.16944313    4.91499996    0.94400001
   17.17055511    4.91499996    0.96300000
   17.17138863    4.91499996    1.07900000
   17.17249870    4.91499996    1.15600002
   17.17361069    4.91499996    1.02100003
   17.17444420    4.91499996    1.02100003
   17.17555428    4.91499996    1.11800003
   17.17638779    4.91499996    1.23300004
   17.17749977    4.91499996    1.29100001
   17.17860985    4.91499996    1.19500005
   17.17944336    4.91499996    1.27199996
   17.18055534    4.91499996    1.36800003
   17.18166542    4.91499996    1.63800001
   17.18249893    4.91499996    1.75399995
   17.18361092    4.91499996    1.83099997
   17.18472099    4.91499996    1.50300002
   17.18555450    4.91499996    1.60000002
   17.18666649    4.91499996    1.71500003
   17.18777657    4.91499996    1.79200006
   17.18861008    4.91499996    1.56099999
   17.18972206    4.91499996    1.44500005
   17.19055557    4.91499996    1.50300002
   17.19166565    4.91499996    1.27199996
   17.19277763    4.91499996    1.29100001
   17.19361115    4.91499996    1.34899998
   17.19472122    4.91499996    1.50300002
   17.19555473    4.91499996    1.40699995
   17.19666672    4.91499996    1.29100001
   17.19777679    4.91499996    1.09800005
   17.19861031    4.91499996    1.27199996
   17.19972038    4.91499996    0.71300000
   17.20083427    4.91499996    0.34599999
   17.20166779    4.91499996    0.28900000
   17.20277786    4.91499996    0.30800000
   17.20361137    4.91499996    0.30800000
   17.20472336    4.91499996    0.34599999
   17.20555687    4.91499996    0.26899999
   17.20666695    4.91499996    0.25000000
   17.20777893    4.91499996    0.23100001
   17.20861244    4.91499996    0.21200000
   17.20972252    4.91499996    0.17299999
   17.21055603    4.91499996    0.15400000
   17.21166801    4.91499996    0.15400000
   17.21277809    4.91499996    0.15400000
   17.21361160    4.91499996    0.15400000
   17.21472359    4.91499996    0.17299999
   17.21555710    4.91499996    0.17299999
   17.21666718    4.91499996    0.17299999
   17.21777916    4.91499996    0.19200000
   17.21861076    4.91499996    0.17299999
   17.21972275    4.91499996    0.21200000
   17.22083473    4.91499996    0.25000000
   17.22166634    4.91499996    0.38499999
   17.22277832    4.91499996    0.40400001
   17.22389030    4.91499996    0.40400001
   17.22472191    4.91499996    0.32699999
   17.22583389    4.91499996    0.30800000
   17.22666740    4.91499996    0.32699999
   17.22777748    4.91499996    0.38499999
   17.22888947    4.91499996    0.38499999
   17.22972298    4.91499996    0.40400001
   17.23083305    4.91499996    0.48100001
   17.23194504    4.91499996    0.55900002
   17.23277855    4.91499996    0.67400002
   17.23388863    4.91499996    0.67400002
   17.23472214    4.91499996    0.80900002
   17.23583412    4.91499996    1.07900000
   17.23694420    4.91499996    1.15600002
   17.23777771    4.91499996    1.17499995
   17.23888969    4.91499996    1.02100003
   17.23972321    4.91499996    0.92500001
   17.24083328    4.91499996    0.90600002
   17.24194527    4.91499996    0.96300000
   17.24277878    4.91499996    0.96300000
   17.24388885    4.91499996    1.02100003
   17.24472237    4.91499996    1.25300002
   17.24583435    4.91499996    1.42600000
   17.24694443    4.91499996    1.81200004
   17.24777794    4.91499996    1.75399995
   17.24888992    4.91499996    1.75399995
   17.25000000    4.91499996    1.44500005
   17.25083351    4.91499996    1.34899998
   17.25194359    4.91499996    1.36800003
   17.25305557    4.91499996    1.38699996
   17.25388908    4.91499996    1.42600000
   17.25499916    4.91499996    1.44500005
   17.25583267    4.91499996    1.48399997
   17.25694466    4.91499996    1.77300000
   17.25777817    4.91499996    1.17499995
   17.25888824    4.91499996    1.27199996
   17.26000023    4.91499996    1.42600000
   17.26083374    4.91499996    1.17499995
   17.26194382    4.91499996    1.56099999
   17.26305580    4.91499996    1.56099999
   17.26388931    4.91499996    1.40699995
   17.26499939    4.91499996    1.34899998
   17.26583290    4.91499996    1.48399997
   17.26694489    4.91499996    1.33000004
   17.26777840    4.91499996    1.17499995
   17.26888847    4.91499996    1.38699996
   17.27000046    4.91499996    1.42600000
   17.27083397    4.91499996    1.42600000
   17.27194405    4.91499996    1.23300004
   17.27305603    4.91499996    1.17499995
   17.27388954    4.91499996    1.29100001
   17.27499962    4.91499996    1.33000004
   17.27583313    4.91499996    1.07900000
   17.27694511    4.91499996    1.23300004
   17.27805519    4.91499996    1.09800005
   17.27888870    4.91499996    1.17499995
   17.28000069    4.91499996    1.13699996
   17.28111076    4.91499996    1.07900000
   17.28194427    4.91499996    0.84799999
   17.28305435    4.91499996    0.90600002
   17.28416634    4.91499996    0.77100003
   17.28499985    4.91499996    0.65499997
   17.28610992    4.91499996    0.28900000
   17.28694344    4.91499996    0.13400000
   17.28805542    4.91499996    0.07700000
   17.28888893    4.91499996    0.07700000
   17.28999901    4.91499996    0.05700000
   17.29111099    4.91499996    0.03800000
   17.29194450    4.91499996    0.03800000
   17.29305458    4.91499996    0.03800000
   17.29416656    4.91499996    0.03800000
   17.29500008    4.91499996    0.03800000
   17.29611015    4.91499996    0.01900000
   17.29694366    3.62400007    0.01900000
   17.29805565    2.56299996    0.01900000
   17.29916573    3.25699997    0.01900000
   17.29999924    3.02600002    0.01900000
   17.30194283    2.66000009    0.01900000
   17.31250000    1.81200004    0.01900000
   17.31333351    2.42799997    0.01900000
   17.31416512    2.69799995    0.01900000
   17.31499863    3.10299993    0.01900000
   17.31611061    3.20000005    0.01900000
   17.31694603    3.93199992    0.01900000
   17.31805611    4.91499996    0.03800000
   17.31916809    4.91499996    0.03800000
   17.32000160    4.91499996    0.03800000
   17.32111168    4.91499996    0.03800000
   17.32194519    4.91499996    0.05700000
   17.32305717    4.91499996    0.05700000
   17.32416725    4.91499996    0.05700000
   17.32500076    4.91499996    0.07700000
   17.32611275    4.91499996    0.07700000
   17.32694626    4.91499996    0.09600000
   17.32805634    4.91499996    0.11500000
   17.32916832    4.91499996    0.15400000
   17.33000183    4.91499996    0.17299999
   17.33111191    4.91499996    0.15400000
   17.33194542    4.91499996    0.21200000
   17.33305550    4.91499996    0.36600000
   17.33416748    4.91499996    0.44299999
   17.33500099    4.91499996    0.48100001
   17.33611107    4.91499996    0.63599998
   17.33722305    4.91499996    1.17499995
   17.33805656    4.91499996    0.98299998
   17.33916664    4.91499996    0.77100003
   17.34027863    4.91499996    0.92500001
   17.34111214    4.91499996    1.13699996
   17.34222221    4.91499996    1.05999994
   17.34305573    4.91499996    1.40699995
   17.34416771    4.91499996    1.17499995
   17.34527779    4.91499996    1.27199996
   17.34611130    4.91499996    1.19500005
   17.34722328    4.91499996    1.19500005
   17.34805679    4.91499996    0.94400001
   17.34916687    4.91499996    1.00199997
   17.35027885    4.91499996    1.17499995
   17.35111237    4.91499996    1.11800003
   17.35222244    4.91499996    1.30999994
   17.35305595    4.91499996    1.54200006
   17.35416794    4.91499996    1.77300000
   17.35499954    4.91499996    1.77300000
   17.35611153    4.91499996    1.85000002
   17.35722351    4.91499996    1.98500001
   17.35805511    4.91499996    1.83099997
   17.35916710    4.91499996    1.86899996
   17.36027908    4.91499996    1.85000002
   17.36111069    4.91499996    1.96599996
   17.36222267    4.91499996    1.73399997
   17.36333466    4.91499996    1.40699995
   17.36416626    4.91499996    0.90600002
   17.36527824    4.91499996    0.92500001
   17.36611176    4.91499996    0.88599998
   17.36722183    4.91499996    0.59700000
   17.36833382    4.91499996    0.55900002
   17.36916733    4.91499996    0.73199999
   17.37027740    4.91499996    0.80900002
   17.37111092    4.91499996    1.17499995
   17.37222290    4.91499996    1.15600002
   17.37333298    4.91499996    1.11800003
   17.37416649    4.91499996    1.07900000
   17.37527847    4.91499996    0.96300000
   17.37638855    4.91499996    1.36800003
   17.37722206    4.91499996    1.25300002
   17.37833405    4.91499996    1.23300004
   17.37916756    4.91499996    1.17499995
   17.38027763    4.91499996    1.44500005
   17.38138962    4.91499996    1.63800001
   17.38222313    4.91499996    1.46500003
   17.38333321    4.91499996    1.54200006
   17.38444519    4.91499996    1.44500005
   17.38527679    4.91499996    1.25300002
   17.38638878    4.91499996    1.25300002
   17.38722229    4.91499996    1.36800003
   17.38833237    4.91499996    1.25300002
   17.38944435    4.91499996    0.88599998
   17.39027786    4.91499996    0.88599998
   17.39138794    4.91499996    0.69300002
   17.39249992    4.91499996    1.03999996
   17.39333344    4.91499996    0.88599998
   17.39444351    4.91499996    0.92500001
   17.39527702    4.91499996    0.77100003
   17.39638901    4.91499996    0.61600000
   17.39749908    4.91499996    0.69300002
   17.39833260    4.91499996    0.73199999
   17.39944458    4.91499996    0.96300000
   17.40027809    4.91499996    0.80900002
   17.40138817    4.91499996    0.69300002
   17.40250015    4.91499996    0.92500001
   17.40333366    4.91499996    0.94400001
   17.40444374    4.91499996    1.00199997
   17.40555573    4.91499996    1.05999994
   17.40666580    4.91499996    0.98299998
   17.40749931    4.91499996    1.21399999
   17.40861130    4.91499996    1.17499995
   17.40972137    4.91499996    1.07900000
   17.41055489    4.91499996    0.86699998
   17.41166687    4.91499996    0.75099999
   17.41250038    4.91499996    0.84799999
   17.41361046    4.91499996    0.86699998
   17.41472244    4.91499996    1.11800003
   17.41555595    4.91499996    1.07900000
   17.41666603    4.91499996    1.13699996
   17.41777802    4.91499996    1.19500005
   17.41860962    4.91499996    1.07900000
   17.41972160    4.91499996    1.05999994
   17.42083359    4.91499996    1.19500005
   17.42166519    4.91499996    1.09800005
   17.42277718    4.91499996    1.09800005
   17.42361069    4.91499996    1.03999996
   17.42472076    4.91499996    1.03999996
   17.42555428    4.91499996    1.21399999
   17.42666626    4.91499996    1.65699995
   17.42777634    4.91499996    1.11800003
   17.42860985    4.91499996    1.15600002
   17.42972183    4.91499996    1.38699996
   17.43083191    4.91499996    1.40699995
   17.43166542    4.91499996    1.40699995
   17.43277740    4.91499996    1.58000004
   17.43361092    4.91499996    1.44500005
   17.43472099    4.91499996    1.42600000
   17.43583298    4.91499996    1.33000004
   17.43666649    4.91499996    1.13699996
   17.43777657    4.91499996    0.82800001
   17.43861008    4.91499996    0.73199999
   17.43972206    4.91499996    0.55900002
   17.44083214    4.91499996    0.86699998
   17.44166565    4.91499996    1.02100003
   17.44277763    4.91499996    1.05999994
   17.44388771    4.91499996    1.21399999
   17.44472122    4.91499996    1.75399995
   17.44583321    4.91499996    1.75399995
   17.44694328    4.91499996    1.79200006
   17.44777679    4.91499996    1.48399997
   17.44888878    4.91499996    1.75399995
   17.45000076    4.91499996    1.58000004
   17.45083427    4.91499996    1.61899996
   17.45194435    4.91499996    1.54200006
   17.45277786    4.91499996    1.33000004
   17.45388985    4.91499996    1.23300004
   17.45499992    4.91499996    1.33000004
   17.45583344    4.91499996    0.84799999
   17.45694542    4.91499996    1.21399999
   17.45777893    4.91499996    0.77100003
   17.45888901    4.91499996    0.96300000
   17.46000099    4.91499996    0.94400001
   17.46083450    4.91499996    1.13699996
   17.46194458    4.91499996    1.17499995
   17.46305656    4.91499996    1.56099999
   17.46389008    4.91499996    1.02100003
   17.46500015    4.91499996    1.07900000
   17.46583366    4.91499996    0.90600002
   17.46694565    4.91499996    1.02100003
   17.46805573    4.91499996    0.92500001
   17.46888924    4.91499996    1.00199997
   17.47000122    4.91499996    1.19500005
   17.47111130    4.91499996    1.15600002
   17.47194481    4.91499996    0.86699998
   17.47305679    4.91499996    1.03999996
   17.47389030    4.91499996    0.73199999
   17.47500038    4.91499996    0.57800001
   17.47611237    4.91499996    0.73199999
   17.47694588    4.91499996    0.77100003
   17.47805595    4.91499996    0.63599998
   17.47888947    4.91499996    0.71300000
   17.48000145    4.91499996    0.80900002
   17.48111153    4.91499996    0.96300000
   17.48194504    4.91499996    0.96300000
   17.48305511    4.91499996    1.33000004
   17.48388863    4.91499996    1.30999994
   17.48500061    4.91499996    1.23300004
   17.48611069    4.91499996    1.07900000
   17.48694420    4.91499996    1.05999994
   17.48805618    4.91499996    1.11800003
   17.48888969    4.91499996    0.67400002
   17.48999977    4.91499996    0.51999998
   17.49111176    4.91499996    0.63599998
   17.49194527    4.91499996    0.63599998
   17.49305534    4.91499996    0.36600000
   17.49388885    4.91499996    0.32699999
   17.49500084    4.91499996    0.30800000
   17.49611092    4.91499996    0.44299999
   17.49694443    4.91499996    0.48100001
   17.49805641    4.91499996    0.38499999
   17.49888992    4.91499996    0.32699999
   17.50000000    4.91499996    0.53899997
   17.50111198    4.91499996    0.48100001
   17.50194359    4.91499996    0.51999998
   17.50305557    4.91499996    0.30800000
   17.50416756    4.91499996    0.36600000
   17.50499916    4.91499996    0.51999998
   17.50611115    4.91499996    0.69300002
   17.50694466    4.91499996    0.79000002
   17.50805473    4.91499996    0.84799999
   17.50888824    4.91499996    0.86699998
   17.51000023    4.91499996    0.73199999
   17.51111031    4.91499996    0.92500001
   17.51194382    4.91499996    1.00199997
   17.51305580    4.91499996    0.57800001
   17.51416588    4.91499996    0.80900002
   17.51499939    4.91499996    0.84799999
   17.51611137    4.91499996    0.71300000
   17.51694489    4.91499996    0.71300000
   17.51805496    4.91499996    0.71300000
   17.51916695    4.91499996    0.65499997
   17.52000046    4.91499996    0.73199999
   17.52111053    4.91499996    0.67400002
   17.52194405    4.91499996    0.71300000
   17.52305603    4.91499996    0.73199999
   17.52388954    4.91499996    0.50099999
   17.52499962    4.91499996    0.40400001
   17.52611160    4.91499996    0.36600000
   17.52694511    4.91499996    0.30800000
   17.52805519    4.91499996    0.23100001
   17.52888870    4.91499996    0.26899999
   17.53000069    4.91499996    0.51999998
   17.53111076    4.91499996    0.21200000
   17.53194427    4.91499996    0.13400000
   17.53305435    4.91499996    0.11500000
   17.53416634    4.91499996    0.15400000
   17.53499985    4.91499996    0.17299999
   17.53610992    4.91499996    0.13400000
   17.53694344    4.91499996    0.19200000
   17.53805542    4.91499996    0.28900000
   17.53916550    4.91499996    0.44299999
   17.53999901    4.91499996    0.46200001
   17.54111099    4.91499996    0.67400002
   17.54222107    4.91499996    0.59700000
   17.54305458    4.91499996    0.57800001
   17.54416656    4.91499996    0.65499997
   17.54500008    4.91499996    0.30800000
   17.54611015    4.91499996    0.34599999
   17.54722214    4.91499996    0.36600000
   17.54805565    4.91499996    0.26899999
   17.54916573    4.91499996    0.17299999
   17.54999924    4.91499996    0.19200000
   17.55111122    4.91499996    0.25000000
   17.55222130    4.91499996    0.26899999
   17.55305481    4.91499996    0.36600000
   17.55416679    4.91499996    0.23100001
   17.55527687    4.91499996    0.25000000
   17.55611038    4.91499996    0.34599999
   17.55722237    4.91499996    0.40400001
   17.55805397    4.91499996    0.40400001
   17.55916595    4.91499996    0.26899999
   17.56027794    4.91499996    0.21200000
   17.56110954    4.91499996    0.28900000
   17.56222153    4.91499996    0.53899997
   17.56305504    4.91499996    0.71300000
   17.56416512    4.91499996    0.26899999
   17.56499863    4.91499996    0.13400000
   17.56611061    4.91499996    0.13400000
   17.56722260    4.91499996    0.19200000
   17.56805611    4.91499996    0.30800000
   17.56916809    4.91499996    0.32699999
   17.57027817    4.91499996    0.26899999
   17.57111168    4.91499996    0.32699999
   17.57222366    4.91499996    0.25000000
   17.57305717    4.91499996    0.36600000
   17.57416725    4.91499996    0.42399999
   17.57527924    4.91499996    0.46200001
   17.57611275    4.91499996    0.46200001
   17.57722282    4.91499996    0.48100001
   17.57805634    4.91499996    0.32699999
   17.57916832    4.91499996    0.13400000
   17.58027840    4.91499996    0.05700000
   17.58111191    4.91499996    0.03800000
   17.58222389    4.91499996    0.05700000
   17.58333397    4.91499996    0.01900000
   17.58889008    3.33400011    0.01900000
   17.58972359    4.91499996    0.01900000
   17.59083366    4.91499996    0.05700000
   17.59166718    4.91499996    0.07700000
   17.59361267    4.91499996    0.01900000
   17.59472275    4.91499996    0.01900000
   17.59583473    4.91499996    0.65499997
   17.59666824    4.91499996    0.98299998
   17.59777832    4.91499996    0.69300002
   17.59861183    4.91499996    0.92500001
   17.59972191    4.91499996    0.77100003
   17.60083389    4.91499996    0.86699998
   17.60166740    4.91499996    0.73199999
   17.60277748    4.91499996    0.75099999
   17.60388947    4.91499996    0.59700000
   17.60472298    4.91499996    0.61600000
   17.60583305    4.91499996    0.55900002
   17.60666656    4.91499996    0.57800001
   17.60777855    4.91499996    0.57800001
   17.60861206    4.91499996    0.67400002
   17.60972214    4.91499996    0.71300000
   17.61083412    4.91499996    0.61600000
   17.61166763    4.91499996    0.53899997
   17.61277771    4.91499996    0.73199999
   17.61388969    4.91499996    0.01900000
   17.61472321    4.91499996    0.01900000
   17.61583328    4.91499996    0.01900000
   17.61694527    4.91499996    0.01900000
   17.61777878    4.91499996    0.44299999
   17.61888885    4.91499996    0.42399999
   17.61972237    4.91499996    0.38499999
   17.62083435    4.91499996    0.30800000
   17.62166595    4.91499996    0.25000000
   17.62277794    4.91499996    0.32699999
   17.62388992    4.91499996    0.38499999
   17.62472153    4.91499996    0.25000000
   17.62583351    4.91499996    0.30800000
   17.62694550    4.91499996    0.48100001
   17.62777710    4.91499996    0.73199999
   17.62888908    4.91499996    1.13699996
   17.62972260    4.91499996    1.33000004
   17.63083267    4.91499996    1.50300002
   17.63194466    4.91499996    1.38699996
   17.63277817    4.91499996    1.52199996
   17.63388824    4.91499996    0.96300000
   17.63500023    4.91499996    1.00199997
   17.63583374    4.91499996    1.11800003
   17.63694382    4.91499996    0.84799999
   17.63777733    4.91499996    0.65499997
   17.63888931    4.91499996    0.61600000
   17.63999939    4.91499996    0.51999998
   17.64083290    4.91499996    0.77100003
   17.64194489    4.91499996    0.84799999
   17.64305496    4.91499996    0.90600002
   17.64388847    4.91499996    0.96300000
   17.64500046    4.91499996    0.75099999
   17.64583397    4.91499996    0.59700000
   17.64694405    4.91499996    0.69300002
   17.64805603    4.91499996    0.55900002
   17.64888954    4.91499996    0.69300002
   17.64999962    4.91499996    1.02100003
   17.65083313    4.91499996    0.94400001
   17.65194321    4.91499996    1.42600000
   17.65305519    4.91499996    1.65699995
   17.65388870    4.91499996    1.09800005
   17.65499878    4.91499996    0.65499997
   17.65583229    4.91499996    0.65499997
   17.65694427    4.91499996    0.92500001
   17.65805435    4.91499996    1.38699996
   17.65888786    4.91499996    1.56099999
   17.65999985    4.91499996    1.38699996
   17.66110992    4.91499996    0.86699998
   17.66194344    4.91499996    0.61600000
   17.66305542    4.91499996    0.71300000
   17.66388893    4.91499996    0.67400002
   17.66499901    4.91499996    0.63599998
   17.66583252    4.91499996    0.79000002
   17.66694450    4.91499996    0.69300002
   17.66805458    4.91499996    0.57800001
   17.66888809    4.91499996    0.73199999
   17.67000008    4.91499996    1.09800005
   17.67111015    4.91499996    1.02100003
   17.67194366    4.91499996    1.23300004
   17.67305565    4.91499996    1.33000004
   17.67388916    4.91499996    0.88599998
   17.67499924    4.91499996    0.82800001
   17.67611122    4.91499996    0.57800001
   17.67694473    4.91499996    0.55900002
   17.67805481    4.91499996    0.71300000
   17.67916679    4.91499996    0.79000002
   17.68000031    4.91499996    1.19500005
   17.68111038    4.91499996    0.79000002
   17.68222237    4.91499996    0.94400001
   17.68305397    4.91499996    0.57800001
   17.68416595    4.91499996    0.71300000
   17.68499947    4.91499996    0.92500001
   17.68610954    4.91499996    0.63599998
   17.68722153    4.91499996    0.48100001
   17.68805504    4.91499996    0.38499999
   17.68916512    4.91499996    0.26899999
   17.69027710    4.91499996    0.15400000
   17.69111061    4.91499996    0.13400000
   17.69222069    4.91499996    0.15400000
   17.69305420    4.91499996    0.19200000
   17.69416618    4.91499996    0.23100001
   17.69527626    4.91499996    0.17299999
   17.69610977    4.91499996    0.17299999
   17.69722176    4.91499996    0.17299999
   17.69833183    4.91499996    0.26899999
   17.69916534    4.91499996    0.48100001
   17.70027924    4.91499996    0.57800001
   17.70138931    4.91499996    0.40400001
   17.70222282    4.91499996    0.19200000
   17.70333481    4.91499996    0.19200000
   17.70444489    4.91499996    0.19200000
   17.70527840    4.91499996    0.17299999
   17.70639038    4.91499996    0.09600000
   17.70750046    4.91499996    0.05700000
   17.70833397    4.91499996    0.05700000
   17.70944595    4.91499996    0.07700000
   17.71055603    4.91499996    0.05700000
   17.71138954    4.91499996    0.05700000
   17.71250153    4.91499996    0.03800000
   17.71333504    4.91499996    0.03800000
   17.71444511    4.81899977    0.03800000
   17.71555710    4.91499996    0.03800000
   17.71638870    4.91499996    0.05700000
   17.71750069    4.91499996    0.05700000
   17.71861076    4.91499996    0.13400000
   17.71944427    4.91499996    0.19200000
   17.72055626    4.91499996    0.32699999
   17.72166634    4.91499996    0.53899997
   17.72249985    4.91499996    0.86699998
   17.72361183    4.91499996    1.17499995
   17.72444534    4.91499996    1.34899998
   17.72527885    4.91499996    1.71500003
   17.72638893    4.91499996    1.71500003
   17.72750092    4.91499996    0.40400001
   17.72833443    4.91499996    0.26899999
   17.72944450    4.91499996    0.19200000
   17.73055649    4.91499996    0.15400000
   17.73139000    4.91499996    0.11500000
   17.73250008    4.91499996    0.09600000
   17.73333359    4.91499996    0.11500000
   17.73444557    4.91499996    0.11500000
   17.73583412    4.91499996    0.17299999
   17.73777771    4.91499996    0.09600000
   17.73944473    4.91499996    0.07700000
   17.74111176    4.91499996    0.05700000
   17.74250031    4.91499996    0.05700000
   17.74277878    4.91499996    0.05700000
   17.74472237    4.91499996    0.07700000
   17.74638939    4.91499996    0.09600000
   17.74805641    2.71799994    0.05700000
   17.74972153    1.58000004    0.03800000
   17.75138855    1.21399999    0.03800000
   17.75305557    1.29100001    0.11500000
   17.75472260    1.30999994    0.19200000
   17.75638962    1.23300004    0.05700000
