    HOUR (UT)     SKY TESTER    SUN TESTER
   11.87527752    0.01900000    0.21200000
   11.87583351    0.01900000    0.23100001
   11.87638855    0.03800000    0.25000000
   11.87694454    0.03800000    0.30800000
   11.87750053    0.05700000    0.32699999
   11.87805557    0.07700000    0.34599999
   11.87861156    0.13400000    0.36600000
   11.87916660    0.19200000    0.38499999
   11.87972260    0.25000000    0.38499999
   11.88027763    0.28900000    0.38499999
   11.88083363    0.28900000    0.38499999
   11.88138866    0.30800000    0.38499999
   11.88249969    0.30800000    0.40400001
   11.88305569    0.32699999    0.42399999
   11.88361073    1.58000004    2.21600008
   11.88416672    4.91499996    2.21600008
   11.88472176    4.91499996    2.23600006
   11.88527775    4.91499996    2.21600008
   11.88583279    4.91499996    2.23600006
   11.88638878    4.91499996    2.21600008
   11.88694477    2.13899994    2.17799997
   11.88749981    4.91499996    2.17799997
   11.88805580    4.91499996    2.19700003
   11.88861084    4.91499996    2.17799997
   11.88916683    4.91499996    2.19700003
   11.88972187    4.91499996    2.19700003
   11.89027786    4.91499996    2.17799997
   11.89083290    4.91499996    2.19700003
   11.89138889    4.91499996    2.19700003
   11.89194393    4.91499996    2.19700003
   11.89249992    4.91499996    2.19700003
   11.89305496    4.91499996    2.19700003
   11.89361095    4.91499996    2.19700003
   11.89416695    4.91499996    2.19700003
   11.89527798    4.91499996    2.19700003
   11.89583302    4.91499996    2.19700003
   11.89694405    4.91499996    2.19700003
   11.89777756    4.91499996    2.19700003
   11.89888859    4.91499996    2.19700003
   11.89999962    4.91499996    2.19700003
   11.90083313    4.91499996    2.19700003
   11.90194416    4.91499996    2.19700003
   11.90305519    4.91499996    2.19700003
   11.90388870    4.91499996    2.19700003
   11.90499973    4.91499996    2.19700003
   11.90583324    4.91499996    2.19700003
   11.90694427    4.91499996    2.21600008
   11.90805531    4.91499996    2.19700003
   11.90888882    4.91499996    2.21600008
   11.90999985    4.91499996    2.19700003
   11.91111088    4.91499996    2.21600008
   11.91194439    4.91499996    2.21600008
   11.91305542    4.91499996    2.21600008
   11.91416645    4.91499996    2.21600008
   11.91499996    4.91499996    2.21600008
   11.91611099    4.91499996    2.21600008
   11.91722298    4.91499996    2.21600008
   11.91805553    4.91499996    2.21600008
   11.91916656    4.91499996    2.21600008
   11.92000008    4.91499996    2.21600008
   11.92111111    4.91499996    2.21600008
   11.92194462    4.91499996    2.21600008
   11.92305565    4.91499996    2.23600006
   11.92416668    4.91499996    2.21600008
   11.92500019    4.91499996    2.21600008
   11.92611122    4.91499996    2.23600006
   11.92722225    4.91499996    2.21600008
   11.92805576    4.91499996    2.21600008
   11.92916679    4.91499996    2.21600008
   11.93000031    4.91499996    2.23600006
   11.93111134    4.91499996    2.23600006
   11.93222237    4.91499996    2.23600006
   11.93305588    4.91499996    2.23600006
   11.93416691    4.91499996    2.23600006
   11.93527794    4.91499996    2.23600006
   11.93611145    4.91499996    2.23600006
   11.93722248    4.91499996    2.23600006
   11.93805599    4.91499996    2.23600006
   11.93916702    4.91499996    2.23600006
   11.94027805    4.91499996    2.23600006
   11.94111156    4.91499996    2.23600006
   11.94222260    4.91499996    2.23600006
   11.94333363    4.91499996    2.23600006
   11.94416714    4.91499996    2.23600006
   11.94527817    4.91499996    2.23600006
   11.94611073    4.91499996    2.23600006
   11.94722271    4.91499996    2.23600006
   11.94833374    4.91499996    2.23600006
   11.94916630    4.91499996    2.23600006
   11.95027733    4.91499996    2.23600006
   11.95138836    4.91499996    2.23600006
   11.95222187    4.91499996    2.23600006
   11.95333290    4.91499996    2.23600006
   11.95444393    4.91499996    2.23600006
   11.95527744    4.91499996    2.23600006
   11.95638847    4.91499996    2.23600006
   11.95722198    4.91499996    2.23600006
   11.95833302    4.91499996    2.23600006
   11.95916653    4.91499996    2.23600006
   11.96027756    4.91499996    2.25500011
   11.96138859    4.91499996    2.25500011
   11.96222210    4.91499996    2.25500011
   11.96333313    4.91499996    2.23600006
   11.96444416    4.91499996    2.25500011
   11.96527767    4.91499996    2.25500011
   11.96638870    4.91499996    2.25500011
   11.96722221    4.91499996    2.25500011
   11.96833324    4.91499996    2.25500011
   11.96944427    4.91499996    2.25500011
   11.97027779    4.91499996    2.25500011
   11.97138882    4.91499996    2.25500011
   11.97222137    4.91499996    2.25500011
   11.97333336    4.91499996    2.25500011
   11.97444439    4.91499996    2.25500011
   11.97527695    4.91499996    2.25500011
   11.97638798    4.91499996    2.25500011
   11.97749996    4.91499996    2.25500011
   11.97833252    4.91499996    2.25500011
   11.97944355    4.91499996    2.25500011
   11.98027706    4.91499996    2.25500011
   11.98138809    4.91499996    2.25500011
   11.98249912    4.91499996    2.25500011
   11.98333359    4.91499996    2.25500011
   11.98444462    4.91499996    2.25500011
   11.98527813    4.91499996    2.25500011
   11.98638916    4.91499996    2.25500011
   11.98750019    4.91499996    2.25500011
   11.98833370    4.91499996    2.25500011
   11.98944473    4.91499996    2.25500011
   11.99055576    4.91499996    2.25500011
   11.99138927    4.91499996    2.25500011
   11.99250031    4.91499996    2.25500011
   11.99361134    4.91499996    2.25500011
   11.99444485    4.91499996    2.25500011
   11.99555588    4.91499996    2.25500011
   11.99638939    4.91499996    2.25500011
   11.99750042    4.91499996    2.25500011
   11.99861145    4.91499996    2.25500011
   11.99944496    4.91499996    2.25500011
   12.00055599    4.91499996    2.25500011
   12.00166702    4.91499996    2.25500011
   12.00249958    4.91499996    2.25500011
   12.00361156    4.91499996    2.27399993
   12.00444412    4.91499996    2.27399993
   12.00555515    4.91499996    2.27399993
   12.00666714    4.91499996    2.25500011
   12.00749969    4.91499996    2.27399993
   12.00861073    4.91499996    2.27399993
   12.00944424    4.91499996    2.27399993
   12.01055527    4.91499996    2.27399993
   12.01166630    4.91499996    2.27399993
   12.01249981    4.91499996    2.27399993
   12.01361084    4.91499996    2.27399993
   12.01472187    4.91499996    2.27399993
   12.01555538    4.91499996    2.27399993
   12.01666641    4.91499996    2.27399993
   12.01749992    4.91499996    2.27399993
   12.01861095    4.91499996    2.27399993
   12.01972198    4.91499996    2.27399993
   12.02055550    4.91499996    2.27399993
   12.02166653    4.91499996    2.27399993
   12.02250004    4.91499996    2.27399993
   12.02361107    4.91499996    2.27399993
   12.02472210    4.91499996    2.27399993
   12.02555561    4.91499996    2.27399993
   12.02666664    4.91499996    2.27399993
   12.02750015    4.91499996    2.27399993
   12.02861118    4.91499996    2.27399993
   12.02944374    4.91499996    2.27399993
   12.03055573    4.91499996    2.27399993
   12.03166676    4.91499996    2.27399993
   12.03249931    4.91499996    2.27399993
   12.03361130    4.91499996    2.29399991
   12.03444481    4.91499996    2.29399991
   12.03555584    4.91499996    2.29399991
   12.03666687    4.91499996    2.29399991
   12.03750038    4.91499996    2.29399991
   12.03861141    4.91499996    2.29399991
   12.03944492    4.91499996    2.29399991
   12.04055595    4.91499996    2.29399991
   12.04166698    4.91499996    2.29399991
   12.04250050    4.91499996    2.29399991
   12.04361153    4.91499996    2.29399991
   12.04472256    4.91499996    2.29399991
   12.04555607    4.91499996    2.29399991
   12.04666710    4.91499996    2.29399991
   12.04750061    4.91499996    2.29399991
   12.04861164    4.91499996    2.29399991
   12.04972267    4.91499996    2.29399991
   12.05055618    4.91499996    2.29399991
   12.05166721    4.91499996    2.29399991
   12.05249977    4.91499996    2.29399991
   12.05361176    4.91499996    2.29399991
   12.05472279    4.91499996    2.29399991
   12.05555534    4.91499996    2.31299996
   12.05666733    4.91499996    2.31299996
   12.05777836    4.91499996    2.29399991
   12.05861092    4.91499996    2.29399991
   12.05972195    4.91499996    2.29399991
   12.06083393    4.91499996    2.31299996
   12.06166649    4.91499996    2.29399991
   12.06277752    4.91499996    2.29399991
   12.06361103    4.91499996    2.31299996
   12.06472206    4.91499996    2.31299996
   12.06583309    4.91499996    2.31299996
   12.06666660    4.91499996    2.31299996
   12.06777763    4.91499996    2.31299996
   12.06861115    4.91499996    2.31299996
   12.06972218    4.91499996    2.31299996
   12.07083321    4.91499996    2.31299996
   12.07166672    4.91499996    2.29399991
   12.07277775    4.91499996    2.31299996
   12.07361126    4.91499996    2.31299996
   12.07472229    4.91499996    2.31299996
   12.07583332    4.91499996    2.31299996
   12.07666683    4.91499996    2.31299996
   12.07777786    4.91499996    2.31299996
   12.07888889    4.91499996    2.31299996
   12.07972240    4.91499996    2.31299996
   12.08083344    4.91499996    2.31299996
   12.08166695    4.91499996    2.31299996
   12.08277798    4.91499996    2.31299996
   12.08361053    4.91499996    2.31299996
   12.08472157    4.91499996    2.31299996
   12.08583260    4.91499996    2.31299996
   12.08666611    4.91499996    2.31299996
   12.08777714    4.91499996    2.31299996
   12.08888817    4.91499996    2.31299996
   12.08972168    4.91499996    2.31299996
   12.09083271    4.91499996    2.31299996
   12.09166622    4.91499996    2.31299996
   12.09277725    4.91499996    2.31299996
   12.09388828    4.91499996    2.31299996
   12.09472179    4.91499996    2.31299996
   12.09583282    4.91499996    2.33200002
   12.09666634    4.91499996    2.31299996
   12.09777737    4.91499996    2.31299996
   12.09888840    4.91499996    2.31299996
   12.09972191    4.91499996    2.31299996
   12.10083389    4.91499996    2.31299996
   12.10166740    4.91499996    2.31299996
   12.10277843    4.91499996    2.33200002
   12.10388947    4.91499996    2.31299996
   12.10472298    4.91499996    2.31299996
   12.10583401    4.91499996    2.31299996
   12.10666752    4.91499996    2.31299996
   12.10777855    4.91499996    2.31299996
   12.10888958    4.91499996    2.31299996
   12.10972214    4.91499996    2.31299996
   12.11083412    4.91499996    2.33200002
   12.11194515    4.91499996    2.33200002
   12.11277771    4.91499996    2.31299996
   12.11388969    4.91499996    2.33200002
   12.11472225    4.91499996    2.33200002
   12.11583328    4.91499996    2.33200002
   12.11694431    4.91499996    2.33200002
   12.11777782    4.91499996    2.33200002
   12.11888885    4.91499996    2.33200002
   12.11999989    4.91499996    2.33200002
   12.12083340    4.91499996    2.33200002
   12.12194443    4.91499996    2.33200002
   12.12277794    4.91499996    2.33200002
   12.12388897    4.91499996    2.33200002
   12.12500000    4.91499996    2.33200002
   12.12583351    4.91499996    2.33200002
   12.12694454    4.91499996    2.33200002
   12.12805557    4.91499996    2.33200002
   12.12888908    4.91499996    2.33200002
   12.13000011    4.91499996    2.33200002
   12.13111115    4.91499996    2.33200002
   12.13194466    4.91499996    2.33200002
   12.13305569    4.91499996    2.33200002
   12.13388920    4.91499996    2.33200002
   12.13500023    4.91499996    2.33200002
   12.13611126    4.91499996    2.33200002
   12.13694477    4.91499996    2.33200002
   12.13805580    4.91499996    2.33200002
   12.13888836    4.91499996    2.33200002
   12.14000034    4.91499996    2.33200002
   12.14111137    4.91499996    2.33200002
   12.14194393    4.91499996    2.33200002
   12.14305496    4.91499996    2.33200002
   12.14388847    4.91499996    2.35100007
   12.14499950    4.91499996    2.35100007
   12.14611053    4.91499996    2.33200002
   12.14694405    4.91499996    2.33200002
   12.14805508    4.91499996    2.33200002
   12.14888859    4.91499996    2.33200002
   12.14999962    4.91499996    2.35100007
   12.15111065    4.91499996    2.35100007
   12.15194416    4.91499996    2.35100007
   12.15305519    4.91499996    2.35100007
   12.15388870    4.91499996    2.35100007
   12.15499973    4.91499996    2.35100007
   12.15611076    4.91499996    2.35100007
   12.15694427    4.91499996    2.35100007
   12.15805531    4.91499996    2.35100007
   12.15916634    4.91499996    2.35100007
   12.15999985    4.91499996    2.35100007
   12.16111088    4.91499996    2.35100007
   12.16222191    4.91499996    2.35100007
   12.16305542    4.91499996    2.35100007
   12.16416645    4.91499996    2.35100007
   12.16499996    4.91499996    2.35100007
   12.16611099    4.91499996    2.35100007
   12.16722298    4.91499996    2.35100007
   12.16805553    4.91499996    2.35100007
   12.16916656    4.91499996    2.35100007
   12.17000008    4.91499996    2.35100007
   12.17111111    4.91499996    2.35100007
   12.17222214    4.91499996    2.37100005
   12.17305565    4.91499996    2.35100007
   12.17416668    4.91499996    2.35100007
   12.17500019    4.91499996    2.35100007
   12.17611122    4.91499996    2.35100007
   12.17722225    4.91499996    2.37100005
   12.17805576    4.91499996    2.35100007
   12.17916679    4.91499996    2.37100005
   12.18027782    4.91499996    2.35100007
   12.18138885    4.91499996    2.35100007
   12.18222237    4.91499996    2.35100007
   12.18333340    4.91499996    2.35100007
   12.18416691    4.91499996    2.37100005
   12.18527794    4.91499996    2.37100005
   12.18638897    4.91499996    2.35100007
   12.18722248    4.91499996    2.37100005
   12.18833351    4.91499996    2.35100007
   12.18916702    4.91499996    2.37100005
   12.19027805    4.91499996    2.37100005
   12.19138908    4.91499996    2.37100005
   12.19222260    4.91499996    2.37100005
   12.19333363    4.91499996    2.37100005
   12.19444466    4.91499996    2.37100005
   12.19527817    4.91499996    2.37100005
   12.19638920    4.91499996    2.37100005
   12.19722271    4.91499996    2.37100005
   12.19833374    4.91499996    2.37100005
   12.19916630    4.91499996    2.37100005
   12.20027733    4.91499996    2.37100005
   12.20138836    4.91499996    2.37100005
   12.20222187    4.91499996    2.37100005
   12.20333290    4.91499996    2.37100005
   12.20444393    4.91499996    2.37100005
   12.20527744    4.91499996    2.37100005
   12.20638847    4.91499996    2.37100005
   12.20722198    4.91499996    2.37100005
   12.20833302    4.91499996    2.37100005
   12.20944405    4.91499996    2.37100005
   12.21027756    4.91499996    2.37100005
   12.21138859    4.91499996    2.37100005
   12.21222210    4.91499996    2.37100005
   12.21333313    4.91499996    2.37100005
   12.21444416    4.91499996    2.37100005
   12.21527767    4.91499996    2.37100005
   12.21638870    4.91499996    2.39000010
   12.21749973    4.91499996    2.37100005
   12.21833324    4.91499996    2.39000010
   12.21944427    4.91499996    2.39000010
   12.22027779    4.91499996    2.37100005
   12.22138882    4.91499996    2.37100005
   12.22249985    4.91499996    2.37100005
   12.22333336    4.91499996    2.39000010
   12.22444439    4.91499996    2.37100005
   12.22555542    4.91499996    2.39000010
   12.22638798    4.91499996    2.39000010
   12.22749996    4.91499996    2.39000010
   12.22861099    4.91499996    2.39000010
   12.22944355    4.91499996    2.39000010
   12.23055553    4.91499996    2.39000010
   12.23138809    4.91499996    2.39000010
   12.23249912    4.91499996    2.39000010
   12.23361111    4.91499996    2.39000010
   12.23444462    4.91499996    2.39000010
   12.23555565    4.91499996    2.39000010
   12.23638916    4.91499996    2.39000010
   12.23750019    4.91499996    2.39000010
   12.23861122    4.91499996    2.39000010
   12.23944473    4.91499996    2.39000010
   12.24055576    4.91499996    2.39000010
   12.24166679    4.91499996    2.39000010
   12.24250031    4.91499996    2.39000010
   12.24361134    4.91499996    2.39000010
   12.24444485    4.91499996    2.39000010
   12.24555588    4.91499996    2.39000010
   12.24666691    4.91499996    2.39000010
   12.24750042    4.91499996    2.39000010
   12.24861145    4.91499996    2.39000010
   12.24972248    4.91499996    2.39000010
   12.25055599    4.91499996    2.39000010
   12.25166702    4.91499996    2.39000010
   12.25249958    4.91499996    2.39000010
   12.25361156    4.91499996    2.39000010
   12.25472260    4.91499996    2.39000010
   12.25555515    4.91499996    2.39000010
   12.25666714    4.91499996    2.39000010
   12.25749969    4.91499996    2.39000010
   12.25861073    4.91499996    2.39000010
   12.25972176    4.91499996    2.39000010
   12.26055527    4.91499996    2.40899992
   12.26166630    4.91499996    2.39000010
   12.26277733    4.91499996    2.39000010
   12.26361084    4.91499996    2.39000010
   12.26472187    4.91499996    2.39000010
   12.26555538    4.91499996    2.39000010
   12.26666641    4.91499996    2.39000010
   12.26777744    4.91499996    2.39000010
   12.26861095    4.91499996    2.39000010
   12.26972198    4.91499996    2.39000010
   12.27055550    4.91499996    2.40899992
   12.27166653    4.91499996    2.39000010
   12.27277756    4.91499996    2.40899992
   12.27361107    4.91499996    2.40899992
   12.27472210    4.91499996    2.39000010
   12.27555561    4.91499996    2.40899992
   12.27666664    4.91499996    2.40899992
   12.27777767    4.91499996    2.40899992
   12.27861118    4.91499996    2.40899992
   12.27972221    4.91499996    2.40899992
   12.28083324    4.91499996    2.40899992
   12.28166676    4.91499996    2.40899992
   12.28277779    4.91499996    2.39000010
   12.28361130    4.91499996    2.40899992
   12.28472233    4.91499996    2.40899992
   12.28583336    4.91499996    2.40899992
   12.28666687    4.91499996    2.40899992
   12.28777790    4.91499996    2.40899992
   12.28888893    4.91499996    2.40899992
   12.28972244    4.91499996    2.40899992
   12.29083347    4.91499996    2.40899992
   12.29166698    4.91499996    2.40899992
   12.29277802    4.91499996    2.40899992
   12.29388905    4.91499996    2.40899992
   12.29472256    4.91499996    2.40899992
   12.29583359    4.91499996    2.40899992
   12.29694462    4.91499996    2.40899992
   12.29777813    4.91499996    2.40899992
   12.29888916    4.91499996    2.40899992
   12.29972267    4.91499996    2.40899992
   12.30083370    4.91499996    2.40899992
   12.30194473    4.91499996    2.40899992
   12.30277824    4.91499996    2.40899992
   12.30388927    4.91499996    2.40899992
   12.30500031    4.91499996    2.40899992
   12.30583382    4.91499996    2.40899992
   12.30694485    4.91499996    2.40899992
   12.30805588    4.91499996    2.40899992
   12.30888939    4.91499996    2.40899992
   12.31000042    4.91499996    2.40899992
   12.31111145    4.91499996    2.40899992
   12.31194496    4.91499996    2.40899992
   12.31305599    4.91499996    2.40899992
   12.31416702    4.91499996    2.40899992
   12.31500053    4.91499996    2.40899992
   12.31611156    4.91499996    2.42799997
   12.31722260    4.91499996    2.40899992
   12.31805515    4.91499996    2.40899992
   12.31916618    4.91499996    2.40899992
   12.32027817    4.91499996    2.40899992
   12.32111073    4.91499996    2.40899992
   12.32222176    4.91499996    2.40899992
   12.32333374    4.91499996    2.40899992
   12.32416630    4.91499996    2.42799997
   12.32527733    4.91499996    2.40899992
   12.32638836    4.91499996    2.40899992
   12.32722187    4.91499996    2.40899992
   12.32833290    4.91499996    2.40899992
   12.32944393    4.91499996    2.40899992
   12.33027744    4.91499996    2.40899992
   12.33138847    4.91499996    2.40899992
   12.33222198    4.91499996    2.42799997
   12.33333302    4.91499996    2.42799997
   12.33444405    4.91499996    2.42799997
   12.33527756    4.91499996    2.42799997
   12.33638859    4.91499996    2.42799997
   12.33749962    4.91499996    2.42799997
   12.33833313    4.91499996    2.42799997
   12.33944416    4.91499996    2.42799997
   12.34027767    4.91499996    2.42799997
   12.34138870    4.91499996    2.42799997
   12.34249973    4.91499996    2.42799997
   12.34333324    4.91499996    2.42799997
   12.34444427    4.91499996    2.42799997
   12.34555531    4.91499996    2.42799997
   12.34638882    4.91499996    2.42799997
   12.34749985    4.91499996    2.44799995
   12.34833336    4.91499996    2.42799997
   12.34944439    4.91499996    2.42799997
   12.35055637    4.91499996    2.42799997
   12.35138893    4.91499996    2.42799997
   12.35249996    4.91499996    2.42799997
   12.35361195    4.91499996    2.42799997
   12.35444450    4.91499996    2.42799997
   12.35555553    4.91499996    2.42799997
   12.35666752    4.91499996    2.42799997
   12.35750008    4.91499996    2.42799997
   12.35861111    4.91499996    2.42799997
   12.35972214    4.91499996    2.42799997
   12.36055565    4.91499996    2.42799997
   12.36166668    4.91499996    2.44799995
   12.36277771    4.91499996    2.42799997
   12.36361122    4.91499996    2.44799995
   12.36472225    4.91499996    2.42799997
   12.36583328    4.91499996    2.44799995
   12.36666679    4.91499996    2.44799995
   12.36777782    4.91499996    2.42799997
   12.36861134    4.91499996    2.42799997
   12.36972237    4.91499996    2.42799997
   12.37083340    4.91499996    2.42799997
   12.37166691    4.91499996    2.44799995
   12.37277794    4.91499996    2.44799995
   12.37388897    4.91499996    2.44799995
   12.37472248    4.91499996    2.44799995
   12.37583351    4.91499996    2.44799995
   12.37694454    4.91499996    2.44799995
   12.37777805    4.91499996    2.42799997
   12.37888908    4.91499996    2.44799995
   12.38000011    4.91499996    2.44799995
   12.38083363    4.91499996    2.44799995
   12.38194466    4.91499996    2.44799995
   12.38277817    4.91499996    2.44799995
   12.38388920    4.91499996    2.44799995
   12.38500023    4.91499996    2.44799995
   12.38583279    4.91499996    2.44799995
   12.38694477    4.91499996    2.44799995
   12.38805580    4.91499996    2.44799995
   12.38888836    4.91499996    2.44799995
   12.39000034    4.91499996    2.44799995
   12.39111137    4.91499996    2.44799995
   12.39194393    4.91499996    2.44799995
   12.39305496    4.91499996    2.44799995
   12.39388847    4.91499996    2.44799995
   12.39499950    4.91499996    2.44799995
   12.39611053    4.91499996    2.44799995
   12.39722252    4.91499996    2.44799995
   12.39805508    4.91499996    2.44799995
   12.39916611    4.91499996    2.44799995
   12.40027714    4.91499996    2.44799995
   12.40111065    4.91499996    2.44799995
   12.40222168    4.91499996    2.44799995
   12.40305519    4.91499996    2.44799995
   12.40416622    4.91499996    2.44799995
   12.40527725    4.91499996    2.46700001
   12.40611076    4.91499996    2.44799995
   12.40722179    4.91499996    2.46700001
   12.40833282    4.91499996    2.46700001
   12.40916634    4.91499996    2.46700001
   12.41027737    4.91499996    2.46700001
   12.41138840    4.91499996    2.44799995
   12.41222191    4.91499996    2.46700001
   12.41333294    4.91499996    2.44799995
   12.41444397    4.91499996    2.44799995
   12.41527748    4.91499996    2.46700001
   12.41638851    4.91499996    2.46700001
   12.41750050    4.91499996    2.46700001
   12.41833401    4.91499996    2.46700001
   12.41944504    4.91499996    2.46700001
   12.42055607    4.91499996    2.46700001
   12.42138958    4.91499996    2.46700001
   12.42250061    4.91499996    2.46700001
   12.42333412    4.91499996    2.46700001
   12.42444515    4.91499996    2.46700001
   12.42555618    4.91499996    2.46700001
   12.42638874    4.91499996    2.46700001
   12.42750072    4.91499996    2.46700001
   12.42861176    4.91499996    2.46700001
   12.42944431    4.91499996    2.46700001
   12.43055630    4.91499996    2.46700001
   12.43166733    4.91499996    2.46700001
   12.43249989    4.91499996    2.46700001
   12.43361092    4.91499996    2.46700001
   12.43472195    4.91499996    2.46700001
   12.43583298    4.91499996    2.46700001
   12.43666649    4.91499996    2.46700001
   12.43777752    4.91499996    2.46700001
   12.43888855    4.91499996    2.46700001
   12.43972206    4.91499996    2.46700001
   12.44083309    4.91499996    2.46700001
   12.44166660    4.91499996    2.46700001
   12.44277763    4.91499996    2.46700001
   12.44388866    4.91499996    2.48600006
   12.44472218    4.91499996    2.46700001
   12.44583321    4.91499996    2.46700001
   12.44694424    4.91499996    2.46700001
   12.44777775    4.91499996    2.46700001
   12.44888878    4.91499996    2.46700001
   12.44999981    4.91499996    2.46700001
   12.45083332    4.91499996    2.46700001
   12.45194435    4.91499996    2.46700001
   12.45305538    4.91499996    2.46700001
   12.45388889    4.91499996    2.46700001
   12.45499992    4.91499996    2.48600006
   12.45583344    4.91499996    2.48600006
   12.45694447    4.91499996    2.46700001
   12.45805550    4.91499996    2.48600006
   12.45888901    4.91499996    2.46700001
   12.46000004    4.91499996    2.46700001
   12.46111107    4.91499996    2.46700001
   12.46194458    4.91499996    2.46700001
   12.46305561    4.91499996    2.48600006
   12.46416664    4.91499996    2.48600006
   12.46500015    4.91499996    2.46700001
   12.46611118    4.91499996    2.48600006
   12.46722221    4.91499996    2.48600006
   12.46805477    4.91499996    2.48600006
   12.46916580    4.91499996    2.46700001
   12.46999931    4.91499996    2.48600006
   12.47111034    4.91499996    2.48600006
   12.47222137    4.91499996    2.46700001
   12.47305489    4.91499996    2.48600006
   12.47416592    4.91499996    2.46700001
   12.47527695    4.91499996    2.48600006
   12.47611046    4.91499996    2.48600006
   12.47722149    4.91499996    2.48600006
   12.47833252    4.91499996    2.46700001
   12.47916603    4.91499996    2.48600006
   12.48027706    4.91499996    2.48600006
   12.48111057    4.91499996    2.46700001
   12.48222160    4.91499996    2.48600006
   12.48333359    4.91499996    2.48600006
   12.48416710    4.91499996    2.48600006
   12.48527813    4.91499996    2.48600006
   12.48638916    4.91499996    2.48600006
   12.48722267    4.91499996    2.48600006
   12.48833370    4.91499996    2.48600006
   12.48944473    4.91499996    2.46700001
   12.49027824    4.91499996    2.48600006
   12.49138927    4.91499996    2.48600006
   12.49222279    4.91499996    2.48600006
   12.49333382    4.91499996    2.48600006
   12.49444485    4.91499996    2.48600006
   12.49527836    4.91499996    2.48600006
   12.49638939    4.91499996    2.48600006
   12.49750042    4.91499996    2.48600006
   12.49833393    4.91499996    2.48600006
   12.49944496    4.91499996    2.48600006
   12.50055599    4.91499996    2.48600006
   12.50138855    4.91499996    2.48600006
   12.50249958    4.91499996    2.48600006
   12.50361156    4.91499996    2.48600006
   12.50444412    4.91499996    2.48600006
   12.50555515    4.91499996    2.48600006
   12.50638866    4.91499996    2.48600006
   12.50749969    4.91499996    2.48600006
   12.50861073    4.91499996    2.48600006
   12.50944424    4.91499996    2.48600006
   12.51055527    4.91499996    2.48600006
   12.51166630    4.91499996    2.48600006
   12.51249981    4.91499996    2.48600006
   12.51361084    4.91499996    2.48600006
   12.51472187    4.91499996    2.50600004
   12.51555538    4.91499996    2.48600006
   12.51666641    4.91499996    2.48600006
   12.51749992    4.91499996    2.48600006
   12.51861095    4.91499996    2.50600004
   12.51972198    4.91499996    2.48600006
   12.52055550    4.91499996    2.48600006
   12.52166653    4.91499996    2.48600006
   12.52277756    4.91499996    2.48600006
   12.52361107    4.91499996    2.48600006
   12.52472210    4.91499996    2.48600006
   12.52583313    4.91499996    2.48600006
   12.52666664    4.91499996    2.50600004
   12.52777767    4.91499996    2.50600004
   12.52888870    4.91499996    2.48600006
   12.52972221    4.91499996    2.50600004
   12.53083324    4.91499996    2.48600006
   12.53194427    4.91499996    2.50600004
   12.53277779    4.91499996    2.48600006
   12.53388977    4.91499996    2.48600006
   12.53500080    4.91499996    2.50600004
   12.53583336    4.91499996    2.48600006
   12.53694534    4.91499996    2.50600004
   12.53805637    4.91499996    2.50600004
   12.53888893    4.91499996    2.48600006
   12.54000092    4.91499996    2.50600004
   12.54083347    4.91499996    2.50600004
   12.54194450    4.91499996    2.48600006
   12.54305553    4.91499996    2.50600004
   12.54388905    4.91499996    2.50600004
   12.54500008    4.91499996    2.50600004
   12.54611111    4.91499996    2.50600004
   12.54694462    4.91499996    2.50600004
   12.54805565    4.91499996    2.50600004
   12.54916668    4.91499996    2.50600004
   12.55000019    4.91499996    2.50600004
   12.55111122    4.91499996    2.50600004
   12.55194473    4.91499996    2.50600004
   12.55305576    4.91499996    2.50600004
   12.55416679    4.91499996    2.50600004
   12.55500031    4.91499996    2.50600004
   12.55611134    4.91499996    2.50600004
   12.55722237    4.91499996    2.50600004
   12.55805588    4.91499996    2.50600004
   12.55916691    4.91499996    2.52500010
   12.56027794    4.91499996    2.50600004
   12.56111145    4.91499996    2.52500010
   12.56222248    4.91499996    2.50600004
   12.56305599    4.91499996    2.50600004
   12.56416702    4.91499996    2.50600004
   12.56527805    4.91499996    2.50600004
   12.56611156    4.91499996    2.52500010
   12.56722260    4.91499996    2.50600004
   12.56833363    4.91499996    2.50600004
   12.56916618    4.91499996    2.52500010
   12.57027817    4.91499996    2.50600004
   12.57111073    4.91499996    2.52500010
   12.57222176    4.91499996    2.50600004
   12.57333374    4.91499996    2.50600004
   12.57416630    4.91499996    2.50600004
   12.57527733    4.91499996    2.50600004
   12.57638836    4.91499996    2.52500010
   12.57722187    4.91499996    2.50600004
   12.57833290    4.91499996    2.52500010
   12.57944393    4.91499996    2.50600004
   12.58027744    4.91499996    2.50600004
   12.58138847    4.91499996    2.50600004
   12.58249950    4.91499996    2.50600004
   12.58333302    4.91499996    2.50600004
   12.58444405    4.91499996    2.52500010
   12.58555508    4.91499996    2.52500010
   12.58638859    4.91499996    2.52500010
   12.58749962    4.91499996    2.52500010
   12.58833313    4.91499996    2.52500010
   12.58944416    4.91499996    2.52500010
   12.59055519    4.91499996    2.52500010
   12.59138870    4.91499996    2.52500010
   12.59249973    4.91499996    2.50600004
   12.59333324    4.91499996    2.52500010
   12.59444427    4.91499996    2.52500010
   12.59555531    4.91499996    2.52500010
   12.59638882    4.91499996    2.52500010
   12.59749985    4.91499996    2.52500010
   12.59861088    4.91499996    2.52500010
   12.59944439    4.91499996    2.52500010
   12.60055637    4.91499996    2.52500010
   12.60138893    4.91499996    2.52500010
   12.60249996    4.91499996    2.52500010
   12.60361195    4.91499996    2.52500010
   12.60444450    4.91499996    2.52500010
   12.60555553    4.91499996    2.52500010
   12.60666752    4.91499996    2.52500010
   12.60750008    4.91499996    2.52500010
   12.60861111    4.91499996    2.52500010
   12.60972214    4.91499996    2.52500010
   12.61055565    4.91499996    2.52500010
   12.61166668    4.91499996    2.54399991
   12.61277771    4.91499996    2.52500010
   12.61361122    4.91499996    2.52500010
   12.61472225    4.91499996    2.54399991
   12.61555576    4.91499996    2.54399991
   12.61666679    4.91499996    2.52500010
   12.61777782    4.91499996    2.54399991
   12.61861134    4.91499996    2.52500010
   12.61972237    4.91499996    2.52500010
   12.62083340    4.91499996    2.52500010
   12.62166691    4.91499996    2.54399991
   12.62277794    4.91499996    2.54399991
   12.62388897    4.91499996    2.52500010
   12.62472248    4.91499996    2.54399991
   12.62583351    4.91499996    2.54399991
   12.62694454    4.91499996    2.54399991
   12.62777805    4.91499996    2.54399991
   12.62888908    4.91499996    2.54399991
   12.62972260    4.91499996    2.54399991
   12.63083363    4.91499996    2.54399991
   12.63194466    4.91499996    2.54399991
   12.63277817    4.91499996    2.54399991
   12.63388920    4.91499996    2.52500010
   12.63500023    4.91499996    2.54399991
   12.63583279    4.91499996    2.54399991
   12.63694477    4.91499996    2.54399991
   12.63777733    4.91499996    2.54399991
   12.63888836    4.91499996    2.54399991
   12.64000034    4.91499996    2.54399991
   12.64083290    4.91499996    2.54399991
   12.64194393    4.91499996    2.54399991
   12.64305496    4.91499996    2.54399991
   12.64388847    4.91499996    2.54399991
   12.64499950    4.91499996    2.54399991
   12.64583302    4.91499996    2.52500010
   12.64694405    4.91499996    2.54399991
   12.64805508    4.91499996    2.54399991
   12.64888859    4.91499996    2.54399991
   12.64999962    4.91499996    2.54399991
   12.65111065    4.91499996    2.54399991
   12.65194416    4.91499996    2.54399991
   12.65305519    4.91499996    2.54399991
   12.65416622    4.91499996    2.54399991
   12.65499973    4.91499996    2.52500010
   12.65611076    4.91499996    2.54399991
   12.65694427    4.91499996    2.54399991
   12.65805531    4.91499996    2.54399991
   12.65916634    4.91499996    2.54399991
   12.65999985    4.91499996    2.54399991
   12.66111088    4.91499996    2.54399991
   12.66222191    4.91499996    2.54399991
   12.66305542    4.91499996    2.54399991
   12.66416645    4.91499996    2.54399991
   12.66527748    4.91499996    2.54399991
   12.66611099    4.91499996    2.54399991
   12.66722298    4.91499996    2.54399991
   12.66833401    4.91499996    2.54399991
   12.66916656    4.91499996    2.54399991
   12.67027855    4.91499996    2.54399991
   12.67111111    4.91499996    2.54399991
   12.67222214    4.91499996    2.54399991
   12.67333412    4.91499996    2.54399991
   12.67416668    4.91499996    2.54399991
   12.67527771    4.91499996    2.54399991
   12.67638874    4.91499996    2.54399991
   12.67722225    4.91499996    2.54399991
   12.67833328    4.91499996    2.54399991
   12.67916679    4.91499996    2.54399991
   12.68027782    4.91499996    2.54399991
   12.68138885    4.91499996    2.54399991
   12.68222237    4.91499996    2.56299996
   12.68333340    4.91499996    2.54399991
   12.68444443    4.91499996    2.54399991
   12.68527794    4.91499996    2.54399991
   12.68638897    4.91499996    2.54399991
   12.68750000    4.91499996    2.54399991
   12.68833351    4.91499996    2.56299996
   12.68944454    4.91499996    2.54399991
   12.69055557    4.91499996    2.54399991
   12.69138908    4.91499996    2.54399991
   12.69250011    4.91499996    2.54399991
   12.69361115    4.91499996    2.54399991
   12.69444466    4.91499996    2.56299996
   12.69555569    4.91499996    2.54399991
   12.69666672    4.91499996    2.54399991
   12.69750023    4.91499996    2.56299996
   12.69861126    4.91499996    2.54399991
   12.69944477    4.91499996    2.56299996
   12.70055580    4.91499996    2.56299996
   12.70166683    4.91499996    2.56299996
   12.70249939    4.91499996    2.56299996
   12.70361137    4.91499996    2.56299996
   12.70472240    4.91499996    2.56299996
   12.70555496    4.91499996    2.56299996
   12.70666695    4.91499996    2.56299996
   12.70777798    4.91499996    2.56299996
   12.70861053    4.91499996    2.54399991
   12.70972157    4.91499996    2.56299996
   12.71083355    4.91499996    2.56299996
   12.71166611    4.91499996    2.54399991
   12.71277714    4.91499996    2.56299996
   12.71388912    4.91499996    2.56299996
   12.71472168    4.91499996    2.54399991
   12.71583271    4.91499996    2.56299996
   12.71694374    4.91499996    2.56299996
   12.71777725    4.91499996    2.56299996
   12.71888828    4.91499996    2.56299996
   12.71999931    4.91499996    2.56299996
   12.72083282    4.91499996    2.56299996
   12.72194386    4.91499996    2.56299996
   12.72277737    4.91499996    2.56299996
   12.72388840    4.91499996    2.56299996
   12.72499943    4.91499996    2.56299996
   12.72611046    4.91499996    2.56299996
   12.72694397    4.91499996    2.56299996
   12.72805500    4.91499996    2.56299996
   12.72888851    4.91499996    2.56299996
   12.72999954    4.91499996    2.56299996
   12.73111057    4.91499996    2.56299996
   12.73194408    4.91499996    2.56299996
   12.73305511    4.91499996    2.54399991
   12.73416710    4.91499996    2.56299996
   12.73500061    4.91499996    2.56299996
   12.73611164    4.91499996    2.56299996
   12.73722267    4.91499996    2.56299996
   12.73805618    4.91499996    2.56299996
   12.73916721    4.91499996    2.56299996
   12.74000072    4.91499996    2.56299996
   12.74111176    4.91499996    2.56299996
   12.74222279    4.91499996    2.56299996
   12.74333382    4.91499996    2.56299996
   12.74416733    4.91499996    2.56299996
   12.74527836    4.91499996    2.58299994
   12.74611092    4.91499996    2.56299996
   12.74722290    4.91499996    2.58299994
   12.74833393    4.91499996    2.58299994
   12.74916649    4.91499996    2.56299996
   12.75027752    4.91499996    2.56299996
   12.75138855    4.91499996    2.56299996
   12.75222206    4.91499996    2.56299996
   12.75333309    4.91499996    2.58299994
   12.75444412    4.91499996    2.58299994
   12.75527763    4.91499996    2.58299994
   12.75638866    4.91499996    2.56299996
   12.75749969    4.91499996    2.56299996
   12.75833321    4.91499996    2.58299994
   12.75944424    4.91499996    2.56299996
   12.76055527    4.91499996    2.56299996
   12.76138878    4.91499996    2.56299996
   12.76249981    4.91499996    2.56299996
   12.76361084    4.91499996    2.56299996
   12.76444435    4.91499996    2.56299996
   12.76555538    4.91499996    2.56299996
   12.76666641    4.91499996    2.56299996
   12.76749992    4.91499996    2.56299996
   12.76861095    4.91499996    2.56299996
   12.76972198    4.91499996    2.56299996
   12.77055550    4.91499996    2.56299996
   12.77166653    4.91499996    2.56299996
   12.77277756    4.91499996    2.56299996
   12.77361107    4.91499996    2.58299994
   12.77472210    4.91499996    2.56299996
   12.77583313    4.91499996    2.56299996
   12.77666664    4.91499996    2.56299996
   12.77777767    4.91499996    2.56299996
   12.77861118    4.91499996    2.58299994
   12.77972221    4.91499996    2.56299996
   12.78083324    4.91499996    2.56299996
   12.78166676    4.91499996    2.56299996
   12.78277779    4.91499996    2.56299996
   12.78388977    4.91499996    2.56299996
   12.78472233    4.91499996    2.56299996
   12.78583336    4.91499996    2.56299996
   12.78666687    4.91499996    2.56299996
   12.78777790    4.91499996    2.56299996
   12.78888893    4.91499996    2.56299996
   12.78972244    4.91499996    2.56299996
   12.79083347    4.91499996    2.56299996
   12.79194450    4.91499996    2.56299996
   12.79277802    4.91499996    2.56299996
   12.79388905    4.91499996    2.56299996
   12.79500008    4.91499996    2.56299996
   12.79611111    4.91499996    2.56299996
   12.79694462    4.91499996    2.56299996
   12.79805565    4.91499996    2.56299996
   12.79916668    4.91499996    2.56299996
   12.80000019    4.91499996    2.56299996
   12.80111122    4.91499996    2.58299994
   12.80222225    4.91499996    2.56299996
   12.80305576    4.91499996    2.58299994
   12.80416679    4.91499996    2.58299994
   12.80500031    4.91499996    2.56299996
   12.80611134    4.91499996    2.58299994
   12.80722237    4.91499996    2.56299996
   12.80805588    4.91499996    2.58299994
   12.80916691    4.91499996    2.58299994
   12.81027794    4.91499996    2.58299994
   12.81111145    4.91499996    2.58299994
   12.81222248    4.91499996    2.58299994
   12.81333351    4.91499996    2.58299994
   12.81416702    4.91499996    2.58299994
   12.81527805    4.91499996    2.58299994
   12.81611156    4.91499996    2.58299994
   12.81722260    4.91499996    2.58299994
   12.81833363    4.91499996    2.58299994
   12.81916618    4.91499996    2.58299994
   12.82027817    4.91499996    2.58299994
   12.82138920    4.91499996    2.58299994
   12.82222176    4.91499996    2.58299994
   12.82333374    4.91499996    2.58299994
   12.82444477    4.91499996    2.58299994
   12.82527733    4.91499996    2.60200000
   12.82638836    4.91499996    2.60200000
   12.82722187    4.91499996    2.60200000
   12.82833290    4.91499996    2.58299994
   12.82944393    4.91499996    2.60200000
   12.83027744    4.91499996    2.58299994
   12.83138847    4.91499996    2.60200000
   12.83249950    4.91499996    2.58299994
   12.83333302    4.91499996    2.58299994
   12.83444405    4.91499996    2.58299994
   12.83555508    4.91499996    2.58299994
   12.83638859    4.91499996    2.60200000
   12.83749962    4.91499996    2.60200000
   12.83861065    4.91499996    2.60200000
   12.83944416    4.91499996    2.58299994
   12.84055519    4.91499996    2.58299994
   12.84166622    4.91499996    2.60200000
   12.84249973    4.91499996    2.58299994
   12.84361076    4.91499996    2.60200000
   12.84472179    4.91499996    2.58299994
   12.84555531    4.91499996    2.60200000
   12.84666634    4.91499996    2.60200000
   12.84777737    4.91499996    2.60200000
   12.84861088    4.91499996    2.58299994
   12.84972191    4.91499996    2.60200000
   12.85055637    4.91499996    2.60200000
   12.85166740    4.91499996    2.58299994
   12.85277843    4.91499996    2.60200000
   12.85388947    4.91499996    2.60200000
   12.85472298    4.91499996    2.60200000
   12.85583401    4.91499996    2.60200000
   12.85666752    4.91499996    2.60200000
   12.85777855    4.91499996    2.60200000
   12.85888958    4.91499996    2.60200000
   12.85972214    4.91499996    2.60200000
   12.86083412    4.91499996    2.60200000
   12.86194515    4.91499996    2.60200000
   12.86277771    4.91499996    2.60200000
   12.86388969    4.91499996    2.62100005
   12.86472225    4.91499996    2.62100005
   12.86583328    4.91499996    2.60200000
   12.86694431    4.91499996    2.60200000
   12.86777782    4.91499996    2.60200000
   12.86888885    4.91499996    2.60200000
   12.86972237    4.91499996    2.60200000
   12.87083340    4.91499996    2.60200000
   12.87194443    4.91499996    2.60200000
   12.87277794    4.91499996    2.60200000
   12.87388897    4.91499996    2.60200000
   12.87500000    4.91499996    2.60200000
   12.87583351    4.91499996    2.60200000
   12.87694454    4.91499996    2.60200000
   12.87805557    4.91499996    2.62100005
   12.87888908    4.91499996    2.60200000
   12.88000011    4.91499996    2.60200000
   12.88111115    4.91499996    2.62100005
   12.88194466    4.91499996    2.60200000
   12.88305569    4.91499996    2.60200000
   12.88388920    4.91499996    2.60200000
   12.88500023    4.91499996    2.62100005
   12.88611126    4.91499996    2.60200000
   12.88694477    4.91499996    2.60200000
   12.88805580    4.91499996    2.60200000
   12.88916683    4.91499996    2.60200000
   12.89000034    4.91499996    2.60200000
   12.89111137    4.91499996    2.60200000
   12.89222240    4.91499996    2.60200000
   12.89305496    4.91499996    2.60200000
   12.89416695    4.91499996    2.60200000
   12.89527798    4.91499996    2.60200000
   12.89611053    4.91499996    2.60200000
   12.89722252    4.91499996    2.60200000
   12.89833355    4.91499996    2.62100005
   12.89916611    4.91499996    2.60200000
   12.90027714    4.91499996    2.60200000
   12.90111065    4.91499996    2.60200000
   12.90222168    4.91499996    2.62100005
   12.90333271    4.91499996    2.62100005
   12.90416622    4.91499996    2.60200000
   12.90527725    4.91499996    2.60200000
   12.90638828    4.91499996    2.60200000
   12.90722179    4.91499996    2.60200000
   12.90833282    4.91499996    2.62100005
   12.90944386    4.91499996    2.60200000
   12.91027737    4.91499996    2.60200000
   12.91138840    4.91499996    2.60200000
   12.91222191    4.91499996    2.60200000
   12.91333294    4.91499996    2.60200000
   12.91444397    4.91499996    2.62100005
   12.91527748    4.91499996    2.60200000
   12.91638851    4.91499996    2.60200000
   12.91750050    4.91499996    2.60200000
   12.91833401    4.91499996    2.60200000
   12.91944504    4.91499996    2.60200000
   12.92055607    4.91499996    2.60200000
   12.92138958    4.91499996    2.60200000
   12.92250061    4.91499996    2.60200000
   12.92333412    4.91499996    2.62100005
   12.92444515    4.91499996    2.60200000
   12.92555618    4.91499996    2.60200000
   12.92638874    4.91499996    2.60200000
   12.92750072    4.91499996    2.62100005
   12.92861176    4.91499996    2.60200000
   12.92944431    4.91499996    2.62100005
   12.93055630    4.91499996    2.60200000
   12.93166733    4.91499996    2.60200000
   12.93249989    4.91499996    2.62100005
   12.93361092    4.91499996    2.62100005
   12.93472195    4.91499996    2.62100005
   12.93555546    4.91499996    2.62100005
   12.93666649    4.91499996    2.62100005
   12.93777752    4.91499996    2.62100005
   12.93861103    4.91499996    2.62100005
   12.93972206    4.91499996    2.62100005
   12.94083309    4.91499996    2.62100005
   12.94166660    4.91499996    2.62100005
   12.94277763    4.91499996    2.62100005
   12.94388866    4.91499996    2.62100005
   12.94472218    4.91499996    2.62100005
   12.94583321    4.91499996    2.62100005
   12.94666672    4.91499996    2.60200000
   12.94777775    4.91499996    2.62100005
   12.94888878    4.91499996    2.62100005
   12.94972229    4.91499996    2.60200000
   12.95083332    4.91499996    2.62100005
   12.95166683    4.91499996    2.60200000
   12.95277786    4.91499996    2.60200000
   12.95388889    4.91499996    2.60200000
   12.95472240    4.91499996    2.60200000
   12.95583344    4.91499996    2.62100005
   12.95694447    4.91499996    2.62100005
   12.95777798    4.91499996    2.62100005
   12.95888901    4.91499996    2.62100005
   12.96000004    4.91499996    2.60200000
   12.96083355    4.91499996    2.62100005
   12.96194458    4.91499996    2.60200000
   12.96305561    4.91499996    2.62100005
   12.96388912    4.91499996    2.60200000
   12.96500015    4.91499996    2.62100005
   12.96583271    4.91499996    2.62100005
   12.96694374    4.91499996    2.62100005
   12.96805477    4.91499996    2.62100005
   12.96888828    4.91499996    2.62100005
   12.96999931    4.91499996    2.62100005
   12.97111034    4.91499996    2.62100005
   12.97194386    4.91499996    2.62100005
   12.97305489    4.91499996    2.62100005
   12.97416592    4.91499996    2.62100005
   12.97499943    4.91499996    2.62100005
   12.97611046    4.91499996    2.62100005
   12.97694397    4.91499996    2.62100005
   12.97805500    4.91499996    2.62100005
   12.97916603    4.91499996    2.62100005
   12.97999954    4.91499996    2.62100005
   12.98111057    4.91499996    2.62100005
   12.98222160    4.91499996    2.62100005
   12.98305511    4.91499996    2.62100005
   12.98416710    4.91499996    2.62100005
   12.98500061    4.91499996    2.62100005
   12.98611164    4.91499996    2.62100005
   12.98722267    4.91499996    2.62100005
   12.98805618    4.91499996    2.62100005
   12.98916721    4.91499996    2.62100005
   12.99027824    4.91499996    2.62100005
   12.99111176    4.91499996    2.62100005
   12.99222279    4.91499996    2.62100005
   12.99333382    4.91499996    2.62100005
   12.99416733    4.91499996    2.62100005
   12.99527836    4.91499996    2.62100005
   12.99638939    4.91499996    2.62100005
   12.99722290    4.91499996    2.62100005
   12.99833393    4.91499996    2.64000010
   12.99944496    4.91499996    2.64000010
   13.00027752    4.91499996    2.64000010
   13.00138855    4.91499996    2.62100005
   13.00222206    4.91499996    2.62100005
   13.00333309    4.91499996    2.64000010
   13.00444412    4.91499996    2.62100005
   13.00527763    4.91499996    2.62100005
   13.00638866    4.91499996    2.62100005
   13.00749969    4.91499996    2.62100005
   13.00833321    4.91499996    2.62100005
   13.00944424    4.91499996    2.64000010
   13.01027775    4.91499996    2.64000010
   13.01138878    4.91499996    2.62100005
   13.01249981    4.91499996    2.62100005
   13.01333332    4.91499996    2.62100005
   13.01444435    4.91499996    2.64000010
   13.01555538    4.91499996    2.64000010
   13.01638889    4.91499996    2.62100005
   13.01749992    4.91499996    2.64000010
   13.01861095    4.91499996    2.62100005
   13.01944447    4.91499996    2.64000010
   13.02055550    4.91499996    2.64000010
   13.02166653    4.91499996    2.64000010
   13.02250004    4.91499996    2.64000010
   13.02361107    4.91499996    2.64000010
   13.02472210    4.91499996    2.64000010
   13.02555561    4.91499996    2.64000010
   13.02666664    4.91499996    2.62100005
   13.02750015    4.91499996    2.64000010
   13.02861118    4.91499996    2.62100005
   13.02972221    4.91499996    2.62100005
   13.03055573    4.91499996    2.62100005
   13.03166676    4.91499996    2.64000010
   13.03249931    4.91499996    2.62100005
   13.03361130    4.91499996    2.64000010
   13.03472233    4.91499996    2.62100005
   13.03555584    4.91499996    2.62100005
   13.03666687    4.91499996    2.64000010
   13.03777790    4.91499996    2.62100005
   13.03861141    4.91499996    2.64000010
   13.03972244    4.91499996    2.64000010
   13.04055595    4.91499996    2.62100005
   13.04166698    4.91499996    2.62100005
   13.04277802    4.91499996    2.64000010
   13.04388905    4.91499996    2.64000010
   13.04472256    4.91499996    2.62100005
   13.04583359    4.91499996    2.62100005
   13.04666710    4.91499996    2.64000010
   13.04777813    4.91499996    2.64000010
   13.04888916    4.91499996    2.64000010
   13.04972267    4.91499996    2.64000010
   13.05083370    4.91499996    2.64000010
   13.05194473    4.91499996    2.64000010
   13.05277824    4.91499996    2.64000010
   13.05388927    4.91499996    2.64000010
   13.05500031    4.91499996    2.64000010
   13.05583382    4.91499996    2.64000010
   13.05694485    4.91499996    2.64000010
   13.05805588    4.91499996    2.64000010
   13.05888939    4.91499996    2.62100005
   13.06000042    4.91499996    2.64000010
   13.06111145    4.91499996    2.64000010
   13.06194496    4.91499996    2.64000010
   13.06305599    4.91499996    2.64000010
   13.06388950    4.91499996    2.64000010
   13.06500053    4.91499996    2.64000010
   13.06611156    4.91499996    2.64000010
   13.06694412    4.91499996    2.64000010
   13.06805515    4.91499996    2.64000010
   13.06916618    4.91499996    2.64000010
   13.06999969    4.91499996    2.64000010
   13.07111073    4.91499996    2.64000010
   13.07222176    4.91499996    2.64000010
   13.07305527    4.91499996    2.64000010
   13.07416630    4.91499996    2.64000010
   13.07499981    4.91499996    2.64000010
   13.07611084    4.91499996    2.64000010
   13.07722187    4.91499996    2.64000010
   13.07805538    4.91499996    2.64000010
   13.07916641    4.91499996    2.64000010
   13.08027744    4.91499996    2.64000010
   13.08111095    4.91499996    2.64000010
   13.08222198    4.91499996    2.64000010
   13.08333302    4.91499996    2.64000010
   13.08416653    4.91499996    2.64000010
   13.08527756    4.91499996    2.64000010
   13.08638859    4.91499996    2.64000010
   13.08722210    4.91499996    2.64000010
   13.08833313    4.91499996    2.64000010
   13.08916664    4.91499996    2.64000010
   13.09027767    4.91499996    2.64000010
   13.09138870    4.91499996    2.64000010
   13.09222221    4.91499996    2.64000010
   13.09333324    4.91499996    2.64000010
   13.09444427    4.91499996    2.64000010
   13.09527779    4.91499996    2.64000010
   13.09638882    4.91499996    2.64000010
   13.09749985    4.91499996    2.64000010
   13.09833336    4.91499996    2.64000010
   13.09944439    4.91499996    2.66000009
   13.10055637    4.91499996    2.64000010
   13.10138893    4.91499996    2.64000010
   13.10249996    4.91499996    2.64000010
   13.10333347    4.91499996    2.64000010
   13.10444450    4.91499996    2.66000009
   13.10555553    4.91499996    2.64000010
   13.10638905    4.91499996    2.64000010
   13.10750008    4.91499996    2.64000010
   13.10861111    4.91499996    2.64000010
   13.10944462    4.91499996    2.64000010
   13.11055565    4.91499996    2.64000010
   13.11166668    4.91499996    2.64000010
   13.11250019    4.91499996    2.64000010
   13.11361122    4.91499996    2.64000010
   13.11472225    4.91499996    2.64000010
   13.11555576    4.91499996    2.64000010
   13.11666679    4.91499996    2.64000010
   13.11777782    4.91499996    2.64000010
   13.11861134    4.91499996    2.64000010
   13.11972237    4.91499996    2.64000010
   13.12055588    4.91499996    2.64000010
   13.12166691    4.91499996    2.64000010
   13.12277794    4.91499996    2.64000010
   13.12361145    4.91499996    2.64000010
   13.12472248    4.91499996    2.64000010
   13.12583351    4.91499996    2.64000010
   13.12666702    4.91499996    2.64000010
   13.12777805    4.91499996    2.66000009
   13.12888908    4.91499996    2.64000010
   13.12972260    4.91499996    2.64000010
   13.13083363    4.91499996    2.64000010
   13.13194466    4.91499996    2.64000010
   13.13277817    4.91499996    2.66000009
   13.13388920    4.91499996    2.64000010
   13.13500023    4.91499996    2.66000009
   13.13583279    4.91499996    2.64000010
   13.13694477    4.91499996    2.64000010
   13.13777733    4.91499996    2.64000010
   13.13888836    4.91499996    2.66000009
   13.14000034    4.91499996    2.64000010
   13.14083290    4.91499996    2.66000009
   13.14194393    4.91499996    2.66000009
   13.14305496    4.91499996    2.66000009
   13.14388847    4.91499996    2.64000010
   13.14499950    4.91499996    2.64000010
   13.14611053    4.91499996    2.66000009
   13.14694405    4.91499996    2.66000009
   13.14805508    4.91499996    2.66000009
   13.14916611    4.91499996    2.66000009
   13.14999962    4.91499996    2.66000009
   13.15111065    4.91499996    2.64000010
   13.15194416    4.91499996    2.64000010
   13.15305519    4.91499996    2.66000009
   13.15416622    4.91499996    2.66000009
   13.15527725    4.91499996    2.64000010
   13.15611076    4.91499996    2.66000009
   13.15722179    4.91499996    2.64000010
   13.15833282    4.91499996    2.66000009
   13.15916634    4.91499996    2.66000009
   13.16027737    4.91499996    2.66000009
   13.16111088    4.91499996    2.64000010
   13.16222191    4.91499996    2.66000009
   13.16333294    4.91499996    2.66000009
   13.16416645    4.91499996    2.66000009
   13.16527748    4.91499996    2.66000009
   13.16638851    4.91499996    2.66000009
   13.16722298    4.91499996    2.66000009
   13.16833401    4.91499996    2.66000009
   13.16916656    4.91499996    2.64000010
   13.17027855    4.91499996    2.66000009
   13.17138958    4.91499996    2.66000009
   13.17222214    4.91499996    2.66000009
   13.17333412    4.91499996    2.66000009
   13.17444515    4.91499996    2.66000009
   13.17527771    4.91499996    2.66000009
   13.17638874    4.91499996    2.66000009
   13.17750072    4.91499996    2.66000009
   13.17833328    4.91499996    2.66000009
   13.17944431    4.91499996    2.66000009
   13.18027782    4.91499996    2.66000009
   13.18138885    4.91499996    2.66000009
   13.18249989    4.91499996    2.66000009
   13.18333340    4.91499996    2.66000009
   13.18444443    4.91499996    2.66000009
   13.18555546    4.91499996    2.66000009
   13.18638897    4.91499996    2.66000009
   13.18750000    4.91499996    2.66000009
   13.18861103    4.91499996    2.66000009
   13.18944454    4.91499996    2.66000009
   13.19055557    4.91499996    2.66000009
   13.19138908    4.91499996    2.66000009
   13.19250011    4.91499996    2.66000009
   13.19361115    4.91499996    2.66000009
   13.19444466    4.91499996    2.66000009
   13.19555569    4.91499996    2.66000009
   13.19666672    4.91499996    2.66000009
   13.19750023    4.91499996    2.66000009
   13.19861126    4.91499996    2.66000009
   13.19972229    4.91499996    2.66000009
   13.20055580    4.91499996    2.66000009
   13.20166683    4.91499996    2.66000009
   13.20277786    4.91499996    2.67899990
   13.20361137    4.91499996    2.67899990
   13.20472240    4.91499996    2.66000009
   13.20583344    4.91499996    2.67899990
   13.20666695    4.91499996    2.67899990
   13.20777798    4.91499996    2.67899990
   13.20888901    4.91499996    2.66000009
   13.20972157    4.91499996    2.66000009
   13.21083355    4.91499996    2.66000009
   13.21194458    4.91499996    2.67899990
   13.21277714    4.91499996    2.66000009
   13.21388912    4.91499996    2.67899990
   13.21500015    4.91499996    2.67899990
   13.21583271    4.91499996    2.67899990
   13.21694374    4.91499996    2.66000009
   13.21777725    4.91499996    2.66000009
   13.21888828    4.91499996    2.66000009
   13.21999931    4.91499996    2.66000009
   13.22111034    4.91499996    2.66000009
   13.22194386    4.91499996    2.66000009
   13.22305489    4.91499996    2.66000009
   13.22388840    4.91499996    2.66000009
   13.22499943    4.91499996    2.67899990
   13.22611046    4.91499996    2.66000009
   13.22694397    4.91499996    2.67899990
   13.22805500    4.91499996    2.66000009
   13.22916603    4.91499996    2.66000009
   13.22999954    4.91499996    2.66000009
   13.23111057    4.91499996    2.67899990
   13.23222160    4.91499996    2.67899990
   13.23305511    4.91499996    2.66000009
   13.23416710    4.91499996    2.66000009
   13.23527813    4.91499996    2.66000009
   13.23611164    4.91499996    2.66000009
   13.23722267    4.91499996    2.66000009
   13.23833370    4.91499996    2.66000009
   13.23916721    4.91499996    2.66000009
   13.24027824    4.91499996    2.66000009
   13.24138927    4.91499996    2.66000009
   13.24222279    4.91499996    2.66000009
   13.24333382    4.91499996    2.66000009
   13.24416733    4.91499996    2.67899990
   13.24527836    4.91499996    2.66000009
   13.24638939    4.91499996    2.66000009
   13.24722290    4.91499996    2.67899990
   13.24833393    4.91499996    2.66000009
   13.24944496    4.91499996    2.66000009
   13.25027752    4.91499996    2.66000009
   13.25138855    4.91499996    2.67899990
   13.25249958    4.91499996    2.67899990
   13.25333309    4.91499996    2.66000009
   13.25444412    4.91499996    2.67899990
   13.25555515    4.91499996    2.66000009
   13.25638866    4.91499996    2.67899990
   13.25749969    4.91499996    2.67899990
   13.25861073    4.91499996    2.66000009
   13.25944424    4.91499996    2.67899990
   13.26055527    4.91499996    2.67899990
   13.26111126    4.91499996    2.69799995
   13.26305580    4.91499996    2.67899990
   13.26472187    4.91499996    2.67899990
   13.26638889    4.91499996    2.66000009
   13.26805496    4.91499996    2.67899990
   13.26972198    4.91499996    2.67899990
   13.27138901    4.91499996    2.67899990
   13.27305508    4.91499996    2.67899990
   13.27472210    4.91499996    2.66000009
   13.27638817    4.91499996    2.67899990
   13.27805519    4.91499996    2.67899990
   13.27833271    4.91499996    2.67899990
   13.28027725    4.91499996    2.67899990
   13.28194427    4.91499996    2.67899990
   13.28416729    4.91499996    2.67899990
   13.28583336    4.91499996    2.66000009
   13.28750038    4.91499996    2.66000009
   13.28972244    4.91499996    2.66000009
   13.29166698    4.91499996    2.67899990
   13.29333401    4.91499996    2.67899990
   13.29500008    4.91499996    2.71799994
   13.29666710    4.91499996    1.73399997
