    HOUR (UT)     SKY TESTER    SUN TESTER
   15.70722198    0.05700000    0.01900000
   15.70777798    4.91499996    3.02600002
   15.70861053    4.91499996    3.04500008
   15.70916653    4.91499996    3.02600002
   15.70972157    4.91499996    3.02600002
   15.71027756    4.91499996    3.02600002
   15.71083355    4.91499996    3.04500008
   15.71138859    4.91499996    3.04500008
   15.71222210    4.91499996    3.04500008
   15.71277714    4.91499996    3.04500008
   15.71333313    4.91499996    3.02600002
   15.71388912    4.91499996    3.02600002
   15.71444416    4.91499996    3.02600002
   15.71500015    4.91499996    3.02600002
   15.71555519    4.91499996    3.02600002
   15.71611118    4.91499996    3.02600002
   15.71694374    4.91499996    3.04500008
   15.71749973    4.91499996    3.04500008
   15.71805477    4.91499996    3.02600002
   15.71833324    4.91499996    3.02600002
   15.71888828    4.91499996    3.00699997
   15.71944427    4.91499996    3.02600002
   15.71999931    4.91499996    3.04500008
   15.72055531    4.91499996    3.02600002
   15.72111034    4.91499996    3.02600002
   15.72166634    4.91499996    3.02600002
   15.72222137    4.91499996    3.02600002
   15.72277737    4.91499996    3.02600002
   15.72361088    4.91499996    3.02600002
   15.72416592    4.91499996    3.02600002
   15.72472191    4.91499996    3.02600002
   15.72527695    4.91499996    3.02600002
   15.72583294    4.91499996    3.02600002
   15.72638798    4.91499996    3.02600002
   15.72694397    4.91499996    3.02600002
   15.72749996    4.53000021    3.00699997
   15.72805500    2.52500010    3.00699997
   15.72861099    1.67700005    3.00699997
   15.72916603    1.15600002    3.00699997
   15.72972202    0.94400001    3.00699997
   15.73027706    0.92500001    2.98699999
   15.73083305    0.90600002    3.00699997
   15.73138809    0.86699998    3.00699997
   15.73222160    0.86699998    3.00699997
   15.73277760    0.86699998    3.00699997
   15.73333359    0.88599998    2.98699999
   15.73388958    0.88599998    3.00699997
   15.73444462    0.88599998    2.98699999
   15.73500061    0.88599998    2.98699999
   15.73555565    0.88599998    2.98699999
   15.73722267    0.90600002    2.98699999
   15.73805618    0.90600002    2.98699999
   15.73888874    0.90600002    2.98699999
   15.74166679    0.88599998    2.98699999
   15.74250031    0.86699998    2.98699999
   15.74333382    0.86699998    2.98699999
   15.74388885    0.86699998    2.98699999
   15.74472237    0.84799999    2.98699999
   15.74555588    0.84799999    2.98699999
   15.74638939    0.84799999    2.98699999
   15.74694443    0.82800001    3.00699997
   15.75000000    0.82800001    2.98699999
   15.75055599    0.82800001    2.98699999
   15.75138855    0.80900002    3.00699997
   15.75222206    0.80900002    2.98699999
   15.75277805    0.80900002    2.98699999
   15.75361156    0.79000002    2.98699999
   15.75444412    0.79000002    3.00699997
   15.75722218    0.80900002    2.98699999
   15.75805569    0.80900002    3.00699997
   15.75888920    0.80900002    2.98699999
   15.75944424    0.79000002    2.98699999
   15.76027775    0.80900002    3.00699997
   15.76111126    0.80900002    3.00699997
   15.76194477    0.80900002    2.98699999
   15.76249981    0.82800001    2.98699999
   15.76333332    0.82800001    2.98699999
   15.76416683    0.84799999    3.00699997
   15.76694393    0.86699998    2.98699999
   15.76777744    0.86699998    2.98699999
   15.76861095    0.86699998    2.98699999
   15.77138901    0.88599998    2.98699999
   15.77222157    0.88599998    2.98699999
   15.77305508    0.88599998    2.98699999
   15.77361107    0.90600002    3.00699997
   15.77444458    0.90600002    2.98699999
   15.77527714    0.90600002    2.98699999
   15.77611065    0.92500001    2.98699999
   15.77666664    0.92500001    2.98699999
   15.77750015    0.92500001    2.98699999
   15.77833271    0.92500001    2.98699999
   15.77888870    0.94400001    2.98699999
   15.77972221    0.94400001    2.98699999
   15.78055573    0.94400001    2.96799994
   15.78111076    0.94400001    2.98699999
   15.78194427    0.94400001    3.00699997
   15.78277779    0.92500001    2.98699999
   15.78333378    0.92500001    2.98699999
   15.78416729    0.92500001    2.98699999
   15.78500080    0.90600002    2.98699999
   15.78583336    0.90600002    2.98699999
   15.78638935    0.88599998    2.98699999
   15.78722286    0.88599998    2.98699999
   15.78805637    0.88599998    2.98699999
   15.79083347    0.86699998    2.98699999
   15.79388905    0.88599998    2.98699999
   15.79472256    0.88599998    2.98699999
   15.79527855    0.90600002    2.98699999
   15.79611111    0.90600002    2.98699999
   15.79694462    0.90600002    3.00699997
   15.79777813    0.90600002    2.98699999
   15.79833412    0.90600002    2.98699999
   15.79916668    0.94400001    2.98699999
   15.80000019    0.96300000    2.98699999
   15.80055618    1.00199997    2.98699999
   15.80138874    1.02100003    2.98699999
   15.80222225    1.03999996    2.98699999
   15.80500031    1.03999996    2.98699999
   15.80583382    1.00199997    2.98699999
   15.80666733    1.02100003    2.98699999
   15.80722237    1.03999996    2.98699999
   15.80805588    1.05999994    2.98699999
   15.80888939    1.07900000    2.98699999
   15.81166649    1.09800005    2.98699999
   15.81444454    1.09800005    2.98699999
   15.81500053    1.07900000    2.98699999
   15.81527805    1.05999994    2.98699999
   15.81583309    1.05999994    2.98699999
   15.81638908    1.03999996    2.98699999
   15.81694412    1.05999994    2.98699999
   15.81750011    1.05999994    2.98699999
   15.81777763    1.07900000    2.98699999
   15.81833363    1.07900000    3.00699997
   15.81888866    1.07900000    2.98699999
   15.81944466    1.07900000    2.98699999
   15.81972218    1.07900000    2.98699999
   15.82027817    1.09800005    2.98699999
   15.82083321    1.09800005    2.98699999
   15.82111073    1.07900000    2.98699999
   15.82166672    1.07900000    2.96799994
   15.82222176    1.07900000    2.98699999
   15.82277775    1.07900000    2.98699999
   15.82305527    1.07900000    3.00699997
   15.82361126    1.05999994    2.98699999
   15.82416630    1.03999996    2.98699999
   15.82472229    1.03999996    2.98699999
   15.82527733    1.05999994    2.96799994
   15.82583332    1.07900000    2.98699999
   15.82611084    1.07900000    2.98699999
   15.82666683    1.07900000    2.98699999
   15.82722187    1.05999994    2.98699999
   15.82777786    1.03999996    2.98699999
   15.82805538    1.03999996    2.96799994
   15.82861137    1.03999996    2.98699999
   15.82916641    1.02100003    3.00699997
   15.82972240    1.02100003    2.98699999
   15.83027744    1.00199997    2.98699999
   15.83055592    1.00199997    2.98699999
   15.83111095    1.00199997    2.98699999
   15.83388901    0.96300000    2.98699999
   15.83444405    0.96300000    2.98699999
   15.83500004    0.96300000    2.98699999
   15.83527756    0.96300000    2.98699999
   15.83583260    0.94400001    2.98699999
   15.83638859    0.96300000    3.00699997
   15.83694458    0.94400001    3.00699997
   15.83749962    0.94400001    2.98699999
   15.83777714    0.92500001    2.98699999
   15.83833313    0.92500001    2.98699999
   15.83888817    0.92500001    2.98699999
   15.83944416    0.92500001    2.98699999
   15.83972168    0.92500001    2.98699999
   15.84027767    0.92500001    2.98699999
   15.84083271    0.90600002    2.98699999
   15.84138870    0.90600002    2.98699999
   15.84194374    0.90600002    3.00699997
   15.84249973    0.92500001    3.00699997
   15.84472179    0.94400001    2.98699999
   15.84499931    0.94400001    2.98699999
   15.84555531    0.94400001    2.98699999
   15.84611034    0.92500001    2.98699999
   15.84666634    0.92500001    2.98699999
   15.84722233    0.92500001    3.00699997
   15.84749985    0.90600002    3.00699997
   15.84805489    0.88599998    2.98699999
   15.84861088    0.88599998    2.98699999
   15.84916592    0.88599998    2.98699999
   15.84972191    0.86699998    3.00699997
   15.85000038    0.86699998    2.98699999
   15.85222244    0.88599998    2.98699999
   15.85277843    0.88599998    2.98699999
   15.85333347    0.88599998    2.98699999
   15.85388947    0.86699998    3.00699997
   15.85416698    0.86699998    3.00699997
   15.85472298    0.86699998    3.00699997
   15.85527802    0.86699998    3.00699997
   15.85583401    0.86699998    3.00699997
   15.85833359    0.84799999    3.00699997
   15.86305618    0.75099999    3.00699997
   15.86500072    0.73199999    3.00699997
   15.86555576    0.73199999    3.00699997
   15.86611176    0.73199999    3.00699997
   15.86666679    0.73199999    2.98699999
   15.86888885    0.73199999    3.00699997
   15.87500000    0.73199999    3.00699997
   15.87666702    0.75099999    2.98699999
   15.87722206    0.75099999    2.98699999
   15.87777805    0.77100003    2.98699999
   15.87833309    0.77100003    2.98699999
   15.87888908    0.77100003    3.00699997
   15.87944412    0.79000002    2.98699999
   15.88000011    0.79000002    2.98699999
   15.88027763    0.79000002    2.98699999
   15.88083363    0.79000002    2.98699999
   15.88138866    0.79000002    2.98699999
   15.88166714    0.79000002    2.98699999
   15.88222218    0.79000002    2.98699999
   15.88277817    0.80900002    2.98699999
   15.88305569    0.80900002    2.98699999
   15.88361073    0.80900002    3.00699997
   15.88416672    0.82800001    2.98699999
   15.88472176    0.80900002    2.98699999
   15.88500023    0.80900002    3.00699997
   15.88555527    0.80900002    2.98699999
   15.88611126    0.80900002    3.00699997
   15.88666630    0.80900002    2.98699999
   15.88722229    0.80900002    2.98699999
   15.88777733    0.80900002    3.00699997
   15.88833332    0.80900002    3.00699997
   15.88888836    0.80900002    2.98699999
   15.88916683    0.80900002    3.00699997
   15.88972187    0.80900002    2.98699999
   15.89027786    0.80900002    2.98699999
   15.89083290    0.79000002    3.00699997
   15.89111137    0.79000002    3.00699997
   15.89166641    0.79000002    2.98699999
   15.89222240    0.79000002    3.00699997
   15.89277744    0.79000002    3.00699997
   15.89333344    0.79000002    2.98699999
   15.89361095    0.79000002    3.00699997
   15.89416695    0.79000002    3.00699997
   15.89472198    0.79000002    3.00699997
   15.89527798    0.79000002    3.00699997
   15.89583302    0.79000002    3.00699997
   15.89611053    0.79000002    3.00699997
   15.89694405    0.80900002    3.00699997
   15.89722252    0.80900002    2.98699999
   15.89777756    0.80900002    3.00699997
   15.89833355    0.80900002    3.00699997
   15.89888859    0.80900002    2.98699999
   15.89944458    0.80900002    2.98699999
   15.89972210    0.80900002    3.00699997
   15.90027714    0.80900002    2.98699999
   15.90249920    0.80900002    3.00699997
   15.90305519    0.80900002    3.00699997
   15.90361118    0.80900002    3.00699997
   15.90388870    0.82800001    3.00699997
   15.90444374    0.82800001    3.00699997
   15.90499973    0.82800001    3.00699997
   15.90555477    0.82800001    3.00699997
   15.90611076    0.82800001    3.00699997
   15.90638828    0.82800001    3.00699997
   15.90694427    0.82800001    2.98699999
   15.90749931    0.82800001    2.98699999
   15.90805531    0.82800001    2.98699999
   15.90861034    0.82800001    3.00699997
   15.90916634    0.82800001    3.00699997
   15.90944386    0.82800001    2.98699999
   15.90999985    0.82800001    3.00699997
   15.91055489    0.82800001    2.98699999
   15.91111088    0.82800001    2.98699999
   15.91166592    0.80900002    2.98699999
   15.91194439    0.80900002    3.00699997
   15.91249943    0.80900002    3.00699997
   15.91305542    0.80900002    2.98699999
   15.91361046    0.80900002    3.00699997
   15.91416645    0.82800001    2.98699999
   15.91638851    0.82800001    3.00699997
   15.91666698    0.82800001    3.00699997
   15.91722298    0.82800001    3.00699997
   15.91777802    0.80900002    3.00699997
   15.91833401    0.82800001    3.00699997
   15.91888905    0.82800001    3.00699997
   15.91916656    0.82800001    3.00699997
   15.91972256    0.84799999    3.00699997
   15.92027855    0.84799999    3.00699997
   15.92083359    0.84799999    2.98699999
   15.92111111    0.86699998    2.98699999
   15.92166710    0.86699998    2.98699999
   15.92222214    0.86699998    2.98699999
   15.92277813    0.86699998    2.98699999
   15.92333412    0.86699998    3.00699997
   15.92388916    0.86699998    3.00699997
   15.92416668    0.86699998    3.00699997
   15.92472267    0.86699998    2.98699999
   15.92527771    0.86699998    2.98699999
   15.92583370    0.86699998    3.00699997
   15.92638874    0.86699998    3.00699997
   15.92666721    0.86699998    3.00699997
   15.92722225    0.86699998    3.00699997
   15.92777824    0.84799999    3.00699997
   15.92833328    0.84799999    3.00699997
   15.92888927    0.84799999    3.00699997
   15.92916679    0.84799999    2.98699999
   15.92972279    0.84799999    2.98699999
   15.93027782    0.84799999    3.00699997
   15.93083382    0.84799999    3.00699997
   15.93138885    0.84799999    2.96799994
   15.93166733    0.82800001    3.00699997
   15.93222237    0.82800001    2.98699999
   15.93277836    0.82800001    2.98699999
   15.93333340    0.82800001    3.00699997
   15.93583298    0.80900002    2.98699999
   15.93750000    0.80900002    3.00699997
   15.93805599    0.80900002    3.00699997
   15.93861103    0.80900002    3.00699997
   15.93916702    0.80900002    2.98699999
   15.93972206    0.80900002    3.00699997
   15.94027805    0.80900002    3.00699997
   15.94055557    0.82800001    3.00699997
   15.94111156    0.82800001    3.00699997
   15.94166660    0.82800001    3.00699997
   15.94388866    0.82800001    3.00699997
   15.94444466    0.82800001    2.98699999
   15.94499969    0.82800001    2.98699999
   15.94527817    0.82800001    3.00699997
   15.94583321    0.82800001    2.98699999
   15.94638920    0.82800001    2.98699999
   15.94694424    0.82800001    2.98699999
   15.94750023    0.82800001    2.98699999
   15.95055580    0.84799999    3.00699997
   15.95388889    0.86699998    3.00699997
   15.95583344    0.86699998    3.00699997
   15.95638847    0.86699998    3.00699997
   15.95694447    0.86699998    2.98699999
   15.95749950    0.86699998    3.00699997
   15.95805550    0.86699998    3.00699997
   15.95861053    0.86699998    3.00699997
   15.95888901    0.86699998    2.98699999
   15.95944405    0.86699998    3.00699997
   15.96000004    0.86699998    3.00699997
   15.96055508    0.86699998    3.00699997
   15.96111107    0.86699998    3.00699997
   15.96138859    0.86699998    2.98699999
   15.96194458    0.86699998    3.00699997
   15.96249962    0.86699998    3.00699997
   15.96305561    0.86699998    3.00699997
   15.96361065    0.86699998    3.00699997
   15.96388912    0.86699998    3.00699997
   15.96444416    0.86699998    3.00699997
   15.96500015    0.86699998    3.00699997
   15.96694374    0.86699998    2.98699999
   15.96749973    0.86699998    3.00699997
   15.96833324    0.88599998    3.00699997
   15.96916580    0.88599998    3.00699997
   15.96972179    0.88599998    2.98699999
   15.97055531    0.90600002    3.00699997
   15.97111034    0.90600002    2.98699999
   15.97277737    0.88599998    3.00699997
   15.97333336    0.90600002    2.98699999
   15.97388840    0.88599998    2.98699999
   15.97444439    0.88599998    3.00699997
   15.97499943    0.88599998    3.00699997
   15.97527695    0.88599998    3.00699997
   15.97583294    0.88599998    3.00699997
   15.97638798    0.88599998    3.00699997
   15.97833252    0.88599998    2.98699999
   15.98027706    0.88599998    3.00699997
   15.98055553    0.88599998    2.98699999
   15.98111057    0.88599998    3.00699997
   15.98166656    0.88599998    2.98699999
   15.98333359    0.88599998    3.00699997
   15.98527813    0.90600002    3.00699997
   15.98583317    0.88599998    2.98699999
   15.98638916    0.90600002    2.98699999
   15.98694515    0.88599998    2.98699999
   15.98944473    0.88599998    2.98699999
   15.99333382    0.88599998    2.98699999
   15.99527836    0.90600002    3.00699997
   15.99583340    0.90600002    2.98699999
   15.99638939    0.90600002    2.98699999
   15.99694443    0.90600002    2.98699999
   15.99944496    0.90600002    3.00699997
   16.00499916    0.92500001    2.98699999
   16.00694466    0.90600002    2.98699999
   16.00749969    0.90600002    2.98699999
   16.00777817    0.90600002    2.98699999
   16.00833321    0.90600002    2.98699999
   16.00888824    0.90600002    2.98699999
   16.00944519    0.90600002    2.96799994
   16.01000023    0.90600002    2.98699999
   16.01027870    0.90600002    3.00699997
   16.01083374    0.90600002    3.00699997
   16.01138878    0.90600002    2.98699999
   16.01194382    0.90600002    3.00699997
   16.01250076    0.90600002    2.98699999
   16.01277733    0.90600002    2.98699999
   16.01333427    0.90600002    2.98699999
   16.01388931    0.90600002    3.00699997
   16.01444435    0.90600002    2.98699999
   16.01499939    0.90600002    2.98699999
   16.01527786    0.90600002    2.98699999
   16.01583290    0.90600002    2.98699999
   16.01638794    0.90600002    3.00699997
   16.01694489    0.90600002    3.00699997
   16.01749992    0.90600002    2.98699999
   16.01777840    0.90600002    3.00699997
   16.01833344    0.90600002    2.98699999
   16.01888847    0.90600002    2.98699999
   16.01944351    0.90600002    3.00699997
   16.02000046    0.90600002    2.98699999
   16.02027702    0.90600002    2.96799994
   16.02083397    0.90600002    2.98699999
   16.02138901    0.90600002    3.00699997
   16.02194405    0.90600002    3.00699997
   16.02416611    0.90600002    2.98699999
   16.02611160    0.88599998    2.98699999
   16.02666664    0.88599998    3.00699997
   16.02722168    0.88599998    2.98699999
   16.02777672    0.88599998    2.98699999
   16.03111076    0.86699998    2.98699999
   16.03305435    0.86699998    3.00699997
   16.03361130    0.86699998    2.98699999
   16.03388786    0.86699998    2.98699999
   16.03444481    0.86699998    2.98699999
   16.03638840    0.88599998    3.00699997
   16.03833199    0.88599998    2.98699999
   16.03861046    0.88599998    2.98699999
   16.03916550    0.88599998    2.98699999
   16.03972244    0.88599998    2.98699999
   16.04138756    0.88599998    2.98699999
   16.04333305    0.88599998    3.00699997
   16.04388809    0.88599998    3.00699997
   16.04444313    0.88599998    3.00699997
   16.04472160    0.88599998    2.98699999
   16.04722214    0.88599998    3.00699997
   16.05111122    0.88599998    3.00699997
   16.05305481    0.86699998    2.98699999
   16.05360985    0.86699998    3.00699997
   16.05416679    0.86699998    3.00699997
   16.05472183    0.86699998    3.00699997
   16.05916595    0.86699998    2.98699999
   16.06333351    0.84799999    2.98699999
   16.06416512    0.84799999    3.00699997
   16.06472206    0.84799999    3.00699997
   16.06694603    0.84799999    2.98699999
   16.06750107    0.84799999    2.98699999
   16.06777954    0.84799999    3.00699997
   16.06833458    0.84799999    2.98699999
   16.06888962    0.84799999    2.98699999
   16.06944466    0.84799999    2.98699999
   16.07000160    0.84799999    2.98699999
   16.07027817    0.84799999    2.98699999
   16.07222366    0.84799999    2.98699999
   16.07416725    0.84799999    3.00699997
   16.07472229    0.84799999    2.98699999
   16.07500076    0.84799999    2.98699999
   16.07555580    0.84799999    2.98699999
   16.07750130    0.84799999    3.00699997
   16.07944489    0.84799999    3.00699997
   16.08000183    0.84799999    3.00699997
   16.08055687    0.82800001    3.00699997
   16.08111191    0.82800001    3.00699997
   16.08333397    0.82800001    3.00699997
   16.08750153    0.82800001    3.00699997
   16.08944511    0.82800001    3.00699997
   16.08972359    0.82800001    3.00699997
   16.09027863    0.82800001    3.00699997
   16.09083366    0.80900002    3.00699997
   16.09333420    0.80900002    3.00699997
   16.09889030    0.80900002    3.00699997
   16.10055542    0.80900002    3.00699997
   16.10111237    0.80900002    3.00699997
   16.10166740    0.80900002    3.00699997
   16.10222244    0.80900002    2.98699999
   16.10277748    0.79000002    3.00699997
   16.10333443    0.79000002    3.00699997
   16.10361099    0.79000002    3.00699997
   16.10416794    0.80900002    3.00699997
   16.10472298    0.79000002    3.00699997
   16.10499954    0.79000002    2.98699999
   16.10555649    0.79000002    3.00699997
   16.10611153    0.79000002    3.00699997
   16.10666656    0.79000002    3.00699997
   16.10694504    0.79000002    2.98699999
   16.10750008    0.79000002    3.00699997
   16.10805511    0.79000002    3.00699997
   16.10861206    0.79000002    3.00699997
   16.10888863    0.79000002    3.00699997
   16.10944557    0.79000002    3.00699997
   16.11000061    0.79000002    2.98699999
   16.11055565    0.79000002    3.00699997
   16.11083412    0.79000002    3.00699997
   16.11138916    0.79000002    3.00699997
   16.11194420    0.79000002    3.00699997
   16.11222267    0.79000002    3.00699997
   16.11277771    0.79000002    3.00699997
   16.11333466    0.79000002    2.98699999
   16.11388969    0.79000002    3.00699997
   16.11444473    0.79000002    3.00699997
   16.11472321    0.79000002    3.00699997
   16.11527824    0.79000002    3.00699997
   16.11583328    0.79000002    3.00699997
   16.11833382    0.79000002    2.98699999
   16.12027740    0.79000002    3.00699997
   16.12083435    0.79000002    3.00699997
   16.12111092    0.79000002    3.00699997
   16.12166595    0.79000002    2.98699999
   16.12500000    0.79000002    3.00699997
   16.12694550    0.79000002    3.00699997
   16.12750053    0.79000002    3.00699997
   16.12805557    0.79000002    3.00699997
   16.12861061    0.79000002    2.98699999
   16.13027763    0.79000002    2.98699999
   16.13222313    0.80900002    2.98699999
   16.13277817    0.80900002    2.98699999
   16.13305473    0.80900002    3.00699997
   16.13361168    0.80900002    3.00699997
   16.13555527    0.82800001    3.00699997
   16.13722229    0.80900002    2.98699999
   16.13805580    0.82800001    3.00699997
   16.13833237    0.82800001    3.00699997
   16.13888931    0.82800001    2.98699999
   16.14138794    0.82800001    3.00699997
   16.14527702    0.82800001    3.00699997
   16.14722252    0.82800001    3.00699997
   16.14777756    0.82800001    2.98699999
   16.14805603    0.82800001    3.00699997
   16.14861107    0.82800001    3.00699997
   16.15111160    0.82800001    3.00699997
   16.15527725    0.80900002    3.00699997
   16.15611076    0.80900002    3.00699997
   16.15638924    0.80900002    3.00699997
   16.15888786    0.80900002    2.98699999
   16.15916634    0.80900002    3.00699997
   16.15972137    0.80900002    3.00699997
   16.16027832    0.80900002    3.00699997
   16.16083336    0.80900002    3.00699997
   16.16138840    0.80900002    2.98699999
   16.16166687    0.80900002    3.00699997
   16.16222191    0.80900002    3.00699997
   16.16638756    0.82800001    3.00699997
   16.16833305    0.82800001    2.98699999
   16.16888809    0.84799999    3.00699997
   16.16944313    0.84799999    2.98699999
   16.17000008    0.84799999    2.98699999
   16.17166519    0.84799999    3.00699997
   16.17361069    0.86699998    3.00699997
   16.17416573    0.86699998    3.00699997
   16.17472076    0.86699998    2.98699999
   16.17527771    0.86699998    3.00699997
   16.17749977    0.88599998    2.98699999
   16.18166542    0.88599998    3.00699997
   16.18361092    0.88599998    3.00699997
   16.18416595    0.88599998    2.98699999
   16.18472099    0.88599998    3.00699997
   16.18527603    0.86699998    2.98699999
   16.18777657    0.86699998    2.98699999
   16.19333267    0.86699998    2.98699999
   16.19555473    0.88599998    2.98699999
   16.19610977    0.88599998    2.98699999
   16.19666672    0.88599998    2.98699999
   16.19722176    0.88599998    2.98699999
   16.19749832    0.88599998    3.00699997
   16.19805527    0.88599998    2.98699999
   16.19861031    0.88599998    2.98699999
   16.19916534    0.88599998    3.00699997
   16.19972038    0.88599998    2.98699999
   16.20000076    0.88599998    2.98699999
   16.20055580    0.88599998    3.00699997
   16.20111275    0.88599998    3.00699997
   16.20166779    0.88599998    3.00699997
   16.20194435    0.88599998    3.00699997
   16.20250130    0.88599998    2.98699999
   16.20305634    0.88599998    2.98699999
   16.20361137    0.88599998    3.00699997
   16.20416832    0.88599998    3.00699997
   16.20444489    0.88599998    3.00699997
   16.20499992    0.88599998    3.00699997
   16.20555687    0.88599998    3.00699997
   16.20611191    0.88599998    2.98699999
   16.20666695    0.88599998    2.98699999
   16.20694542    0.88599998    2.98699999
   16.20750046    0.88599998    2.98699999
   16.20805550    0.88599998    3.00699997
   16.20861244    0.88599998    3.00699997
   16.20916748    0.88599998    3.00699997
   16.20944595    0.88599998    2.98699999
   16.21000099    0.88599998    2.98699999
   16.21250153    0.88599998    2.98699999
   16.21444511    0.88599998    2.98699999
   16.21500015    0.88599998    3.00699997
   16.21555710    0.88599998    2.98699999
   16.21611214    0.86699998    2.98699999
   16.21944427    0.86699998    2.98699999
   16.22138977    0.86699998    3.00699997
   16.22194481    0.86699998    3.00699997
   16.22222328    0.84799999    3.00699997
   16.22277832    0.86699998    2.98699999
   16.22472191    0.84799999    3.00699997
   16.22638893    0.84799999    2.98699999
   16.22694588    0.84799999    3.00699997
   16.22750092    0.84799999    3.00699997
   16.22805595    0.84799999    3.00699997
   16.23000145    0.84799999    3.00699997
   16.23194504    0.84799999    2.98699999
   16.23222351    0.84799999    3.00699997
   16.23277855    0.84799999    3.00699997
   16.23333359    0.84799999    3.00699997
   16.23583412    0.84799999    3.00699997
   16.23972321    0.88599998    2.98699999
   16.24166679    0.88599998    3.00699997
   16.24222183    0.88599998    2.98699999
   16.24250031    0.88599998    2.98699999
   16.24305534    0.90600002    2.98699999
   16.24555588    0.88599998    3.00699997
   16.24972153    0.88599998    2.98699999
   16.25027847    0.88599998    3.00699997
   16.25083351    0.88599998    3.00699997
   16.25305557    0.88599998    3.00699997
   16.25361061    0.88599998    2.98699999
   16.25416756    0.88599998    3.00699997
   16.25444412    0.88599998    2.98699999
   16.25499916    0.88599998    2.98699999
   16.25555611    0.88599998    2.98699999
   16.25611115    0.88599998    3.00699997
   16.25666618    0.88599998    3.00699997
   16.25833321    0.88599998    2.98699999
   16.26055527    0.88599998    2.98699999
   16.26083374    0.88599998    2.98699999
   16.26138878    0.88599998    2.98699999
   16.26194382    0.88599998    3.00699997
   16.26388931    0.88599998    3.00699997
   16.26555634    0.88599998    2.98699999
   16.26611137    0.88599998    2.98699999
   16.26666641    0.88599998    3.00699997
   16.26722145    0.88599998    3.00699997
   16.26972198    0.88599998    2.98699999
   16.27583313    0.86699998    3.00699997
   16.27777672    0.86699998    2.98699999
   16.27833366    0.86699998    2.98699999
   16.27888870    0.86699998    3.00699997
   16.27944374    0.86699998    3.00699997
   16.28166580    0.88599998    3.00699997
   16.28722191    0.86699998    2.98699999
   16.28916550    0.86699998    3.00699997
   16.28972244    0.86699998    3.00699997
   16.29027748    0.86699998    2.98699999
   16.29083252    0.86699998    3.00699997
   16.29138756    0.86699998    3.00699997
   16.29166603    0.86699998    2.98699999
   16.29222107    0.86699998    3.00699997
   16.29277802    0.86699998    3.00699997
   16.29333305    0.86699998    2.98699999
   16.29361153    0.86699998    2.98699999
   16.29416656    0.86699998    2.98699999
   16.29472160    0.86699998    3.00699997
   16.29527664    0.86699998    3.00699997
   16.29583359    0.84799999    3.00699997
   16.29611015    0.84799999    3.00699997
   16.29666710    0.84799999    3.00699997
   16.29722214    0.84799999    3.00699997
   16.29777718    0.84799999    2.98699999
   16.29833221    0.84799999    3.00699997
   16.29861069    0.84799999    3.00699997
   16.29916573    0.84799999    2.98699999
   16.29972076    0.84799999    2.98699999
   16.30027771    0.84799999    3.00699997
   16.30055428    0.84799999    2.98699999
   16.30111122    0.84799999    3.00699997
   16.30166626    0.84799999    3.00699997
   16.30222130    0.84799999    3.00699997
   16.30277634    0.84799999    2.98699999
   16.30305481    0.84799999    3.00699997
   16.30360985    0.84799999    3.00699997
   16.30416679    0.84799999    3.00699997
   16.30666542    0.84799999    3.00699997
   16.30861092    0.84799999    3.00699997
   16.30916595    0.84799999    3.00699997
   16.30972099    0.84799999    2.98699999
   16.30999947    0.84799999    3.00699997
   16.31361008    0.82800001    3.00699997
   16.31555557    0.82800001    2.98699999
   16.31583214    0.82800001    2.98699999
   16.31638718    0.82800001    2.98699999
   16.31694603    0.82800001    3.00699997
   16.31888962    0.82800001    3.00699997
   16.32083511    0.80900002    3.00699997
   16.32139015    0.80900002    2.98699999
   16.32194519    0.80900002    2.98699999
   16.32250023    0.79000002    2.98699999
   16.32416725    0.79000002    3.00699997
   16.32611275    0.75099999    3.00699997
   16.32666779    0.75099999    3.00699997
   16.32722282    0.73199999    3.00699997
   16.32777786    0.73199999    3.00699997
   16.33027840    0.71300000    3.00699997
   16.33416748    0.67400002    3.00699997
   16.33611107    0.69300002    3.00699997
   16.33666801    0.69300002    3.00699997
   16.33694458    0.69300002    3.00699997
   16.33750153    0.71300000    3.00699997
   16.34000015    0.71300000    3.00699997
   16.34444427    0.69300002    3.00699997
   16.34527779    0.69300002    3.00699997
   16.34583473    0.69300002    3.00699997
   16.34638977    0.69300002    3.00699997
   16.34861183    0.67400002    3.00699997
   16.34916687    0.69300002    3.00699997
   16.34972191    0.69300002    3.00699997
   16.35027885    0.69300002    3.00699997
   16.35083389    0.69300002    3.00699997
   16.35138893    0.69300002    3.00699997
   16.35166740    0.69300002    3.00699997
   16.35222244    0.69300002    3.00699997
   16.35416794    0.71300000    3.00699997
   16.35611153    0.75099999    3.00699997
   16.35666656    0.77100003    3.00699997
   16.35722351    0.77100003    3.00699997
   16.35750008    0.79000002    3.00699997
   16.35944557    0.79000002    3.00699997
   16.36138916    0.80900002    3.00699997
   16.36194420    0.80900002    2.98699999
   16.36250114    0.80900002    3.00699997
   16.36277771    0.80900002    3.00699997
   16.36527824    0.82800001    3.00699997
   16.36916733    0.84799999    2.98699999
   16.37111092    0.84799999    3.00699997
   16.37166595    0.84799999    3.00699997
   16.37222290    0.84799999    2.98699999
   16.37277794    0.84799999    3.00699997
   16.37527847    0.86699998    3.00699997
   16.38083267    0.86699998    2.98699999
   16.38277817    0.86699998    3.00699997
   16.38305473    0.86699998    2.98699999
   16.38361168    0.86699998    2.98699999
   16.38416672    0.86699998    3.00699997
   16.38472176    0.88599998    2.98699999
   16.38527679    0.88599998    2.98699999
   16.38555527    0.88599998    2.98699999
   16.38611031    0.88599998    2.98699999
   16.38666725    0.88599998    3.00699997
   16.38722229    0.88599998    2.98699999
   16.38777733    0.88599998    2.98699999
   16.38805580    0.88599998    2.98699999
   16.38861084    0.88599998    2.98699999
   16.38916588    0.88599998    3.00699997
   16.38972282    0.88599998    2.98699999
   16.38999939    0.88599998    3.00699997
   16.39055634    0.88599998    2.98699999
   16.39111137    0.88599998    3.00699997
   16.39166641    0.88599998    3.00699997
   16.39222145    0.88599998    3.00699997
   16.39249992    0.88599998    2.98699999
   16.39305496    0.88599998    3.00699997
   16.39361191    0.88599998    3.00699997
   16.39416695    0.88599998    3.00699997
   16.39472198    0.88599998    3.00699997
   16.39527702    0.88599998    3.00699997
   16.39555550    0.88599998    2.98699999
   16.39611053    0.88599998    2.98699999
   16.39666748    0.88599998    2.98699999
   16.39694405    0.86699998    3.00699997
   16.39749908    0.86699998    3.00699997
   16.39999962    0.86699998    3.00699997
   16.40194321    0.84799999    3.00699997
   16.40250015    0.84799999    2.98699999
   16.40305519    0.84799999    3.00699997
   16.40361023    0.84799999    3.00699997
   16.40694427    0.84799999    3.00699997
   16.40888786    0.84799999    3.00699997
   16.40944481    0.84799999    3.00699997
   16.40999985    0.84799999    3.00699997
   16.41027832    0.84799999    3.00699997
   16.41444397    0.84799999    2.98699999
   16.41638756    0.84799999    3.00699997
   16.41694450    0.84799999    3.00699997
   16.41722107    0.84799999    2.98699999
   16.41777802    0.84799999    3.00699997
   16.41972160    0.84799999    3.00699997
   16.42166519    0.84799999    3.00699997
   16.42194366    0.84799999    3.00699997
   16.42249870    0.84799999    3.00699997
   16.42305565    0.84799999    3.00699997
   16.42555428    0.86699998    3.00699997
   16.42944336    0.86699998    2.98699999
   16.43138885    0.86699998    2.98699999
   16.43194389    0.86699998    3.00699997
   16.43249893    0.88599998    3.00699997
   16.43305397    0.86699998    3.00699997
   16.43527603    0.88599998    3.02600002
   16.43944359    0.88599998    3.00699997
   16.44027710    0.88599998    3.00699997
   16.44083214    0.88599998    2.98699999
   16.44166565    0.90600002    3.00699997
   16.44249916    0.90600002    3.00699997
   16.44305420    0.90600002    3.00699997
   16.44527626    0.90600002    3.00699997
   16.44555473    0.90600002    2.98699999
   16.44610977    0.90600002    3.00699997
   16.44666672    0.90600002    3.00699997
   16.44722176    0.92500001    3.00699997
   16.44777679    0.92500001    3.00699997
   16.44805527    0.92500001    2.98699999
   16.44861031    0.92500001    2.98699999
   16.45277786    0.92500001    3.00699997
   16.45472336    0.90600002    2.98699999
   16.45527840    0.90600002    2.98699999
   16.45583344    0.90600002    2.98699999
   16.45639038    0.90600002    3.00699997
   16.45805550    0.90600002    2.98699999
   16.46027946    0.90600002    2.98699999
   16.46083450    0.90600002    3.00699997
   16.46111107    0.90600002    3.00699997
   16.46166801    0.90600002    3.00699997
   16.46416664    0.90600002    3.00699997
   16.46833420    0.88599998    3.00699997
   16.47027779    0.88599998    3.00699997
   16.47083473    0.88599998    2.98699999
   16.47111130    0.86699998    2.98699999
   16.47166634    0.86699998    3.00699997
   16.47416687    0.86699998    2.98699999
   16.48027802    0.84799999    3.00699997
   16.48250008    0.84799999    3.00699997
   16.48305511    0.84799999    3.00699997
   16.48333359    0.84799999    3.00699997
   16.48388863    0.84799999    3.00699997
   16.48444557    0.84799999    3.00699997
   16.48500061    0.84799999    3.00699997
   16.48555565    0.84799999    2.98699999
   16.48583412    0.84799999    3.00699997
   16.48638916    0.84799999    3.00699997
   16.48694420    0.84799999    3.00699997
   16.48750114    0.84799999    3.00699997
   16.48805618    0.84799999    3.00699997
   16.48833275    0.84799999    2.98699999
   16.48888969    0.84799999    3.00699997
   16.48944473    0.84799999    3.00699997
   16.48999977    0.84799999    3.00699997
   16.49055672    0.84799999    3.00699997
   16.49083328    0.84799999    3.00699997
   16.49138832    0.82800001    3.00699997
   16.49194527    0.82800001    3.00699997
   16.49250031    0.82800001    3.00699997
   16.49305534    0.82800001    3.00699997
   16.49361229    0.82800001    3.00699997
   16.49388885    0.82800001    3.00699997
   16.49444389    0.82800001    3.00699997
   16.49500084    0.82800001    3.00699997
   16.49555588    0.82800001    3.00699997
   16.49611092    0.82800001    3.00699997
   16.49638939    0.82800001    3.00699997
   16.49694443    0.82800001    3.02600002
   16.49944496    0.80900002    3.00699997
   16.50138855    0.80900002    3.00699997
   16.50194359    0.80900002    3.00699997
   16.50250053    0.79000002    3.00699997
   16.50305557    0.79000002    3.00699997
   16.50638962    0.79000002    3.00699997
   16.50833321    0.79000002    3.00699997
   16.50861168    0.77100003    3.02600002
   16.50916672    0.77100003    3.00699997
   16.50972176    0.77100003    3.00699997
   16.51166725    0.77100003    2.98699999
   16.51333427    0.77100003    3.00699997
   16.51388931    0.75099999    3.00699997
   16.51444435    0.77100003    3.00699997
   16.51499939    0.75099999    3.00699997
   16.51694489    0.75099999    3.00699997
   16.51888847    0.75099999    3.00699997
   16.51944351    0.75099999    3.00699997
   16.51972198    0.75099999    3.00699997
   16.52027702    0.75099999    3.00699997
   16.52277756    0.75099999    3.00699997
   16.52666664    0.73199999    3.00699997
   16.52861023    0.73199999    3.00699997
   16.52916718    0.73199999    3.00699997
   16.52972221    0.73199999    3.00699997
   16.53027725    0.71300000    3.00699997
   16.53277779    0.71300000    3.00699997
   16.53694344    0.69300002    3.00699997
   16.53750038    0.69300002    3.00699997
   16.53833199    0.69300002    3.00699997
   16.53888893    0.69300002    3.00699997
   16.53972244    0.67400002    3.00699997
   16.54027748    0.67400002    3.00699997
   16.54249954    0.67400002    3.00699997
   16.54305458    0.67400002    3.00699997
   16.54361153    0.67400002    3.00699997
   16.54416656    0.67400002    3.00699997
   16.54444313    0.67400002    3.00699997
   16.54500008    0.67400002    3.00699997
   16.54555511    0.67400002    3.00699997
   16.54611015    0.67400002    3.00699997
   16.54777718    0.67400002    3.00699997
   16.54972076    0.67400002    3.00699997
   16.55027771    0.67400002    3.00699997
   16.55083275    0.67400002    3.00699997
   16.55138779    0.67400002    3.00699997
   16.55333328    0.67400002    3.00699997
   16.55499840    0.67400002    3.00699997
   16.55555534    0.67400002    3.00699997
   16.55611038    0.67400002    3.00699997
   16.55666542    0.67400002    3.00699997
   16.55916595    0.67400002    3.00699997
   16.56305504    0.67400002    3.00699997
   16.56499863    0.69300002    3.00699997
   16.56555557    0.69300002    3.00699997
   16.56611061    0.69300002    3.00699997
   16.56638718    0.69300002    3.00699997
   16.56888962    0.69300002    3.02600002
   16.57444572    0.67400002    3.00699997
   16.57638931    0.67400002    3.00699997
   16.57694626    0.67400002    3.00699997
   16.57722282    0.67400002    3.00699997
   16.57777786    0.67400002    3.00699997
   16.57833481    0.67400002    3.00699997
   16.57888985    0.67400002    3.00699997
   16.57944489    0.67400002    3.02600002
   16.57972336    0.69300002    3.00699997
   16.58027840    0.67400002    3.00699997
   16.58083344    0.67400002    3.00699997
   16.58139038    0.69300002    3.00699997
   16.58166695    0.69300002    3.00699997
   16.58222389    0.69300002    3.02600002
   16.58277893    0.69300002    3.00699997
   16.58333397    0.69300002    3.00699997
   16.58388901    0.69300002    3.02600002
   16.58416748    0.69300002    3.00699997
   16.58472252    0.69300002    3.00699997
   16.58527756    0.69300002    3.00699997
   16.58583450    0.69300002    3.02600002
   16.58638954    0.69300002    3.00699997
   16.58666801    0.69300002    3.00699997
   16.58722305    0.69300002    3.00699997
   16.58777809    0.69300002    3.00699997
   16.58805656    0.69300002    3.00699997
   16.58861160    0.69300002    3.02600002
   16.58916664    0.69300002    3.00699997
   16.58972359    0.69300002    3.00699997
   16.59000015    0.69300002    3.00699997
   16.59055710    0.69300002    3.00699997
   16.59111214    0.71300000    3.00699997
   16.59361267    0.71300000    3.00699997
   16.59583473    0.71300000    3.00699997
   16.59611130    0.71300000    3.00699997
   16.59666824    0.71300000    3.00699997
   16.59722328    0.71300000    3.00699997
   16.60055542    0.71300000    3.00699997
   16.60250092    0.71300000    3.00699997
   16.60305595    0.71300000    3.00699997
   16.60333443    0.71300000    3.00699997
   16.60388947    0.71300000    3.00699997
   16.60583305    0.71300000    3.00699997
   16.60777855    0.71300000    3.00699997
   16.60833359    0.71300000    3.00699997
   16.60861206    0.71300000    3.00699997
   16.60916710    0.71300000    3.00699997
   16.61111069    0.71300000    3.00699997
   16.61305618    0.71300000    3.00699997
   16.61361122    0.71300000    3.00699997
   16.61388969    0.71300000    3.00699997
   16.61444473    0.71300000    3.00699997
   16.61694527    0.71300000    3.00699997
   16.62083435    0.73199999    3.00699997
   16.62277794    0.73199999    3.00699997
   16.62305641    0.73199999    3.00699997
   16.62361145    0.73199999    3.00699997
   16.62416649    0.73199999    3.00699997
   16.62666702    0.75099999    3.00699997
   16.63083267    0.75099999    3.00699997
   16.63138962    0.75099999    3.00699997
   16.63222313    0.75099999    3.00699997
   16.63305473    0.75099999    3.00699997
   16.63388824    0.75099999    3.00699997
   16.63416672    0.75099999    3.00699997
   16.63638878    0.75099999    3.00699997
   16.63694382    0.75099999    3.00699997
   16.63750076    0.75099999    3.00699997
   16.63805580    0.75099999    2.98699999
   16.63861084    0.75099999    3.00699997
   16.63916588    0.75099999    3.00699997
   16.63972282    0.75099999    3.00699997
   16.63999939    0.75099999    3.00699997
   16.64194489    0.75099999    2.98699999
   16.64388847    0.75099999    2.98699999
   16.64444351    0.75099999    3.00699997
   16.64500046    0.75099999    3.00699997
   16.64555550    0.75099999    3.00699997
   16.64722252    0.75099999    3.00699997
   16.64916611    0.75099999    3.00699997
   16.64972115    0.75099999    3.00699997
   16.65027809    0.77100003    3.00699997
   16.65083313    0.77100003    3.00699997
   16.65305519    0.77100003    3.00699997
   16.65722275    0.77100003    3.00699997
   16.65888786    0.77100003    3.00699997
   16.65944481    0.77100003    2.98699999
   16.65999985    0.77100003    2.98699999
   16.66055489    0.77100003    3.00699997
   16.66305542    0.79000002    2.98699999
   16.66860962    0.77100003    3.00699997
   16.67055511    0.77100003    3.00699997
   16.67111015    0.77100003    2.98699999
   16.67138863    0.77100003    3.00699997
   16.67194366    0.77100003    3.00699997
   16.67249870    0.77100003    3.00699997
   16.67305565    0.77100003    3.00699997
   16.67361069    0.79000002    3.00699997
   16.67388916    0.77100003    3.00699997
   16.67444420    0.77100003    3.00699997
   16.67499924    0.77100003    3.00699997
   16.67555428    0.77100003    3.00699997
   16.67611122    0.77100003    3.00699997
   16.67638779    0.79000002    3.00699997
   16.67694473    0.79000002    3.00699997
   16.67749977    0.77100003    3.00699997
   16.67805481    0.79000002    3.00699997
   16.67833328    0.79000002    3.00699997
   16.67888832    0.77100003    3.00699997
   16.67944336    0.79000002    3.00699997
   16.68000031    0.79000002    3.00699997
   16.68055534    0.79000002    3.00699997
   16.68111038    0.79000002    2.98699999
   16.68138885    0.79000002    3.00699997
   16.68194389    0.79000002    3.00699997
   16.68249893    0.79000002    3.00699997
   16.68305397    0.79000002    3.00699997
   16.68361092    0.79000002    3.00699997
   16.68388748    0.79000002    3.00699997
   16.68444443    0.79000002    3.00699997
   16.68499947    0.79000002    3.00699997
   16.68555450    0.79000002    3.00699997
   16.68805504    0.79000002    3.00699997
   16.68999863    0.80900002    3.00699997
   16.69027710    0.80900002    3.00699997
   16.69083214    0.80900002    3.00699997
   16.69138718    0.80900002    3.00699997
   16.69472122    0.79000002    3.00699997
   16.69666672    0.79000002    3.00699997
   16.69722176    0.79000002    3.00699997
   16.69777679    0.79000002    3.00699997
   16.69833183    0.79000002    3.00699997
   16.70000076    0.79000002    3.00699997
   16.70194435    0.79000002    3.00699997
   16.70222282    0.79000002    3.00699997
   16.70277786    0.79000002    3.00699997
   16.70333481    0.79000002    3.00699997
   16.70527840    0.79000002    3.00699997
   16.70722389    0.79000002    3.02600002
   16.70750046    0.77100003    3.00699997
   16.70805550    0.77100003    3.00699997
   16.70861244    0.77100003    3.00699997
   16.71111107    0.77100003    3.00699997
   16.71500015    0.75099999    2.98699999
   16.71694565    0.75099999    3.00699997
   16.71750069    0.75099999    3.00699997
   16.71805573    0.75099999    3.00699997
   16.71833420    0.75099999    3.00699997
   16.72083473    0.75099999    3.00699997
   16.72500038    0.73199999    3.00699997
   16.72583389    0.73199999    3.00699997
   16.72638893    0.73199999    3.00699997
   16.72861099    0.73199999    3.00699997
   16.72916794    0.71300000    3.00699997
   16.72972298    0.71300000    3.02600002
   16.73000145    0.71300000    3.00699997
   16.73055649    0.71300000    3.00699997
   16.73111153    0.71300000    3.00699997
   16.73166656    0.71300000    3.00699997
   16.73222351    0.71300000    3.00699997
   16.73388863    0.69300002    3.00699997
   16.73611069    0.69300002    3.00699997
   16.73638916    0.69300002    3.00699997
   16.73694420    0.67400002    3.00699997
   16.73750114    0.67400002    3.02600002
   16.74166679    0.65499997    3.00699997
   16.74388885    0.63599998    3.02600002
   16.74444389    0.63599998    3.00699997
   16.74500084    0.63599998    3.02600002
   16.74749947    0.63599998    3.00699997
   16.75416756    0.61600000    3.00699997
   16.75666618    0.65499997    3.00699997
   16.75722313    0.65499997    2.98699999
   16.75777817    0.65499997    3.02600002
   16.76027870    0.65499997    3.00699997
   16.76583290    0.67400002    3.02600002
   16.76777840    0.67400002    3.02600002
   16.76833344    0.67400002    3.00699997
   16.76888847    0.67400002    3.02600002
   16.76944351    0.67400002    3.02600002
   16.77000046    0.67400002    3.02600002
   16.77027702    0.67400002    3.00699997
   16.77083397    0.67400002    3.02600002
   16.77138901    0.67400002    3.00699997
   16.77194405    0.67400002    3.00699997
   16.77249908    0.67400002    3.02600002
   16.77277756    0.67400002    3.02600002
   16.77333260    0.67400002    3.02600002
   16.77388954    0.67400002    3.02600002
   16.77444458    0.67400002    3.02600002
   16.77499962    0.67400002    3.02600002
   16.77527809    0.67400002    3.00699997
   16.77583313    0.69300002    3.02600002
   16.77638817    0.69300002    3.00699997
   16.77694511    0.69300002    3.02600002
   16.77750015    0.69300002    3.02600002
   16.77777672    0.69300002    3.02600002
   16.77833366    0.69300002    3.00699997
   16.77888870    0.69300002    3.00699997
   16.77944374    0.69300002    3.02600002
   16.78000069    0.69300002    3.00699997
   16.78027725    0.69300002    3.02600002
   16.78083229    0.69300002    3.00699997
   16.78138924    0.69300002    3.00699997
   16.78194427    0.69300002    3.00699997
   16.78222275    0.69300002    3.00699997
   16.78277779    0.69300002    3.00699997
   16.78527641    0.69300002    3.00699997
   16.78722191    0.69300002    3.02600002
   16.78777695    0.69300002    3.00699997
   16.78833199    0.69300002    3.00699997
   16.78888893    0.69300002    3.00699997
   16.79194450    0.71300000    3.00699997
   16.79416656    0.71300000    3.00699997
   16.79472160    0.71300000    3.00699997
   16.79500008    0.71300000    3.00699997
   16.79555511    0.71300000    3.00699997
   16.79749870    0.73199999    3.00699997
   16.79944420    0.73199999    3.00699997
   16.79999924    0.73199999    3.00699997
   16.80027771    0.73199999    3.00699997
   16.80083275    0.73199999    3.00699997
   16.80277634    0.73199999    3.00699997
   16.80499840    0.71300000    3.00699997
   16.80527687    0.71300000    3.00699997
   16.80583191    0.73199999    3.00699997
   16.80638885    0.71300000    3.00699997
   16.80888748    0.71300000    3.00699997
   16.81277657    0.69300002    3.00699997
   16.81472206    0.69300002    3.02600002
   16.81527710    0.69300002    3.00699997
   16.81583214    0.69300002    3.00699997
   16.81611061    0.69300002    3.00699997
   16.81861115    0.69300002    3.00699997
   16.82277870    0.67400002    3.02600002
   16.82361221    0.69300002    3.00699997
   16.82389069    0.67400002    3.00699997
   16.82638931    0.67400002    3.00699997
   16.82666779    0.67400002    3.02600002
   16.82722282    0.67400002    3.00699997
   16.82777786    0.69300002    3.02600002
   16.82833481    0.69300002    3.02600002
   16.82888985    0.69300002    3.02600002
   16.82916832    0.69300002    3.00699997
   16.82972336    0.69300002    3.02600002
   16.83166695    0.69300002    3.02600002
   16.83361244    0.71300000    3.00699997
   16.83416748    0.71300000    3.00699997
   16.83472252    0.71300000    3.02600002
   16.83500099    0.71300000    3.02600002
   16.83694458    0.71300000    3.00699997
   16.83889008    0.71300000    3.00699997
   16.83944511    0.71300000    3.02600002
   16.84000015    0.71300000    3.00699997
   16.84055710    0.71300000    3.02600002
   16.84277916    0.71300000    3.00699997
   16.84694481    0.71300000    3.00699997
   16.84889030    0.69300002    3.00699997
   16.84944534    0.69300002    3.00699997
   16.85000038    0.71300000    3.00699997
   16.85027885    0.71300000    3.00699997
   16.85277748    0.69300002    3.02600002
   16.85833359    0.71300000    3.00699997
   16.86027908    0.69300002    3.00699997
   16.86083412    0.69300002    3.00699997
   16.86111069    0.69300002    3.02600002
   16.86166763    0.69300002    3.00699997
   16.86222267    0.69300002    3.00699997
   16.86277771    0.69300002    3.00699997
   16.86333466    0.69300002    3.00699997
   16.86361122    0.69300002    3.00699997
   16.86416626    0.69300002    3.00699997
   16.86472321    0.69300002    3.00699997
   16.86527824    0.69300002    3.00699997
   16.86583328    0.69300002    3.02600002
   16.86611176    0.69300002    3.00699997
   16.86666679    0.69300002    3.00699997
   16.86722183    0.69300002    2.98699999
   16.86777878    0.69300002    3.00699997
   16.86805534    0.69300002    3.00699997
   16.86861038    0.69300002    3.00699997
   16.86916733    0.69300002    3.02600002
   16.86972237    0.69300002    3.00699997
   16.87000084    0.69300002    3.00699997
   16.87055588    0.69300002    3.00699997
   16.87111092    0.69300002    3.02600002
   16.87166595    0.69300002    3.00699997
   16.87222290    0.69300002    3.02600002
   16.87249947    0.69300002    3.02600002
   16.87305641    0.69300002    3.00699997
   16.87361145    0.67400002    3.00699997
   16.87416649    0.67400002    3.00699997
   16.87472153    0.67400002    3.00699997
   16.87500000    0.67400002    3.02600002
   16.87750053    0.67400002    3.02600002
   16.87944412    0.65499997    3.00699997
   16.88000107    0.65499997    3.00699997
   16.88055611    0.65499997    3.00699997
   16.88111115    0.65499997    3.02600002
   16.88444519    0.65499997    3.00699997
   16.88666725    0.63599998    3.00699997
   16.88694382    0.63599998    3.02600002
   16.88750076    0.63599998    3.00699997
   16.88805580    0.63599998    3.02600002
   16.88999939    0.63599998    3.02600002
   16.89222145    0.65499997    3.02600002
   16.89277840    0.63599998    3.02600002
   16.89333344    0.65499997    3.00699997
   16.89500046    0.65499997    3.02600002
   16.89722252    0.65499997    3.02600002
   16.89777756    0.65499997    3.02600002
   16.89805603    0.63599998    3.00699997
   16.89861107    0.63599998    3.02600002
   16.90111160    0.63599998    3.02600002
   16.90499878    0.61600000    3.02600002
   16.90694427    0.61600000    3.02600002
   16.90749931    0.61600000    3.00699997
   16.90805435    0.61600000    3.02600002
   16.90861130    0.61600000    3.02600002
   16.91083336    0.61600000    3.02600002
   16.91527748    0.61600000    3.02600002
   16.91611099    0.59700000    3.02600002
   16.91666603    0.59700000    3.02600002
   16.91749954    0.59700000    3.00699997
   16.91805458    0.59700000    3.02600002
   16.92027664    0.59700000    3.02600002
   16.92083359    0.59700000    3.02600002
   16.92111015    0.59700000    3.02600002
   16.92166519    0.59700000    3.02600002
   16.92222214    0.59700000    3.02600002
   16.92277718    0.59700000    3.02600002
   16.92333221    0.59700000    3.02600002
   16.92388916    0.59700000    3.02600002
   16.92611122    0.59700000    3.02600002
   16.92666626    0.59700000    3.00699997
   16.92722130    0.61600000    3.02600002
   16.92749977    0.59700000    3.02600002
   16.92805481    0.59700000    3.00699997
   16.92860985    0.61600000    3.00699997
   16.92916679    0.61600000    3.00699997
   16.92972183    0.61600000    3.02600002
   16.93000031    0.61600000    3.02600002
   16.93055534    0.63599998    3.00699997
   16.93111038    0.63599998    3.00699997
   16.93166542    0.63599998    3.00699997
   16.93333244    0.65499997    3.02600002
   16.93555450    0.65499997    3.00699997
   16.93583298    0.65499997    3.00699997
   16.93638802    0.65499997    3.00699997
   16.93694305    0.65499997    3.02600002
   16.93750000    0.65499997    3.00699997
   16.93805504    0.65499997    3.02600002
   16.93833160    0.65499997    3.00699997
   16.93888855    0.65499997    3.00699997
   16.93944359    0.65499997    3.02600002
   16.94138718    0.65499997    3.02600002
   16.94333267    0.65499997    3.00699997
   16.94388771    0.65499997    3.02600002
   16.94444275    0.65499997    3.00699997
   16.94472122    0.65499997    3.00699997
   16.94527626    0.65499997    3.02600002
   16.94583321    0.65499997    3.02600002
   16.94638824    0.65499997    3.02600002
   16.94694328    0.65499997    3.02600002
   16.94916534    0.65499997    3.00699997
   16.95333481    0.65499997    3.00699997
   16.95527840    0.65499997    3.02600002
   16.95583344    0.63599998    3.02600002
   16.95611191    0.63599998    3.00699997
   16.95666695    0.63599998    3.02600002
   16.95722389    0.65499997    3.00699997
   16.95777893    0.63599998    3.02600002
   16.95805550    0.63599998    3.02600002
   16.95861244    0.63599998    3.00699997
   16.95916748    0.63599998    3.00699997
   16.96166801    0.63599998    3.00699997
   16.96722221    0.63599998    3.02600002
   16.96916771    0.63599998    3.02600002
   16.96944427    0.63599998    3.02600002
   16.97000122    0.63599998    3.00699997
   16.97055626    0.63599998    3.02600002
   16.97111130    0.63599998    3.02600002
   16.97166634    0.63599998    3.00699997
   16.97194481    0.63599998    3.00699997
   16.97249985    0.63599998    3.00699997
   16.97305679    0.63599998    3.00699997
   16.97361183    0.63599998    3.00699997
   16.97389030    0.65499997    3.00699997
   16.97444534    0.65499997    3.00699997
   16.97500038    0.63599998    3.02600002
   16.97555542    0.65499997    3.00699997
   16.97611237    0.65499997    3.02600002
   16.97666740    0.63599998    3.02600002
   16.97722244    0.63599998    3.02600002
   16.97777748    0.63599998    3.00699997
   16.97805595    0.63599998    3.00699997
   16.97861099    0.63599998    3.02600002
   16.97916794    0.63599998    3.00699997
   16.97972298    0.63599998    3.02600002
   16.98000145    0.63599998    3.02600002
   16.98055649    0.63599998    3.00699997
   16.98111153    0.63599998    3.00699997
   16.98166656    0.63599998    3.00699997
   16.98222351    0.63599998    3.02600002
   16.98277855    0.65499997    3.00699997
   16.98305511    0.65499997    3.04500008
   16.98361206    0.63599998    3.00699997
   16.98416710    0.65499997    3.02600002
   16.98666763    0.65499997    3.00699997
   16.98861122    0.65499997    3.00699997
   16.98888969    0.65499997    3.02600002
   16.98944473    0.65499997    3.02600002
   16.98999977    0.65499997    3.00699997
   16.99333382    0.65499997    3.02600002
   16.99527740    0.67400002    3.02600002
   16.99583435    0.67400002    3.00699997
   16.99611092    0.67400002    3.00699997
   16.99666786    0.67400002    3.00699997
   16.99722290    0.67400002    3.00699997
   16.99777794    0.67400002    3.00699997
   16.99833298    0.67400002    3.00699997
   16.99888992    0.69300002    3.00699997
   16.99916649    0.69300002    3.00699997
   17.00111198    0.69300002    3.00699997
   17.00305557    0.69300002    3.00699997
   17.00361061    0.71300000    3.00699997
   17.00388908    0.71300000    3.00699997
   17.00444412    0.71300000    3.00699997
   17.00499916    0.71300000    3.00699997
   17.00555611    0.71300000    3.00699997
   17.00583267    0.71300000    3.00699997
   17.00638962    0.71300000    3.00699997
   17.00694466    0.71300000    3.00699997
   17.00888824    0.71300000    3.00699997
   17.01055527    0.71300000    3.00699997
   17.01111031    0.69300002    3.02600002
   17.01166725    0.71300000    3.00699997
   17.01222229    0.69300002    3.02600002
   17.01250076    0.69300002    3.02600002
   17.01305580    0.69300002    3.00699997
   17.01361084    0.69300002    3.00699997
   17.01416588    0.69300002    3.02600002
   17.01472282    0.69300002    3.02600002
   17.01722145    0.69300002    3.02600002
   17.02111053    0.69300002    3.00699997
   17.02305603    0.69300002    3.00699997
   17.02361107    0.69300002    3.00699997
   17.02416611    0.69300002    3.02600002
   17.02472115    0.69300002    3.02600002
   17.02499962    0.69300002    3.00699997
   17.02555466    0.69300002    3.02600002
   17.02611160    0.69300002    3.02600002
   17.02638817    0.69300002    3.00699997
   17.02694511    0.69300002    3.00699997
   17.03166580    0.69300002    3.00699997
   17.03666687    0.69300002    3.02600002
   17.03722191    0.69300002    3.02600002
   17.03805542    0.67400002    3.00699997
   17.03861046    0.67400002    3.00699997
   17.04166603    0.67400002    3.02600002
   17.04249954    0.67400002    3.02600002
   17.04333305    0.67400002    3.00699997
   17.04388809    0.67400002    3.00699997
   17.04472160    0.65499997    3.00699997
   17.04555511    0.65499997    3.02600002
   17.04611015    0.65499997    3.02600002
   17.04666710    0.65499997    3.00699997
   17.04888916    0.65499997    3.02600002
   17.04944420    0.65499997    3.00699997
   17.04999924    0.65499997    3.02600002
   17.05055428    0.65499997    3.00699997
   17.05083275    0.65499997    3.02600002
   17.05138779    0.67400002    3.02600002
   17.05194283    0.67400002    3.02600002
   17.05249977    0.67400002    3.00699997
   17.05305481    0.69300002    3.02600002
   17.05333328    0.69300002    3.00699997
   17.05388832    0.69300002    3.00699997
   17.05444336    0.69300002    3.02600002
   17.05499840    0.69300002    3.00699997
   17.05666542    0.69300002    3.00699997
   17.05888748    0.69300002    3.00699997
   17.05916595    0.69300002    3.00699997
   17.05972099    0.69300002    3.02600002
   17.06027794    0.69300002    3.00699997
   17.06083298    0.69300002    3.02600002
   17.06110954    0.69300002    3.02600002
   17.06166649    0.69300002    3.00699997
   17.06222153    0.67400002    3.02600002
   17.06277657    0.67400002    3.02600002
   17.06472206    0.65499997    3.00699997
   17.06666756    0.65499997    3.02600002
   17.06694603    0.65499997    3.02600002
   17.06750107    0.65499997    3.02600002
   17.06805611    0.65499997    3.02600002
   17.06861115    0.65499997    3.02600002
   17.06888962    0.65499997    3.02600002
   17.06944466    0.65499997    3.02600002
   17.07000160    0.67400002    3.02600002
   17.07055664    0.69300002    3.02600002
   17.07305717    0.71300000    3.00699997
   17.07694626    0.75099999    3.02600002
   17.07888985    0.77100003    3.00699997
   17.07944489    0.77100003    3.00699997
   17.08000183    0.75099999    3.02600002
   17.08055687    0.75099999    3.00699997
   17.08083344    0.75099999    3.02600002
   17.08139038    0.75099999    3.00699997
   17.08194542    0.75099999    3.02600002
   17.08250046    0.75099999    3.02600002
   17.08305550    0.75099999    3.00699997
   17.08555603    0.75099999    3.04500008
   17.09083366    0.69300002    3.00699997
   17.09277916    0.67400002    3.02600002
   17.09333420    0.65499997    3.02600002
   17.09388924    0.67400002    3.02600002
   17.09416771    0.65499997    3.02600002
   17.09472275    0.65499997    3.02600002
   17.09527779    0.65499997    3.02600002
   17.09583473    0.65499997    3.02600002
   17.09638977    0.65499997    3.02600002
   17.09666824    0.65499997    3.02600002
   17.09722328    0.65499997    3.00699997
   17.09777832    0.65499997    3.02600002
   17.09833336    0.65499997    3.02600002
   17.09861183    0.65499997    3.02600002
   17.09916687    0.63599998    3.00699997
   17.09972191    0.63599998    3.02600002
   17.10000038    0.63599998    3.00699997
   17.10055542    0.63599998    3.00699997
   17.10111237    0.63599998    3.02600002
   17.10166740    0.63599998    3.02600002
   17.10222244    0.63599998    3.02600002
   17.10250092    0.63599998    3.02600002
   17.10305595    0.63599998    3.02600002
   17.10361099    0.63599998    3.00699997
   17.10416794    0.63599998    3.02600002
   17.10444450    0.63599998    3.02600002
   17.10499954    0.63599998    3.02600002
   17.10555649    0.65499997    3.02600002
   17.10611153    0.65499997    3.02600002
   17.10666656    0.65499997    3.02600002
   17.10694504    0.63599998    3.04500008
   17.10750008    0.63599998    3.00699997
   17.11000061    0.65499997    3.00699997
   17.11194420    0.65499997    3.00699997
   17.11250114    0.65499997    3.00699997
   17.11305618    0.67400002    3.02600002
   17.11361122    0.67400002    3.00699997
   17.11694527    0.69300002    3.00699997
   17.11888885    0.69300002    3.00699997
   17.11916733    0.71300000    3.02600002
   17.11972237    0.71300000    3.00699997
   17.12027740    0.71300000    3.00699997
   17.12083435    0.71300000    3.02600002
   17.12111092    0.71300000    3.00699997
   17.12166595    0.71300000    3.00699997
   17.12222290    0.71300000    3.00699997
   17.12277794    0.71300000    3.00699997
   17.12444496    0.71300000    3.00699997
   17.12638855    0.69300002    3.00699997
   17.12694550    0.69300002    3.02600002
   17.12750053    0.69300002    3.02600002
   17.12805557    0.67400002    3.00699997
   17.12833405    0.67400002    3.00699997
   17.12888908    0.67400002    3.00699997
   17.12944412    0.67400002    3.00699997
   17.13000107    0.67400002    3.00699997
   17.13055611    0.67400002    3.00699997
   17.13222313    0.67400002    3.00699997
   17.13416672    0.67400002    3.00699997
   17.13472176    0.67400002    3.00699997
   17.13527679    0.67400002    3.00699997
   17.13583374    0.67400002    3.00699997
   17.13638878    0.67400002    3.00699997
   17.13694382    0.69300002    3.00699997
   17.13722229    0.69300002    3.00699997
   17.13777733    0.69300002    3.00699997
   17.14027786    0.67400002    3.00699997
   17.14444351    0.67400002    3.00699997
   17.14638901    0.67400002    3.00699997
   17.14666748    0.67400002    3.00699997
   17.14722252    0.67400002    3.02600002
   17.14777756    0.67400002    3.00699997
   17.14833260    0.67400002    3.00699997
   17.14861107    0.67400002    3.00699997
   17.14916611    0.67400002    3.02600002
   17.14972115    0.67400002    3.00699997
   17.15027809    0.67400002    3.00699997
   17.15277672    0.67400002    3.02600002
   17.15666580    0.65499997    3.00699997
   17.15749931    0.65499997    3.00699997
   17.15805435    0.65499997    3.00699997
   17.15888786    0.65499997    3.00699997
   17.15944481    0.65499997    3.00699997
   17.16166687    0.65499997    3.02600002
   17.16194344    0.65499997    3.00699997
   17.16250038    0.65499997    3.02600002
   17.16305542    0.65499997    3.02600002
   17.16361046    0.65499997    3.02600002
   17.16416550    0.65499997    3.00699997
   17.16444397    0.65499997    3.02600002
   17.16499901    0.65499997    3.00699997
   17.16555595    0.65499997    3.00699997
   17.16611099    0.65499997    3.00699997
   17.16666603    0.65499997    3.02600002
   17.16722107    0.65499997    3.00699997
   17.16749954    0.65499997    3.00699997
   17.16944313    0.65499997    3.00699997
   17.17138863    0.63599998    3.00699997
   17.17194366    0.63599998    3.00699997
   17.17249870    0.63599998    3.02600002
   17.17277718    0.63599998    3.00699997
   17.17333221    0.63599998    3.00699997
   17.17388916    0.63599998    3.02600002
   17.17444420    0.63599998    3.00699997
   17.17499924    0.63599998    3.02600002
   17.17527771    0.63599998    3.02600002
   17.17722130    0.63599998    3.02600002
   17.17916679    0.63599998    3.00699997
   17.17972183    0.63599998    3.00699997
   17.18027687    0.63599998    3.02600002
   17.18055534    0.63599998    3.00699997
   17.18111038    0.63599998    3.02600002
   17.18166542    0.63599998    3.02600002
   17.18222237    0.63599998    3.00699997
   17.18277740    0.63599998    3.00699997
   17.18527603    0.63599998    3.00699997
   17.18916512    0.63599998    3.00699997
   17.19111061    0.63599998    3.00699997
   17.19166565    0.65499997    3.00699997
   17.19222069    0.65499997    3.02600002
   17.19249916    0.63599998    3.00699997
   17.19305420    0.63599998    3.02600002
   17.19361115    0.65499997    3.00699997
   17.19416618    0.65499997    3.00699997
   17.19472122    0.63599998    3.02600002
   17.19527626    0.63599998    3.02600002
   17.19749832    0.63599998    3.02600002
   17.20305634    0.63599998    3.00699997
   17.20499992    0.63599998    3.02600002
   17.20555687    0.63599998    3.00699997
   17.20611191    0.63599998    3.00699997
   17.20639038    0.63599998    3.02600002
   17.20694542    0.63599998    3.02600002
   17.20750046    0.63599998    3.02600002
   17.20805550    0.65499997    3.00699997
   17.20833397    0.63599998    3.02600002
   17.20888901    0.63599998    3.02600002
   17.20944595    0.63599998    3.00699997
   17.21000099    0.63599998    3.00699997
   17.21055603    0.63599998    3.02600002
   17.21083450    0.65499997    3.02600002
   17.21138954    0.63599998    3.02600002
   17.21194458    0.63599998    3.00699997
   17.21250153    0.63599998    3.00699997
   17.21277809    0.63599998    3.02600002
   17.21333504    0.63599998    3.02600002
   17.21389008    0.63599998    3.00699997
   17.21444511    0.63599998    3.00699997
   17.21500015    0.63599998    3.02600002
   17.21527863    0.63599998    3.02600002
   17.21583366    0.63599998    3.00699997
   17.21638870    0.63599998    3.02600002
   17.21694565    0.63599998    3.02600002
   17.21750069    0.63599998    3.00699997
   17.21805573    0.63599998    3.02600002
   17.21833420    0.63599998    3.02600002
   17.21888924    0.63599998    3.02600002
   17.21944427    0.63599998    3.02600002
   17.22000122    0.63599998    3.02600002
   17.22222328    0.63599998    3.02600002
   17.22444534    0.63599998    3.02600002
   17.22472191    0.63599998    3.02600002
   17.22527885    0.63599998    3.02600002
   17.22583389    0.63599998    3.02600002
   17.22916794    0.63599998    3.02600002
   17.23111153    0.63599998    3.02600002
   17.23139000    0.63599998    3.02600002
   17.23194504    0.63599998    3.02600002
   17.23250008    0.63599998    3.02600002
   17.23305511    0.63599998    3.00699997
   17.23361206    0.63599998    3.02600002
   17.23388863    0.63599998    3.02600002
   17.23444557    0.63599998    3.00699997
   17.23472214    0.63599998    3.00699997
   17.23666763    0.63599998    3.02600002
   17.23861122    0.65499997    3.00699997
   17.23916626    0.65499997    3.02600002
   17.23972321    0.65499997    3.00699997
   17.23999977    0.65499997    3.02600002
   17.24055672    0.65499997    3.00699997
   17.24111176    0.65499997    3.00699997
   17.24166679    0.65499997    3.02600002
   17.24222183    0.65499997    3.00699997
   17.24250031    0.65499997    3.00699997
   17.24444389    0.65499997    3.02600002
   17.24638939    0.63599998    3.00699997
   17.24694443    0.63599998    3.00699997
   17.24749947    0.63599998    3.02600002
   17.24805641    0.63599998    3.00699997
   17.24861145    0.63599998    3.00699997
   17.24916649    0.63599998    3.02600002
   17.24944496    0.63599998    3.02600002
   17.25000000    0.63599998    3.02600002
   17.25250053    0.61600000    3.00699997
   17.25638962    0.61600000    3.02600002
   17.25833321    0.61600000    3.02600002
   17.25888824    0.61600000    3.02600002
   17.25944519    0.61600000    3.02600002
   17.26000023    0.61600000    3.02600002
   17.26027870    0.61600000    3.02600002
   17.26083374    0.63599998    3.02600002
   17.26138878    0.63599998    3.02600002
   17.26194382    0.63599998    3.02600002
   17.26222229    0.63599998    3.02600002
   17.26472282    0.63599998    3.00699997
   17.26888847    0.63599998    3.02600002
   17.26972198    0.63599998    3.02600002
   17.27000046    0.63599998    2.42799997
   17.27222252    0.63599998    2.25500011
   17.27277756    0.63599998    2.21600008
   17.27333260    0.63599998    2.19700003
   17.27388954    0.63599998    3.00699997
   17.27416611    0.63599998    3.02600002
   17.27472115    0.63599998    3.02600002
   17.27527809    0.63599998    3.00699997
   17.27583313    0.63599998    3.02600002
   17.27638817    0.63599998    3.02600002
   17.27694511    0.63599998    3.02600002
   17.27722168    0.63599998    3.02600002
   17.27777672    0.61600000    3.00699997
   17.27972221    0.63599998    3.02600002
   17.28166580    0.63599998    3.00699997
   17.28222275    0.63599998    3.02600002
   17.28277779    0.63599998    3.02600002
   17.28305435    0.61600000    3.00699997
   17.28361130    0.61600000    3.02600002
   17.28416634    0.61600000    3.02600002
   17.28472137    0.61600000    3.02600002
   17.28527641    0.61600000    3.02600002
   17.28555489    0.61600000    3.02600002
   17.28750038    0.61600000    3.02600002
   17.28944397    0.61600000    3.02600002
   17.28999901    0.61600000    3.02600002
   17.29027748    0.61600000    3.02600002
   17.29083252    0.61600000    3.00699997
   17.29138756    0.61600000    3.02600002
   17.29194450    0.61600000    3.02600002
   17.29249954    0.61600000    3.02600002
   17.29277802    0.61600000    3.02600002
   17.29583359    0.61600000    3.02600002
   17.29777718    0.61600000    3.02600002
   17.29944420    0.61600000    3.00699997
   17.30111122    0.61600000    3.00699997
   17.30305481    0.61600000    3.02600002
   17.30472183    0.61600000    3.00699997
   17.30638885    0.61600000    3.02600002
   17.30805397    0.61600000    3.02600002
   17.30972099    0.59700000    3.02600002
   17.31138802    0.59700000    3.02600002
   17.31305504    0.59700000    3.02600002
   17.31472206    0.59700000    3.02600002
   17.31638718    0.59700000    3.00699997
   17.31805611    0.59700000    3.02600002
   17.31972313    0.59700000    3.02600002
   17.32166672    0.59700000    3.02600002
   17.32333374    0.61600000    3.02600002
   17.32500076    0.59700000    3.02600002
   17.32666779    0.59700000    3.02600002
   17.32833481    0.59700000    3.02600002
   17.33000183    0.61600000    3.00699997
   17.33166695    0.61600000    3.02600002
   17.33361244    0.61600000    3.02600002
   17.33527756    0.59700000    3.02600002
   17.33694458    0.61600000    3.02600002
   17.33861160    0.61600000    3.02600002
   17.34027863    0.61600000    3.02600002
   17.34194565    0.61600000    3.02600002
   17.34361267    0.61600000    3.02600002
   17.34527779    0.61600000    3.02600002
   17.34694481    0.61600000    3.02600002
   17.34889030    0.61600000    3.02600002
   17.35055542    0.61600000    3.02600002
   17.35222244    0.61600000    3.02600002
   17.35388947    0.61600000    3.02600002
   17.35555649    0.61600000    3.02600002
   17.35722351    0.61600000    3.02600002
   17.35916710    0.61600000    3.02600002
   17.36083412    0.61600000    3.02600002
   17.36250114    0.61600000    3.02600002
   17.36416626    0.61600000    3.02600002
   17.36611176    0.59700000    3.02600002
   17.36777878    0.59700000    3.00699997
   17.36944389    0.59700000    3.02600002
   17.37111092    0.59700000    3.02600002
   17.37277794    0.59700000    3.02600002
   17.37444496    0.59700000    3.02600002
   17.37611198    0.59700000    3.02600002
   17.37777710    0.59700000    3.02600002
   17.37944412    0.59700000    3.00699997
   17.38111115    0.59700000    3.00699997
   17.38305473    0.59700000    3.02600002
   17.38472176    0.59700000    3.00699997
   17.38638878    0.59700000    3.02600002
   17.38805580    0.59700000    3.02600002
   17.38972282    0.61600000    3.02600002
   17.39138794    0.61600000    3.02600002
   17.39305496    0.61600000    3.02600002
   17.39472198    0.61600000    3.02600002
   17.39638901    0.61600000    3.02600002
   17.39805603    0.59700000    3.02600002
   17.39972115    0.61600000    3.02600002
   17.40138817    0.61600000    3.02600002
   17.40333366    0.59700000    3.02600002
   17.40499878    0.61600000    3.00699997
   17.40666580    0.61600000    3.02600002
   17.40833282    0.59700000    3.02600002
   17.40999985    0.59700000    3.02600002
   17.41166687    0.59700000    3.02600002
   17.41361046    0.59700000    3.02600002
   17.41527748    0.59700000    3.02600002
   17.41694450    0.59700000    3.00699997
   17.41860962    0.59700000    3.02600002
   17.42027664    0.57800001    3.02600002
   17.42194366    0.57800001    3.02600002
   17.42388916    0.57800001    3.02600002
   17.42555428    0.57800001    3.02600002
   17.42722130    0.55900002    3.02600002
   17.42888832    0.55900002    3.00699997
   17.43055534    0.55900002    3.02600002
   17.43222237    0.55900002    3.02600002
   17.43388748    0.55900002    3.02600002
   17.43555450    0.55900002    3.02600002
   17.43750000    0.53899997    3.02600002
   17.43888855    0.53899997    3.02600002
   17.44055557    0.53899997    3.02600002
   17.44249916    0.53899997    3.02600002
   17.44416618    0.51999998    3.02600002
   17.44583321    0.53899997    3.02600002
   17.44749832    0.53899997    3.02600002
   17.44944382    0.53899997    3.02600002
   17.45111275    0.51999998    3.02600002
   17.45277786    0.51999998    3.02600002
   17.45444489    0.51999998    3.02600002
   17.45611191    0.51999998    3.02600002
   17.45805550    0.51999998    3.04500008
   17.45972252    0.51999998    3.02600002
   17.46138954    0.50099999    3.02600002
   17.46305656    0.50099999    3.02600002
   17.46472359    0.50099999    3.02600002
   17.46638870    0.50099999    3.02600002
   17.46805573    0.50099999    3.02600002
   17.46972275    0.50099999    3.02600002
   17.47138977    0.50099999    3.02600002
   17.47305679    0.50099999    3.02600002
   17.47472191    0.50099999    3.02600002
   17.47666740    0.51999998    3.02600002
   17.47833443    0.51999998    3.02600002
   17.48000145    0.53899997    3.02600002
   17.48166656    0.55900002    3.00699997
   17.48333359    0.57800001    3.02600002
   17.48500061    0.57800001    3.02600002
   17.48666763    0.57800001    3.02600002
   17.48833275    0.57800001    3.02600002
   17.48999977    0.57800001    3.02600002
   17.49166679    0.57800001    3.02600002
   17.49333382    0.57800001    3.02600002
   17.49527740    4.91499996    3.20000005
   17.49722290    0.25000000    2.67899990
   17.49888992    0.15400000    0.86699998
   17.50083351    0.09600000    0.69300002
   17.50277710    0.05700000    0.53899997
   17.50444412    0.03800000    0.32699999
   17.50638962    0.03800000    0.15400000
