    HOUR (UT)     SKY TESTER    SUN TESTER
   10.79638958    4.91499996    0.01900000
   10.79750061    4.91499996    0.01900000
   10.79861164    4.91499996    0.03800000
   10.79972267    4.91499996    0.05700000
   10.80055618    4.91499996    0.09600000
   10.80166721    4.91499996    0.11500000
   10.80249977    4.91499996    0.15400000
   10.80361176    4.91499996    0.17299999
   10.80472279    4.91499996    0.21200000
   10.80555534    4.91499996    0.23100001
   10.80666733    4.91499996    0.26899999
   10.80777836    4.91499996    0.30800000
   10.80888939    0.42399999    0.34599999
   10.80972195    0.42399999    0.38499999
   10.81055546    0.44299999    0.40400001
   10.81138897    0.44299999    0.44299999
   10.81222248    0.46200001    0.48100001
   10.81305599    0.48100001    0.50099999
   10.81388950    0.48100001    0.53899997
   10.81472206    0.48100001    0.57800001
   10.81555557    0.50099999    0.61600000
   10.81638908    0.50099999    0.63599998
   10.81722260    0.50099999    0.67400002
   10.81805515    0.51999998    0.71300000
   10.81888866    0.51999998    0.75099999
   10.81972218    0.53899997    0.79000002
   10.82055569    0.53899997    0.80900002
   10.82138920    0.55900002    0.84799999
   10.82222176    0.55900002    0.88599998
   10.82305527    0.57800001    0.92500001
   10.82388878    0.57800001    0.94400001
   10.82472229    0.59700000    0.98299998
   10.82555580    0.59700000    1.02100003
   10.82638836    0.61600000    1.05999994
   10.82722187    0.61600000    1.07900000
   10.82805538    0.63599998    1.11800003
   10.82888889    0.65499997    1.15600002
   10.82972240    0.65499997    1.17499995
   10.83055592    0.67400002    1.21399999
   10.83138847    0.67400002    1.23300004
   10.83222198    0.69300002    1.27199996
   10.83305550    0.71300000    1.30999994
   10.83388901    0.73199999    1.33000004
   10.83472157    0.73199999    1.34899998
   10.83555508    0.75099999    1.36800003
   10.83638859    0.77100003    1.38699996
   10.83722210    0.77100003    1.42600000
   10.83805561    0.79000002    1.44500005
   10.83888817    0.80900002    1.46500003
   10.83972168    0.82800001    1.46500003
   10.84055519    0.84799999    1.48399997
   10.84138870    0.86699998    1.48399997
   10.84222221    0.86699998    1.50300002
   10.84333324    0.88599998    1.50300002
   10.84388828    0.86699998    1.50300002
   10.84444427    0.82800001    1.50300002
   10.84499931    0.77100003    1.50300002
   10.84555531    0.77100003    1.50300002
   10.84611034    0.75099999    1.50300002
   10.84666634    0.75099999    1.50300002
   10.84722233    0.75099999    1.50300002
   10.84777737    0.73199999    1.50300002
   10.84833336    0.75099999    1.50300002
   10.84888840    0.75099999    1.52199996
   10.84944439    0.73199999    1.50300002
   10.85000038    0.73199999    1.50300002
   10.85055637    0.73199999    1.50300002
   10.85111141    0.75099999    1.50300002
   10.85305595    0.75099999    1.52199996
   10.85361195    0.75099999    1.52199996
   10.85444450    0.75099999    1.52199996
   10.85500050    0.75099999    1.52199996
   10.85583401    0.77100003    1.52199996
   10.85666752    0.77100003    1.52199996
   10.85722256    0.77100003    1.52199996
   10.85805607    0.77100003    1.52199996
   10.85888958    0.79000002    1.52199996
   10.85944462    0.77100003    1.52199996
   10.86027813    0.77100003    1.52199996
   10.86333370    0.79000002    1.52199996
   10.86416721    0.79000002    1.54200006
   10.86472225    0.79000002    1.52199996
   10.86555576    0.79000002    1.54200006
   10.86638927    0.80900002    1.54200006
   10.86722279    0.80900002    1.54200006
   10.86777782    0.80900002    1.54200006
   10.86861134    0.80900002    1.54200006
   10.86888885    0.80900002    1.54200006
   10.87083340    0.82800001    1.54200006
   10.87111092    0.82800001    1.54200006
   10.87166691    0.80900002    1.54200006
   10.87222195    0.82800001    1.54200006
   10.87277794    0.82800001    1.54200006
   10.87527752    0.82800001    1.56099999
   10.87555599    0.82800001    1.56099999
   10.87611103    0.82800001    1.56099999
   10.87666702    0.82800001    1.56099999
   10.87694454    0.82800001    1.56099999
   10.87750053    0.82800001    1.56099999
   10.87805557    0.84799999    1.56099999
   10.87861156    0.82800001    1.56099999
   10.87888908    0.82800001    1.56099999
   10.87944412    0.84799999    1.56099999
   10.88138866    0.84799999    1.56099999
   10.88333321    0.84799999    1.56099999
   10.88388920    0.84799999    1.56099999
   10.88444424    0.86699998    1.58000004
   10.88472176    0.84799999    1.58000004
   10.88527775    0.86699998    1.56099999
   10.88583279    0.86699998    1.58000004
   10.88777733    0.86699998    1.58000004
   10.88944435    0.86699998    1.58000004
   10.89000034    0.86699998    1.58000004
   10.89055538    0.86699998    1.58000004
   10.89111137    0.88599998    1.58000004
   10.89138889    0.86699998    1.58000004
   10.89194393    0.88599998    1.60000002
   10.89472198    0.88599998    1.60000002
   10.89833355    0.90600002    1.60000002
   10.89888859    0.90600002    1.60000002
   10.89944458    0.90600002    1.60000002
   10.89972210    0.88599998    1.60000002
   10.90222168    0.90600002    1.60000002
   10.90416622    0.90600002    1.60000002
   10.90472221    0.90600002    1.60000002
   10.90527725    0.90600002    1.60000002
   10.90583324    0.92500001    1.60000002
   10.90611076    0.90600002    1.60000002
   10.90666676    0.90600002    1.61899996
   10.90916634    0.92500001    1.61899996
   10.91472149    0.94400001    1.61899996
   10.91666698    0.94400001    1.63800001
   10.91722298    0.94400001    1.63800001
   10.91777802    0.94400001    1.61899996
   10.91805553    0.94400001    1.61899996
   10.91861153    0.94400001    1.63800001
   10.91916656    0.96300000    1.63800001
   10.91972256    0.94400001    1.61899996
   10.92000008    0.96300000    1.63800001
   10.92055607    0.94400001    1.63800001
   10.92111111    0.94400001    1.63800001
   10.92138958    0.96300000    1.63800001
   10.92194462    0.94400001    1.63800001
   10.92250061    0.96300000    1.63800001
   10.92277813    0.96300000    1.63800001
   10.92333412    0.96300000    1.63800001
   10.92388916    0.96300000    1.63800001
   10.92444515    0.96300000    1.63800001
   10.92472267    0.96300000    1.63800001
   10.92555618    0.96300000    1.65699995
   10.92583370    0.96300000    1.63800001
   10.92666721    0.96300000    1.65699995
   10.92694473    0.96300000    1.63800001
   10.92750072    0.98299998    1.63800001
   10.92805576    0.96300000    1.63800001
   10.92861176    0.98299998    1.63800001
   10.92916679    0.98299998    1.65699995
   10.92972279    0.96300000    1.65699995
   10.93000031    0.98299998    1.65699995
   10.93055630    0.98299998    1.65699995
   10.93083382    0.98299998    1.63800001
   10.93138885    0.98299998    1.65699995
   10.93166733    0.98299998    1.65699995
   10.93222237    0.98299998    1.65699995
   10.93277836    0.98299998    1.65699995
   10.93333340    0.98299998    1.65699995
   10.93388939    0.98299998    1.65699995
   10.93416691    1.00199997    1.65699995
   10.93472195    0.98299998    1.65699995
   10.93500042    1.00199997    1.65699995
   10.93555546    0.98299998    1.65699995
   10.93611145    0.98299998    1.65699995
   10.93638897    1.00199997    1.67700005
   10.93694496    1.00199997    1.67700005
   10.93750000    1.00199997    1.65699995
   10.93805599    0.98299998    1.65699995
   10.93861103    0.98299998    1.65699995
   10.93916702    0.98299998    1.65699995
   10.93944454    0.98299998    1.65699995
   10.94000053    1.00199997    1.67700005
   10.94250011    1.00199997    1.67700005
   10.94444466    1.00199997    1.67700005
   10.94499969    1.00199997    1.67700005
   10.94527817    1.00199997    1.67700005
   10.94583321    1.00199997    1.67700005
   10.94611073    1.00199997    1.67700005
   10.94666672    1.02100003    1.67700005
   10.94722271    1.00199997    1.67700005
   10.94777775    1.00199997    1.67700005
   10.94833374    1.00199997    1.67700005
   10.95166683    1.02100003    1.67700005
   10.95361137    1.02100003    1.67700005
   10.95416641    1.02100003    1.69599998
   10.95444393    1.00199997    1.67700005
   10.95527744    1.02100003    1.67700005
   10.95583344    1.02100003    1.67700005
   10.95638847    1.02100003    1.69599998
   10.95833302    1.02100003    1.69599998
   10.96000004    1.02100003    1.69599998
   10.96055508    1.02100003    1.69599998
   10.96111107    1.02100003    1.69599998
   10.96138859    1.02100003    1.69599998
   10.96194458    1.02100003    1.69599998
   10.96249962    1.02100003    1.69599998
   10.96444416    1.02100003    1.69599998
   10.96638870    1.02100003    1.69599998
   10.96666622    1.02100003    1.69599998
   10.96722221    1.03999996    1.69599998
   10.96777725    1.02100003    1.69599998
   10.96833324    1.03999996    1.69599998
   10.96888828    1.02100003    1.69599998
   10.97138882    1.03999996    1.71500003
   10.97527695    1.03999996    1.71500003
   10.97722149    1.03999996    1.71500003
   10.97777748    1.03999996    1.71500003
   10.97833252    1.03999996    1.71500003
   10.97861099    1.03999996    1.71500003
   10.97916603    1.03999996    1.71500003
   10.97972202    1.03999996    1.71500003
   10.98222160    1.03999996    1.71500003
   10.98611164    1.03999996    1.71500003
   10.98694515    1.03999996    1.73399997
   10.98722267    1.03999996    1.75399995
   10.98972225    1.03999996    1.75399995
   10.99027824    1.03999996    1.75399995
   10.99055576    1.05999994    1.75399995
   10.99111176    1.03999996    1.73399997
   10.99166679    1.03999996    1.75399995
   10.99222279    1.03999996    1.75399995
   10.99277782    1.03999996    1.75399995
   10.99333382    1.03999996    1.73399997
   10.99361134    1.03999996    1.75399995
   10.99416733    1.03999996    1.75399995
   10.99611092    1.05999994    1.75399995
   10.99805546    1.03999996    1.75399995
   10.99861145    1.03999996    1.75399995
   10.99916649    1.03999996    1.75399995
   10.99972248    1.03999996    1.75399995
   11.00000000    1.03999996    1.75399995
   11.00055599    1.03999996    1.75399995
   11.00249958    1.03999996    1.75399995
   11.00444412    1.03999996    1.75399995
   11.00500011    1.03999996    1.75399995
   11.00555515    1.03999996    1.77300000
   11.00611115    1.03999996    1.77300000
   11.00666714    1.03999996    1.77300000
   11.00916672    1.03999996    1.77300000
   11.01305580    1.03999996    1.77300000
   11.01500034    1.03999996    1.77300000
   11.01555538    1.03999996    1.77300000
   11.01611137    1.03999996    1.77300000
   11.01638889    1.03999996    1.77300000
   11.01722240    1.03999996    1.77300000
   11.01749992    1.03999996    1.77300000
   11.02027798    1.02100003    1.77300000
   11.02583313    1.02100003    1.79200006
   11.02777767    1.02100003    1.79200006
   11.02833271    1.02100003    1.79200006
   11.02888870    1.03999996    1.79200006
   11.02916622    1.02100003    1.79200006
   11.02972221    1.02100003    1.79200006
   11.03027725    1.02100003    1.79200006
   11.03055573    1.02100003    1.79200006
   11.03111076    1.02100003    1.81200004
   11.03166676    1.02100003    1.79200006
   11.03222179    1.02100003    1.81200004
   11.03249931    1.02100003    1.81200004
   11.03305531    1.02100003    1.79200006
   11.03361130    1.02100003    1.79200006
   11.03388977    1.02100003    1.79200006
   11.03444481    1.02100003    1.79200006
   11.03472233    1.02100003    1.81200004
   11.03527832    1.02100003    1.79200006
   11.03583336    1.02100003    1.81200004
   11.03638935    1.02100003    1.81200004
   11.03666687    1.02100003    1.81200004
   11.03722286    1.02100003    1.81200004
   11.03777790    1.02100003    1.81200004
   11.03805637    1.02100003    1.81200004
   11.03861141    1.02100003    1.81200004
   11.03916740    1.02100003    1.81200004
   11.03944492    1.00199997    1.81200004
   11.04000092    1.02100003    1.81200004
   11.04055595    1.00199997    1.81200004
   11.04083347    1.02100003    1.81200004
   11.04138947    1.02100003    1.81200004
   11.04166698    1.02100003    1.81200004
   11.04222298    1.00199997    1.83099997
   11.04277802    1.02100003    1.81200004
   11.04305553    1.00199997    1.83099997
   11.04361153    1.00199997    1.83099997
   11.04416752    1.02100003    1.83099997
   11.04444504    1.00199997    1.81200004
   11.04500008    1.00199997    1.81200004
   11.04527855    1.00199997    1.83099997
   11.04583359    1.00199997    1.83099997
   11.04638958    1.02100003    1.83099997
   11.04694462    1.00199997    1.83099997
   11.04722309    1.00199997    1.83099997
   11.04777813    1.00199997    1.83099997
   11.04833412    1.00199997    1.81200004
   11.04861164    1.00199997    1.83099997
   11.04916668    1.00199997    1.83099997
   11.04944515    1.00199997    1.81200004
   11.05000019    1.00199997    1.83099997
   11.05055618    1.00199997    1.83099997
   11.05083370    1.00199997    1.83099997
   11.05333328    1.00199997    1.83099997
   11.05527782    0.98299998    1.83099997
   11.05583382    0.98299998    1.83099997
   11.05611134    0.98299998    1.83099997
   11.05666733    1.00199997    1.85000002
   11.05722237    0.98299998    1.83099997
   11.05749989    1.00199997    1.83099997
   11.05805588    0.98299998    1.85000002
   11.05861092    1.00199997    1.85000002
   11.05888939    1.00199997    1.85000002
   11.06250000    0.98299998    1.85000002
   11.06444454    1.00199997    1.85000002
   11.06472206    0.98299998    1.85000002
   11.06527805    0.98299998    1.85000002
   11.06583309    0.98299998    1.85000002
   11.06611156    0.98299998    1.85000002
   11.06666660    0.98299998    1.85000002
   11.06861115    0.98299998    1.85000002
   11.07055569    0.96300000    1.85000002
   11.07083321    0.96300000    1.85000002
   11.07138920    0.96300000    1.85000002
   11.07194424    0.96300000    1.85000002
   11.07222176    0.98299998    1.85000002
   11.07277775    0.96300000    1.85000002
   11.07472229    0.96300000    1.85000002
   11.07666683    0.96300000    1.85000002
   11.07722187    0.98299998    1.86899996
   11.07777786    0.96300000    1.85000002
   11.07833290    0.96300000    1.85000002
   11.07888889    0.96300000    1.85000002
   11.08138847    0.96300000    1.86899996
   11.08555508    0.96300000    1.86899996
   11.08749962    0.94400001    1.86899996
   11.08777714    0.96300000    1.86899996
   11.08861065    0.94400001    1.86899996
   11.08916664    0.94400001    1.86899996
   11.08944416    0.94400001    1.86899996
   11.09000015    0.94400001    1.86899996
   11.09249973    0.94400001    1.88900006
   11.09666634    0.94400001    1.88900006
   11.09722233    0.94400001    1.88900006
   11.09777737    0.92500001    1.88900006
   11.10027790    0.94400001    1.88900006
   11.10055637    0.92500001    1.90799999
   11.10111141    0.94400001    1.88900006
   11.10166740    0.92500001    1.88900006
   11.10222244    0.92500001    1.88900006
   11.10249996    0.92500001    1.88900006
   11.10305595    0.92500001    1.90799999
   11.10361195    0.92500001    1.88900006
   11.10388947    0.92500001    1.90799999
   11.10444450    0.92500001    1.88900006
   11.10638905    0.92500001    1.90799999
   11.10833359    0.92500001    1.90799999
   11.10861111    0.90600002    1.90799999
   11.10916710    0.92500001    1.90799999
   11.10972214    0.92500001    1.90799999
   11.11027813    0.92500001    1.90799999
   11.11083412    0.90600002    1.90799999
   11.11277771    0.90600002    1.90799999
   11.11472225    0.90600002    1.90799999
   11.11500072    0.90600002    1.90799999
   11.11555576    0.90600002    1.90799999
   11.11611176    0.90600002    1.90799999
   11.11666679    0.90600002    1.90799999
   11.11722279    0.90600002    1.90799999
   11.11972237    0.90600002    1.90799999
   11.12361145    0.88599998    1.92700005
   11.12555599    0.88599998    1.92700005
   11.12611103    0.90600002    1.92700005
   11.12666702    0.88599998    1.92700005
   11.12694454    0.90600002    1.92700005
   11.12750053    0.88599998    1.92700005
   11.12805557    0.88599998    1.92700005
   11.13055611    0.88599998    1.92700005
   11.13638878    0.86699998    1.92700005
   11.13833332    0.86699998    1.94700003
   11.13888836    0.86699998    1.94700003
   11.13916683    0.86699998    1.94700003
   11.13972187    0.86699998    1.94700003
   11.14027786    0.88599998    1.94700003
   11.14055538    0.86699998    1.94700003
   11.14111137    0.86699998    1.94700003
   11.14166641    0.86699998    1.94700003
   11.14222240    0.86699998    1.94700003
   11.14249992    0.86699998    1.94700003
   11.14305496    0.86699998    1.94700003
   11.14361095    0.86699998    1.94700003
   11.14388847    0.86699998    1.94700003
   11.14444447    0.86699998    1.94700003
   11.14499950    0.86699998    1.94700003
   11.14527798    0.86699998    1.94700003
   11.14583302    0.86699998    1.92700005
   11.14638901    0.86699998    1.94700003
   11.14666653    0.86699998    1.94700003
   11.14722252    0.86699998    1.94700003
   11.14777756    0.86699998    1.94700003
   11.14833355    0.84799999    1.94700003
   11.14861107    0.86699998    1.94700003
   11.14916611    0.86699998    1.94700003
   11.14944458    0.84799999    1.94700003
   11.14999962    0.86699998    1.94700003
   11.15027714    0.84799999    1.94700003
   11.15083313    0.84799999    1.94700003
   11.15111065    0.84799999    1.94700003
   11.15166664    0.84799999    1.96599996
   11.15222168    0.84799999    1.94700003
   11.15277767    0.86699998    1.94700003
   11.15305519    0.84799999    1.96599996
   11.15361118    0.84799999    1.96599996
   11.15416622    0.84799999    1.94700003
   11.15444374    0.84799999    1.96599996
   11.15499973    0.84799999    1.96599996
   11.15555477    0.84799999    1.96599996
   11.15583324    0.84799999    1.96599996
   11.15638828    0.84799999    1.96599996
   11.15694427    0.84799999    1.96599996
   11.15749931    0.84799999    1.96599996
   11.15805531    0.82800001    1.96599996
   11.15833282    0.82800001    1.96599996
   11.15888882    0.82800001    1.96599996
   11.15916634    0.82800001    1.96599996
   11.15972137    0.82800001    1.96599996
   11.16027737    0.84799999    1.96599996
   11.16083336    0.84799999    1.96599996
   11.16111088    0.82800001    1.96599996
   11.16166592    0.84799999    1.96599996
   11.16416645    0.82800001    1.98500001
   11.16611099    0.84799999    1.98500001
   11.16666698    0.84799999    1.96599996
   11.16722298    0.82800001    1.98500001
   11.16750050    0.82800001    1.98500001
   11.16805553    0.84799999    1.98500001
   11.16833401    0.82800001    1.98500001
   11.16888905    0.82800001    1.98500001
   11.16916656    0.82800001    1.96599996
   11.16972256    0.82800001    1.96599996
   11.17333412    0.80900002    1.98500001
   11.17527771    0.80900002    1.98500001
   11.17555618    0.80900002    1.98500001
   11.17611122    0.80900002    1.98500001
   11.17666721    0.80900002    1.98500001
   11.17694473    0.80900002    1.98500001
   11.17750072    0.82800001    1.98500001
   11.17944431    0.80900002    1.98500001
   11.18166733    0.80900002    1.98500001
   11.18194485    0.80900002    1.98500001
   11.18249989    0.80900002    1.98500001
   11.18305588    0.80900002    1.98500001
   11.18333340    0.80900002    1.98500001
   11.18388939    0.79000002    1.98500001
   11.18583298    0.79000002    1.98500001
   11.18777752    0.80900002    2.00399995
   11.18833351    0.80900002    1.98500001
   11.18888855    0.79000002    1.98500001
   11.18944454    0.79000002    1.98500001
   11.18972206    0.79000002    2.00399995
   11.19027805    0.79000002    1.98500001
   11.19277763    0.79000002    2.00399995
   11.19694424    0.79000002    2.00399995
   11.19888878    0.77100003    2.02399993
   11.19944477    0.77100003    2.00399995
   11.19972229    0.77100003    2.00399995
   11.20027733    0.79000002    2.00399995
   11.20083332    0.77100003    2.00399995
   11.20138836    0.77100003    2.00399995
   11.20388889    0.77100003    2.00399995
   11.20805550    0.77100003    2.00399995
   11.20888901    0.75099999    2.02399993
   11.20944405    0.75099999    2.02399993
   11.21166611    0.75099999    2.02399993
   11.21194458    0.75099999    2.02399993
   11.21249962    0.75099999    2.02399993
   11.21305561    0.75099999    2.02399993
   11.21333313    0.75099999    2.02399993
   11.21388912    0.75099999    2.02399993
   11.21444416    0.75099999    2.02399993
   11.21500015    0.75099999    2.02399993
   11.21527767    0.75099999    2.02399993
   11.21583271    0.75099999    2.02399993
   11.21999931    0.75099999    2.02399993
   11.22194386    0.75099999    2.02399993
   11.22249985    0.73199999    2.02399993
   11.22277737    0.75099999    2.02399993
   11.22333336    0.73199999    2.04299998
   11.22388840    0.75099999    2.02399993
   11.22444439    0.73199999    2.02399993
   11.22611046    0.73199999    2.02399993
   11.22805500    0.73199999    2.04299998
   11.22861099    0.73199999    2.04299998
   11.22888851    0.73199999    2.04299998
   11.22944355    0.73199999    2.04299998
   11.22999954    0.73199999    2.04299998
   11.23027706    0.73199999    2.04299998
   11.23305511    0.73199999    2.04299998
   11.23694515    0.73199999    2.04299998
   11.23888874    0.73199999    2.04299998
   11.23944473    0.71300000    2.04299998
   11.24000072    0.71300000    2.04299998
   11.24027824    0.73199999    2.04299998
   11.24083328    0.71300000    2.04299998
   11.24138927    0.71300000    2.04299998
   11.24388885    0.71300000    2.04299998
   11.24944496    0.69300002    2.04299998
   11.25166702    0.69300002    2.06200004
   11.25194454    0.69300002    2.06200004
   11.25249958    0.69300002    2.06200004
   11.25305557    0.69300002    2.06200004
   11.25333309    0.69300002    2.06200004
   11.25388908    0.71300000    2.06200004
   11.25444412    0.69300002    2.06200004
   11.25472260    0.69300002    2.06200004
   11.25527763    0.69300002    2.06200004
   11.25583363    0.69300002    2.06200004
   11.25638866    0.69300002    2.06200004
   11.25666714    0.71300000    2.06200004
   11.25722218    0.69300002    2.08100009
   11.25777817    0.69300002    2.08100009
   11.25805569    0.69300002    2.08100009
   11.25861073    0.69300002    2.08100009
   11.25916672    0.69300002    2.06200004
   11.25972176    0.69300002    2.06200004
   11.26000023    0.69300002    2.06200004
   11.26055527    0.69300002    2.08100009
   11.26111126    0.69300002    2.06200004
   11.26166630    0.69300002    2.08100009
   11.26222229    0.69300002    2.06200004
   11.26277733    0.69300002    2.06200004
   11.26305580    0.67400002    2.06200004
   11.26361084    0.69300002    2.06200004
   11.26416683    0.67400002    2.08100009
   11.26472187    0.67400002    2.08100009
   11.26500034    0.67400002    2.08100009
   11.26555538    0.67400002    2.08100009
   11.26611137    0.69300002    2.08100009
   11.26638889    0.67400002    2.08100009
   11.26694393    0.67400002    2.08100009
   11.26749992    0.67400002    2.08100009
   11.26805496    0.67400002    2.08100009
   11.26833344    0.69300002    2.08100009
   11.26888847    0.67400002    2.08100009
   11.26944447    0.67400002    2.08100009
   11.26972198    0.67400002    2.08100009
   11.27027798    0.67400002    2.08100009
   11.27083302    0.67400002    2.08100009
   11.27138901    0.67400002    2.08100009
   11.27194405    0.69300002    2.08100009
   11.27222157    0.67400002    2.08100009
   11.27277756    0.67400002    2.08100009
   11.27333355    0.67400002    2.08100009
   11.27388859    0.69300002    2.08100009
   11.27444458    0.67400002    2.10100007
   11.27472210    0.67400002    2.08100009
   11.27722168    0.67400002    2.08100009
   11.27916622    0.67400002    2.08100009
   11.27972221    0.67400002    2.08100009
   11.28027725    0.67400002    2.08100009
   11.28083324    0.67400002    2.10100007
   11.28138828    0.67400002    2.10100007
   11.28166676    0.67400002    2.10100007
   11.28222179    0.67400002    2.10100007
   11.28277779    0.67400002    2.10100007
   11.28305531    0.67400002    2.08100009
   11.28666687    0.67400002    2.10100007
   11.28861141    0.65499997    2.10100007
   11.28916740    0.65499997    2.10100007
   11.28972244    0.67400002    2.10100007
   11.29027843    0.67400002    2.10100007
   11.29083347    0.65499997    2.10100007
   11.29111195    0.67400002    2.10100007
   11.29305553    0.65499997    2.10100007
   11.29500008    0.67400002    2.10100007
   11.29555607    0.65499997    2.10100007
   11.29583359    0.67400002    2.10100007
   11.29638958    0.65499997    2.10100007
   11.29694462    0.67400002    2.10100007
   11.29750061    0.65499997    2.10100007
   11.29944515    0.65499997    2.10100007
   11.30138874    0.65499997    2.10100007
   11.30166721    0.65499997    2.10100007
   11.30222225    0.65499997    2.10100007
   11.30249977    0.65499997    2.10100007
   11.30305576    0.65499997    2.11999989
   11.30361176    0.65499997    2.10100007
   11.30611134    0.65499997    2.10100007
   11.31027794    0.65499997    2.11999989
   11.31222248    0.65499997    2.11999989
   11.31277752    0.65499997    2.11999989
   11.31305599    0.65499997    2.11999989
   11.31361103    0.65499997    2.11999989
   11.31416702    0.65499997    2.11999989
   11.31444454    0.65499997    2.11999989
   11.31694412    0.65499997    2.11999989
   11.32111073    0.65499997    2.11999989
   11.32194424    0.65499997    2.11999989
   11.32222176    0.65499997    2.11999989
   11.32472229    0.65499997    2.11999989
   11.32499981    0.65499997    2.11999989
   11.32555580    0.65499997    2.11999989
   11.32583332    0.65499997    2.11999989
   11.32638836    0.65499997    2.11999989
   11.32694435    0.65499997    2.11999989
   11.32750034    0.65499997    2.13899994
   11.32777786    0.65499997    2.11999989
   11.32833290    0.65499997    2.13899994
   11.32888889    0.65499997    2.11999989
   11.33083344    0.65499997    2.11999989
   11.33277798    0.65499997    2.13899994
   11.33333302    0.65499997    2.13899994
   11.33361053    0.65499997    2.13899994
   11.33416653    0.65499997    2.13899994
   11.33472157    0.65499997    2.13899994
   11.33500004    0.65499997    2.13899994
   11.33694458    0.65499997    2.13899994
   11.33888817    0.65499997    2.13899994
   11.33944416    0.63599998    2.13899994
   11.33972168    0.65499997    2.13899994
   11.34027767    0.63599998    2.13899994
   11.34083271    0.63599998    2.13899994
   11.34111118    0.63599998    2.13899994
   11.34361076    0.63599998    2.13899994
   11.34777737    0.65499997    2.13899994
   11.34972191    0.63599998    2.13899994
   11.35000038    0.65499997    2.13899994
   11.35055637    0.63599998    2.13899994
   11.35083389    0.65499997    2.13899994
   11.35138893    0.63599998    2.13899994
   11.35194492    0.63599998    2.13899994
   11.35222244    0.63599998    2.15899992
   11.35472298    0.63599998    2.13899994
   11.36055565    0.63599998    2.15899992
   11.36250019    0.65499997    2.15899992
   11.36277771    0.65499997    2.15899992
   11.36333370    0.65499997    2.15899992
   11.36388969    0.65499997    2.15899992
   11.36416721    0.63599998    2.15899992
   11.36472225    0.63599998    2.15899992
   11.36527824    0.63599998    2.15899992
   11.36555576    0.63599998    2.15899992
   11.36611176    0.63599998    2.17799997
   11.36666679    0.63599998    2.15899992
   11.36694431    0.65499997    2.15899992
   11.36750031    0.65499997    2.15899992
   11.36777782    0.65499997    2.15899992
   11.36833382    0.65499997    2.15899992
   11.36888885    0.63599998    2.17799997
   11.36916637    0.63599998    2.15899992
   11.36972237    0.65499997    2.15899992
   11.36999989    0.63599998    2.15899992
   11.37055588    0.63599998    2.15899992
   11.37083340    0.65499997    2.15899992
   11.37138939    0.63599998    2.15899992
   11.37194443    0.63599998    2.17799997
   11.37222195    0.63599998    2.15899992
   11.37277794    0.63599998    2.15899992
   11.37333393    0.63599998    2.15899992
   11.37361145    0.63599998    2.15899992
   11.37416649    0.63599998    2.15899992
   11.37472248    0.63599998    2.15899992
   11.37527752    0.63599998    2.15899992
   11.37555599    0.63599998    2.15899992
   11.37611103    0.65499997    2.15899992
   11.37666702    0.63599998    2.15899992
   11.37722206    0.63599998    2.17799997
   11.37750053    0.63599998    2.15899992
   11.37805557    0.63599998    2.15899992
   11.37833309    0.63599998    2.17799997
   11.37888908    0.63599998    2.15899992
   11.37944412    0.63599998    2.15899992
   11.38000011    0.63599998    2.15899992
   11.38027763    0.63599998    2.17799997
   11.38083363    0.63599998    2.17799997
   11.38138866    0.63599998    2.17799997
   11.38194466    0.63599998    2.17799997
   11.38249969    0.63599998    2.15899992
   11.38305569    0.63599998    2.15899992
   11.38333321    0.63599998    2.17799997
   11.38388920    0.65499997    2.15899992
   11.38416672    0.63599998    2.17799997
   11.38472176    0.63599998    2.15899992
   11.38527775    0.63599998    2.17799997
   11.38583279    0.63599998    2.17799997
   11.38805580    0.63599998    2.17799997
   11.39027786    0.63599998    2.17799997
   11.39055538    0.63599998    2.17799997
   11.39111137    0.63599998    2.17799997
   11.39166641    0.63599998    2.17799997
   11.39222240    0.63599998    2.17799997
   11.39249992    0.63599998    2.19700003
   11.39305496    0.63599998    2.17799997
   11.39361095    0.63599998    2.19700003
   11.39388847    0.63599998    2.17799997
   11.39750004    0.63599998    2.17799997
   11.39944458    0.63599998    2.17799997
   11.39972210    0.63599998    2.17799997
   11.40027714    0.63599998    2.19700003
   11.40055561    0.63599998    2.19700003
   11.40111065    0.63599998    2.17799997
   11.40166664    0.63599998    2.19700003
   11.40361118    0.63599998    2.17799997
   11.40555477    0.63599998    2.17799997
   11.40611076    0.63599998    2.17799997
   11.40638828    0.63599998    2.17799997
   11.40694427    0.63599998    2.17799997
   11.40749931    0.63599998    2.17799997
   11.40805531    0.63599998    2.19700003
   11.40999985    0.65499997    2.19700003
   11.41194439    0.65499997    2.19700003
   11.41249943    0.65499997    2.19700003
   11.41277695    0.65499997    2.19700003
   11.41333294    0.65499997    2.19700003
   11.41388893    0.65499997    2.19700003
   11.41444397    0.65499997    2.19700003
   11.41694450    0.65499997    2.19700003
   11.42333412    0.65499997    2.19700003
   11.42611122    0.65499997    2.19700003
   11.42666721    0.65499997    2.21600008
   11.42722225    0.67400002    2.21600008
   11.42750072    0.65499997    2.19700003
   11.43000031    0.67400002    2.19700003
   11.43416691    0.67400002    2.21600008
   11.43500042    0.69300002    2.19700003
   11.43583298    0.67400002    2.19700003
   11.43611145    0.67400002    2.21600008
   11.43833351    0.69300002    2.21600008
   11.43888855    0.67400002    2.21600008
   11.43944454    0.69300002    2.21600008
   11.43972206    0.67400002    2.21600008
   11.44027805    0.69300002    2.21600008
   11.44055557    0.67400002    2.21600008
   11.44111156    0.67400002    2.21600008
   11.44166660    0.67400002    2.21600008
   11.44222260    0.67400002    2.21600008
   11.44277763    0.69300002    2.21600008
   11.44472218    0.67400002    2.21600008
   11.44694424    0.67400002    2.23600006
   11.44722271    0.69300002    2.21600008
   11.44777775    0.67400002    2.21600008
   11.44833374    0.67400002    2.23600006
   11.44888878    0.69300002    2.23600006
   11.45083332    0.69300002    2.21600008
   11.45277786    0.69300002    2.23600006
   11.45305538    0.69300002    2.21600008
   11.45361137    0.69300002    2.23600006
   11.45388889    0.69300002    2.23600006
   11.45444393    0.71300000    2.23600006
   11.45499992    0.71300000    2.21600008
   11.45749950    0.71300000    2.23600006
   11.46166611    0.73199999    2.23600006
   11.46361065    0.75099999    2.23600006
   11.46416664    0.75099999    2.23600006
   11.46472168    0.75099999    2.23600006
   11.46500015    0.75099999    2.23600006
   11.46555519    0.75099999    2.23600006
   11.46611118    0.75099999    2.23600006
   11.46861076    0.75099999    2.23600006
   11.47444439    0.77100003    2.23600006
   11.47638798    0.75099999    2.25500011
   11.47694397    0.75099999    2.23600006
   11.47722149    0.77100003    2.23600006
   11.47777748    0.75099999    2.23600006
   11.47833252    0.75099999    2.23600006
   11.47888851    0.77100003    2.23600006
   11.47916603    0.77100003    2.23600006
   11.47972202    0.75099999    2.23600006
   11.48027706    0.77100003    2.23600006
   11.48055553    0.77100003    2.23600006
   11.48111057    0.77100003    2.23600006
   11.48166656    0.77100003    2.23600006
   11.48222160    0.77100003    2.23600006
   11.48249912    0.77100003    2.23600006
   11.48305511    0.77100003    2.23600006
   11.48361111    0.77100003    2.23600006
   11.48416710    0.77100003    2.25500011
   11.48444462    0.77100003    2.23600006
   11.48500061    0.77100003    2.25500011
   11.48555565    0.79000002    2.23600006
   11.48611164    0.77100003    2.25500011
   11.48666668    0.77100003    2.25500011
   11.48722267    0.77100003    2.23600006
   11.48750019    0.77100003    2.25500011
   11.48805618    0.77100003    2.23600006
   11.48833370    0.77100003    2.23600006
   11.48888874    0.79000002    2.23600006
   11.48944473    0.79000002    2.23600006
   11.48972225    0.77100003    2.23600006
   11.49027824    0.79000002    2.23600006
   11.49083328    0.79000002    2.23600006
   11.49138927    0.79000002    2.23600006
   11.49166679    0.79000002    2.23600006
   11.49222279    0.79000002    2.23600006
   11.49277782    0.79000002    2.25500011
   11.49305534    0.79000002    2.25500011
   11.49361134    0.79000002    2.25500011
   11.49416733    0.79000002    2.25500011
   11.49472237    0.79000002    2.25500011
   11.49499989    0.79000002    2.25500011
   11.49555588    0.79000002    2.25500011
   11.49611092    0.79000002    2.25500011
   11.49666691    0.79000002    2.25500011
   11.49694443    0.77100003    2.23600006
   11.49750042    0.79000002    2.25500011
   11.49805546    0.79000002    2.25500011
   11.49833393    0.77100003    2.25500011
   11.49888897    0.79000002    2.25500011
   11.49944496    0.77100003    2.25500011
   11.50194454    0.79000002    2.25500011
   11.50416660    0.79000002    2.25500011
   11.50444412    0.77100003    2.25500011
   11.50500011    0.77100003    2.25500011
   11.50555515    0.79000002    2.25500011
   11.50611115    0.79000002    2.27399993
   11.50638866    0.79000002    2.27399993
   11.50694466    0.79000002    2.25500011
   11.50749969    0.79000002    2.27399993
   11.51083374    0.79000002    2.25500011
   11.51277733    0.80900002    2.25500011
   11.51333332    0.80900002    2.27399993
   11.51361084    0.80900002    2.25500011
   11.51416683    0.80900002    2.25500011
   11.51472187    0.80900002    2.25500011
   11.51527786    0.80900002    2.25500011
   11.51694393    0.80900002    2.25500011
   11.51916599    0.82800001    2.25500011
   11.51944447    0.82800001    2.27399993
   11.51999950    0.82800001    2.27399993
   11.52055550    0.82800001    2.27399993
   11.52083302    0.82800001    2.27399993
   11.52138901    0.82800001    2.27399993
   11.52333355    0.84799999    2.29399991
   11.52527714    0.82800001    2.27399993
   11.52555561    0.82800001    2.27399993
   11.52611065    0.84799999    2.27399993
   11.52666664    0.82800001    2.27399993
   11.52694416    0.84799999    2.27399993
   11.52750015    0.84799999    2.27399993
   11.52999973    0.84799999    2.27399993
   11.53416729    0.84799999    2.27399993
   11.53611183    0.86699998    2.27399993
   11.53666687    0.84799999    2.27399993
   11.53722286    0.86699998    2.27399993
   11.53750038    0.86699998    2.27399993
   11.53805637    0.86699998    2.27399993
   11.53861141    0.86699998    2.27399993
   11.54111195    0.86699998    2.27399993
   11.54555607    0.88599998    2.27399993
   11.54611111    0.88599998    2.29399991
   11.54694462    0.88599998    2.27399993
   11.54722309    0.88599998    2.27399993
   11.54972267    0.88599998    2.27399993
   11.55000019    0.88599998    2.27399993
   11.55055618    0.88599998    2.27399993
   11.55111122    0.88599998    2.27399993
   11.55166721    0.88599998    2.27399993
   11.55194473    0.88599998    2.29399991
   11.55249977    0.88599998    2.27399993
   11.55305576    0.88599998    2.29399991
   11.55333328    0.88599998    2.29399991
   11.55388927    0.88599998    2.27399993
   11.55583382    0.88599998    2.29399991
   11.55805588    0.88599998    2.29399991
   11.55861092    0.88599998    2.29399991
   11.55888939    0.88599998    2.29399991
   11.55944443    0.88599998    2.29399991
   11.56000042    0.88599998    2.29399991
   11.56194496    0.86699998    2.29399991
   11.56388950    0.86699998    2.29399991
   11.56416702    0.86699998    2.29399991
   11.56472206    0.86699998    2.29399991
   11.56527805    0.86699998    2.29399991
   11.56583309    0.88599998    2.29399991
   11.56611156    0.86699998    2.29399991
   11.56888866    0.88599998    2.29399991
   11.57277775    0.88599998    2.31299996
   11.57472229    0.86699998    2.29399991
   11.57527733    0.86699998    2.31299996
   11.57583332    0.86699998    2.31299996
   11.57638836    0.86699998    2.29399991
   11.57666683    0.86699998    2.29399991
   11.57722187    0.86699998    2.31299996
   11.57972240    0.86699998    2.31299996
   11.58555508    0.86699998    2.31299996
   11.58749962    0.86699998    2.31299996
   11.58777714    0.86699998    2.31299996
   11.58833313    0.86699998    2.29399991
   11.58888817    0.86699998    2.31299996
   11.58944416    0.86699998    2.29399991
   11.58972168    0.86699998    2.31299996
   11.59027767    0.86699998    2.31299996
   11.59083271    0.86699998    2.29399991
   11.59138870    0.86699998    2.31299996
   11.59166622    0.86699998    2.31299996
   11.59222221    0.86699998    2.31299996
   11.59277725    0.86699998    2.31299996
   11.59333324    0.86699998    2.31299996
   11.59361076    0.86699998    2.31299996
   11.59416676    0.86699998    2.31299996
   11.59472179    0.86699998    2.29399991
   11.59499931    0.86699998    2.31299996
   11.59555531    0.86699998    2.31299996
   11.59611034    0.86699998    2.31299996
   11.59638882    0.86699998    2.31299996
   11.59694386    0.86699998    2.31299996
   11.59749985    0.86699998    2.31299996
   11.59805489    0.88599998    2.31299996
   11.59833336    0.88599998    2.31299996
   11.59888840    0.88599998    2.31299996
   11.59944439    0.88599998    2.31299996
   11.60000038    0.88599998    2.31299996
   11.60027790    0.88599998    2.31299996
   11.60083389    0.88599998    2.31299996
   11.60138893    0.88599998    2.31299996
   11.60194492    0.88599998    2.31299996
   11.60249996    0.88599998    2.31299996
   11.60305595    0.88599998    2.31299996
   11.60333347    0.90600002    2.31299996
   11.60388947    0.88599998    2.31299996
   11.60444450    0.88599998    2.31299996
   11.60500050    0.90600002    2.31299996
   11.60555553    0.90600002    2.31299996
   11.60583401    0.88599998    2.31299996
   11.60638905    0.90600002    2.31299996
   11.60694504    0.90600002    2.31299996
   11.60750008    0.90600002    2.31299996
   11.60805607    0.90600002    2.33200002
   11.60833359    0.90600002    2.31299996
   11.60888958    0.90600002    2.31299996
   11.60944462    0.90600002    2.33200002
   11.60972214    0.90600002    2.31299996
   11.61027813    0.90600002    2.33200002
   11.61083412    0.90600002    2.31299996
   11.61333370    0.90600002    2.31299996
   11.61555576    0.90600002    2.31299996
   11.61611176    0.90600002    2.33200002
   11.61638927    0.90600002    2.33200002
   11.61694431    0.92500001    2.33200002
   11.61750031    0.90600002    2.33200002
   11.61805534    0.90600002    2.33200002
   11.61833382    0.92500001    2.33200002
   11.61888885    0.90600002    2.33200002
   11.62222195    0.90600002    2.33200002
   11.62416649    0.88599998    2.33200002
   11.62472248    0.90600002    2.33200002
   11.62500000    0.88599998    2.33200002
   11.62555599    0.88599998    2.33200002
   11.62611103    0.88599998    2.33200002
   11.62666702    0.88599998    2.33200002
   11.62861156    0.86699998    2.33200002
   11.63055611    0.86699998    2.33200002
   11.63111115    0.84799999    2.33200002
   11.63166714    0.84799999    2.33200002
   11.63194466    0.84799999    2.33200002
   11.63249969    0.86699998    2.33200002
   11.63305569    0.84799999    2.33200002
   11.63500023    0.84799999    2.33200002
   11.63694477    0.82800001    2.33200002
   11.63722229    0.84799999    2.33200002
   11.63777733    0.82800001    2.33200002
   11.63833332    0.82800001    2.35100007
   11.63888836    0.82800001    2.35100007
   11.63916683    0.82800001    2.33200002
   11.64194393    0.82800001    2.33200002
   11.64583302    0.82800001    2.33200002
   11.64777756    0.84799999    2.33200002
   11.64833355    0.84799999    2.33200002
   11.64888859    0.84799999    2.33200002
   11.64944458    0.84799999    2.33200002
   11.64999962    0.84799999    2.33200002
   11.65055561    0.86699998    2.33200002
   11.65277767    0.84799999    2.35100007
   11.65694427    0.84799999    2.35100007
   11.65777779    0.84799999    2.35100007
   11.65805531    0.82800001    2.33200002
   11.66055489    0.84799999    2.35100007
   11.66111088    0.84799999    2.35100007
   11.66166592    0.84799999    2.35100007
   11.66194439    0.84799999    2.35100007
   11.66249943    0.84799999    2.35100007
   11.66305542    0.84799999    2.33200002
   11.66361046    0.84799999    2.35100007
   11.66388893    0.84799999    2.35100007
   11.66444397    0.84799999    2.33200002
   11.66499996    0.84799999    2.35100007
   11.66694450    0.84799999    2.35100007
   11.66888905    0.86699998    2.35100007
   11.66944504    0.86699998    2.35100007
   11.66972256    0.84799999    2.35100007
   11.67027855    0.84799999    2.35100007
   11.67083359    0.84799999    2.35100007
   11.67138958    0.84799999    2.35100007
   11.67333412    0.82800001    2.35100007
   11.67527771    0.82800001    2.35100007
   11.67583370    0.84799999    2.35100007
   11.67611122    0.84799999    2.37100005
   11.67666721    0.82800001    2.35100007
   11.67722225    0.84799999    2.35100007
   11.67777824    0.82800001    2.35100007
   11.68027782    0.80900002    2.37100005
   11.68416691    0.79000002    2.37100005
   11.68611145    0.77100003    2.37100005
   11.68666649    0.77100003    2.37100005
   11.68722248    0.77100003    2.37100005
   11.68750000    0.75099999    2.37100005
   11.68805599    0.75099999    2.37100005
   11.68861103    0.77100003    2.35100007
   11.69111156    0.75099999    2.37100005
   11.69694424    0.75099999    2.37100005
   11.69888878    0.75099999    2.37100005
   11.69916630    0.75099999    2.37100005
   11.69972229    0.75099999    2.37100005
   11.70027733    0.75099999    2.37100005
   11.70083332    0.75099999    2.37100005
   11.70111084    0.75099999    2.35100007
   11.70166683    0.75099999    2.37100005
   11.70222187    0.75099999    2.35100007
   11.70249939    0.75099999    2.37100005
   11.70305538    0.75099999    2.37100005
   11.70361137    0.75099999    2.35100007
   11.70388889    0.75099999    2.37100005
   11.70444393    0.75099999    2.37100005
   11.70499992    0.75099999    2.37100005
   11.70527744    0.75099999    2.37100005
   11.70583344    0.73199999    2.37100005
   11.70638847    0.73199999    2.37100005
   11.70666695    0.75099999    2.37100005
   11.70722198    0.75099999    2.37100005
   11.70777798    0.75099999    2.37100005
   11.70805550    0.75099999    2.37100005
   11.70861053    0.75099999    2.35100007
   11.70916653    0.75099999    2.37100005
   11.70944405    0.75099999    2.37100005
   11.71000004    0.75099999    2.37100005
   11.71027756    0.75099999    2.37100005
   11.71083355    0.75099999    2.37100005
   11.71138859    0.75099999    2.37100005
   11.71194458    0.75099999    2.37100005
   11.71222210    0.75099999    2.37100005
   11.71277714    0.75099999    2.37100005
   11.71305561    0.75099999    2.37100005
   11.71361065    0.75099999    2.37100005
   11.71416664    0.75099999    2.37100005
   11.71472168    0.75099999    2.37100005
   11.71527767    0.75099999    2.37100005
   11.71555519    0.75099999    2.37100005
   11.71611118    0.75099999    2.37100005
   11.71666622    0.75099999    2.37100005
   11.71722221    0.75099999    2.37100005
   11.71749973    0.75099999    2.37100005
   11.71805477    0.75099999    2.39000010
   11.71861076    0.75099999    2.37100005
   11.71916580    0.75099999    2.37100005
   11.71944427    0.75099999    2.37100005
   11.71999931    0.73199999    2.37100005
   11.72027779    0.73199999    2.39000010
   11.72083282    0.73199999    2.37100005
   11.72138882    0.75099999    2.37100005
   11.72194386    0.75099999    2.37100005
   11.72444439    0.73199999    2.37100005
   11.72666645    0.73199999    2.37100005
   11.72722149    0.73199999    2.37100005
   11.72749996    0.73199999    2.39000010
   11.72805500    0.73199999    2.39000010
   11.72861099    0.73199999    2.37100005
   11.72916603    0.73199999    2.39000010
   11.72944355    0.71300000    2.37100005
   11.72999954    0.71300000    2.37100005
   11.73361111    0.71300000    2.37100005
   11.73555565    0.71300000    2.39000010
   11.73583317    0.69300002    2.39000010
   11.73638916    0.69300002    2.39000010
   11.73694515    0.69300002    2.39000010
   11.73750019    0.71300000    2.39000010
   11.73777771    0.69300002    2.39000010
   11.73972225    0.69300002    2.37100005
   11.74194431    0.67400002    2.39000010
   11.74222279    0.69300002    2.39000010
   11.74277782    0.67400002    2.39000010
   11.74305534    0.67400002    2.39000010
   11.74361134    0.69300002    2.39000010
   11.74416733    0.67400002    2.39000010
   11.74611092    0.69300002    2.39000010
   11.74777794    0.67400002    2.39000010
   11.74833393    0.69300002    2.39000010
   11.74888897    0.69300002    2.39000010
   11.74944496    0.69300002    2.39000010
   11.74972248    0.69300002    2.39000010
   11.75027752    0.69300002    2.39000010
   11.75277805    0.71300000    2.39000010
   11.75694466    0.69300002    2.39000010
   11.75888920    0.69300002    2.39000010
   11.75944424    0.69300002    2.39000010
   11.76000023    0.69300002    2.39000010
   11.76027775    0.69300002    2.39000010
   11.76083374    0.69300002    2.39000010
   11.76138878    0.69300002    2.39000010
   11.76388931    0.69300002    2.40899992
   11.76805496    0.67400002    2.39000010
   11.76888847    0.67400002    2.40899992
   11.76944447    0.67400002    2.40899992
   11.77194405    0.67400002    2.40899992
   11.77250004    0.67400002    2.40899992
   11.77277756    0.67400002    2.39000010
   11.77333355    0.67400002    2.39000010
   11.77388859    0.69300002    2.39000010
   11.77416611    0.67400002    2.39000010
   11.77472210    0.69300002    2.40899992
   11.77527714    0.67400002    2.40899992
   11.77555561    0.69300002    2.39000010
   11.77611065    0.67400002    2.39000010
   11.77805519    0.69300002    2.40899992
   11.77999973    0.67400002    2.39000010
   11.78055573    0.69300002    2.39000010
   11.78111076    0.67400002    2.40899992
   11.78138828    0.69300002    2.40899992
   11.78194427    0.69300002    2.39000010
   11.78249931    0.69300002    2.40899992
   11.78444481    0.69300002    2.40899992
   11.78666687    0.71300000    2.40899992
   11.78694534    0.71300000    2.40899992
   11.78750038    0.69300002    2.40899992
   11.78805637    0.69300002    2.40899992
   11.78833389    0.71300000    2.40899992
   11.78888893    0.71300000    2.40899992
   11.79166698    0.71300000    2.40899992
   11.79583359    0.71300000    2.40899992
   11.79777813    0.71300000    2.40899992
   11.79805565    0.71300000    2.42799997
   11.79861164    0.69300002    2.40899992
   11.79916668    0.71300000    2.40899992
   11.79944515    0.71300000    2.40899992
   11.80000019    0.69300002    2.40899992
   11.80277824    0.69300002    2.40899992
   11.80861092    0.65499997    2.40899992
   11.81055546    0.63599998    2.42799997
   11.81111145    0.61600000    2.40899992
   11.81166649    0.61600000    2.42799997
   11.81194496    0.61600000    2.40899992
   11.81250000    0.61600000    2.42799997
   11.81277752    0.61600000    2.40899992
   11.81333351    0.61600000    2.40899992
   11.81388950    0.59700000    2.42799997
   11.81416702    0.59700000    2.42799997
   11.81472206    0.59700000    2.40899992
   11.81527805    0.59700000    2.42799997
   11.81555557    0.59700000    2.40899992
   11.81611156    0.59700000    2.40899992
   11.81666660    0.57800001    2.42799997
   11.81694412    0.57800001    2.42799997
   11.81750011    0.57800001    2.42799997
   11.81777763    0.57800001    2.42799997
   11.81833363    0.57800001    2.42799997
   11.81861115    0.57800001    2.42799997
   11.81916618    0.57800001    2.40899992
   11.81972218    0.57800001    2.42799997
   11.82027817    0.57800001    2.40899992
   11.82083321    0.57800001    2.42799997
   11.82111073    0.57800001    2.40899992
   11.82166672    0.57800001    2.42799997
   11.82222176    0.57800001    2.42799997
   11.82250023    0.55900002    2.44799995
   11.82305527    0.57800001    2.42799997
   11.82361126    0.55900002    2.42799997
   11.82388878    0.57800001    2.42799997
   11.82444477    0.55900002    2.42799997
   11.82499981    0.55900002    2.44799995
   11.82527733    0.55900002    2.42799997
   11.82583332    0.55900002    2.42799997
   11.82638836    0.55900002    2.42799997
   11.82694435    0.55900002    2.42799997
   11.82722187    0.55900002    2.42799997
   11.82777786    0.55900002    2.42799997
   11.82833290    0.55900002    2.42799997
   11.82861137    0.55900002    2.42799997
   11.82916641    0.55900002    2.42799997
   11.82972240    0.55900002    2.42799997
   11.83027744    0.55900002    2.42799997
   11.83055592    0.55900002    2.40899992
   11.83111095    0.53899997    2.42799997
   11.83166695    0.55900002    2.40899992
   11.83222198    0.53899997    2.42799997
   11.83277798    0.53899997    2.42799997
   11.83305550    0.53899997    2.42799997
   11.83361053    0.53899997    2.42799997
   11.83611107    0.53899997    2.42799997
   11.83805561    0.53899997    2.42799997
   11.83861065    0.53899997    2.42799997
   11.83916664    0.53899997    2.42799997
   11.83944416    0.53899997    2.42799997
   11.84000015    0.53899997    2.42799997
   11.84055519    0.53899997    2.42799997
   11.84111118    0.53899997    2.42799997
   11.84138870    0.53899997    2.42799997
   11.84194374    0.55900002    2.42799997
   11.84555531    0.53899997    2.42799997
   11.84749985    0.53899997    2.44799995
   11.84805489    0.53899997    2.44799995
   11.84861088    0.53899997    2.42799997
   11.84888840    0.53899997    2.42799997
   11.84944439    0.51999998    2.44799995
   11.85000038    0.53899997    2.42799997
   11.85194492    0.53899997    2.44799995
   11.85388947    0.51999998    2.44799995
   11.85444450    0.53899997    2.44799995
   11.85472298    0.53899997    2.44799995
   11.85527802    0.51999998    2.42799997
   11.85583401    0.51999998    2.44799995
   11.85638905    0.51999998    2.42799997
   11.85833359    0.51999998    2.44799995
   11.86027813    0.51999998    2.44799995
   11.86083412    0.51999998    2.44799995
   11.86138916    0.51999998    2.44799995
   11.86166668    0.51999998    2.44799995
   11.86222267    0.51999998    2.44799995
   11.86277771    0.50099999    2.44799995
   11.86555576    0.50099999    2.44799995
   11.86999989    0.50099999    2.44799995
   11.87194443    0.50099999    2.44799995
   11.87222195    0.50099999    2.44799995
   11.87277794    0.50099999    2.46700001
   11.87333393    0.50099999    2.44799995
   11.87361145    0.50099999    2.42799997
   11.87416649    0.50099999    2.44799995
   11.87666702    0.50099999    2.44799995
   11.87722206    0.50099999    2.44799995
   11.87750053    0.48100001    2.46700001
   11.87805557    0.48100001    2.44799995
   11.87861156    0.48100001    2.46700001
   11.87916660    0.48100001    2.44799995
   11.87944412    0.48100001    2.46700001
   11.88000011    0.48100001    2.46700001
   11.88055611    0.48100001    2.46700001
   11.88111115    0.48100001    2.44799995
   11.88138866    0.48100001    2.44799995
   11.88194466    0.48100001    2.46700001
   11.88249969    0.48100001    2.44799995
   11.88305569    0.48100001    2.44799995
   11.88333321    0.48100001    2.46700001
   11.88388920    0.48100001    2.46700001
   11.88416672    0.48100001    2.44799995
   11.88472176    0.48100001    2.46700001
   11.88527775    0.48100001    2.44799995
   11.88805580    0.48100001    2.46700001
   11.89222240    0.48100001    2.46700001
   11.89277744    0.48100001    2.46700001
   11.89333344    0.48100001    2.46700001
   11.89583302    0.48100001    2.44799995
   11.89638901    0.48100001    2.44799995
   11.89666653    0.48100001    2.46700001
   11.89722252    0.48100001    2.46700001
   11.89777756    0.48100001    2.46700001
   11.89805508    0.48100001    2.46700001
   11.89861107    0.48100001    2.44799995
   11.89916611    0.48100001    2.46700001
   11.89944458    0.48100001    2.46700001
   11.89999962    0.48100001    2.46700001
   11.90055561    0.48100001    2.46700001
   11.90111065    0.48100001    2.46700001
   11.90138817    0.48100001    2.46700001
   11.90194416    0.48100001    2.46700001
   11.90249920    0.48100001    2.46700001
   11.90277767    0.48100001    2.46700001
   11.90333271    0.48100001    2.46700001
   11.90388870    0.48100001    2.46700001
   11.90444374    0.48100001    2.44799995
   11.90638828    0.48100001    2.46700001
   11.90861034    0.48100001    2.44799995
   11.90888882    0.48100001    2.46700001
   11.90944386    0.48100001    2.46700001
   11.90972137    0.48100001    2.46700001
   11.91027737    0.48100001    2.46700001
   11.91083336    0.48100001    2.46700001
   11.91111088    0.48100001    2.46700001
   11.91166592    0.48100001    2.46700001
   11.91222191    0.48100001    2.46700001
   11.91277695    0.48100001    2.46700001
   11.91305542    0.48100001    2.46700001
   11.91361046    0.48100001    2.46700001
   11.91416645    0.48100001    2.46700001
   11.91444397    0.48100001    2.46700001
   11.91499996    0.48100001    2.48600006
   11.91694450    0.48100001    2.46700001
   11.91916656    0.48100001    2.46700001
   11.91944504    0.48100001    2.48600006
   11.92000008    0.48100001    2.46700001
   11.92027855    0.48100001    2.46700001
   11.92083359    0.48100001    2.48600006
   11.92138958    0.48100001    2.48600006
   11.92194462    0.48100001    2.48600006
   11.92222214    0.48100001    2.46700001
   11.92277813    0.48100001    2.46700001
   11.92333412    0.48100001    2.46700001
   11.92388916    0.48100001    2.46700001
   11.92416668    0.48100001    2.46700001
   11.92472267    0.48100001    2.46700001
   11.92527771    0.48100001    2.46700001
   11.92583370    0.48100001    2.46700001
   11.92833328    0.48100001    2.46700001
   11.93249989    0.48100001    2.46700001
   11.93444443    0.46200001    2.46700001
   11.93500042    0.46200001    2.46700001
   11.93555546    0.46200001    2.46700001
   11.93583298    0.48100001    2.46700001
   11.93638897    0.46200001    2.46700001
   11.93694496    0.48100001    2.48600006
   11.93750000    0.48100001    2.46700001
   11.93777752    0.46200001    2.46700001
   11.93833351    0.46200001    2.46700001
   11.93888855    0.46200001    2.48600006
   11.93944454    0.46200001    2.46700001
   11.94000053    0.48100001    2.46700001
   11.94055557    0.48100001    2.46700001
   11.94083309    0.46200001    2.46700001
   11.94361115    0.46200001    2.46700001
   11.94944477    0.46200001    2.46700001
   11.95138836    0.46200001    2.46700001
   11.95166683    0.46200001    2.48600006
   11.95222187    0.46200001    2.46700001
   11.95277786    0.46200001    2.48600006
   11.95305538    0.46200001    2.46700001
   11.95361137    0.46200001    2.48600006
   11.95416641    0.46200001    2.46700001
   11.95444393    0.46200001    2.46700001
   11.95499992    0.46200001    2.46700001
   11.95555496    0.46200001    2.46700001
   11.95611095    0.46200001    2.48600006
   11.95638847    0.46200001    2.46700001
   11.95694447    0.46200001    2.48600006
   11.95749950    0.46200001    2.46700001
   11.95805550    0.46200001    2.46700001
   11.95833302    0.46200001    2.46700001
   11.95888901    0.46200001    2.48600006
   11.95944405    0.46200001    2.46700001
   11.95972157    0.46200001    2.46700001
   11.96027756    0.46200001    2.46700001
   11.96083355    0.46200001    2.46700001
   11.96111107    0.46200001    2.48600006
   11.96166611    0.46200001    2.46700001
   11.96222210    0.46200001    2.48600006
   11.96249962    0.46200001    2.46700001
   11.96305561    0.46200001    2.46700001
   11.96333313    0.46200001    2.48600006
   11.96388912    0.46200001    2.46700001
   11.96444416    0.46200001    2.48600006
   11.96472168    0.46200001    2.46700001
   11.96527767    0.46200001    2.48600006
   11.96583271    0.46200001    2.48600006
   11.96638870    0.46200001    2.48600006
   11.96666622    0.46200001    2.46700001
   11.96722221    0.46200001    2.48600006
   11.96749973    0.46200001    2.48600006
   11.96805477    0.46200001    2.48600006
   11.96861076    0.46200001    2.48600006
   11.96916580    0.46200001    2.48600006
   11.96944427    0.46200001    2.48600006
   11.96999931    0.46200001    2.46700001
   11.97055531    0.46200001    2.48600006
   11.97111034    0.46200001    2.48600006
   11.97138882    0.46200001    2.48600006
   11.97194386    0.46200001    2.48600006
   11.97249985    0.46200001    2.48600006
   11.97277737    0.46200001    2.48600006
   11.97333336    0.46200001    2.48600006
   11.97388840    0.46200001    2.46700001
   11.97444439    0.46200001    2.48600006
   11.97472191    0.46200001    2.48600006
   11.97749996    0.44299999    2.48600006
   11.97944355    0.46200001    2.48600006
   11.97972202    0.44299999    2.48600006
   11.98027706    0.46200001    2.48600006
   11.98083305    0.44299999    2.48600006
   11.98111057    0.44299999    2.48600006
   11.98166656    0.44299999    2.48600006
   11.98222160    0.44299999    2.48600006
   11.98277760    0.44299999    2.48600006
   11.98333359    0.46200001    2.48600006
   11.98666668    0.44299999    2.48600006
   11.98861122    0.46200001    2.48600006
   11.98916721    0.44299999    2.48600006
   11.98972225    0.44299999    2.48600006
   11.99000072    0.46200001    2.48600006
   11.99055576    0.44299999    2.48600006
   11.99111176    0.44299999    2.48600006
   11.99138927    0.46200001    2.48600006
   11.99194431    0.46200001    2.48600006
   11.99250031    0.44299999    2.48600006
   11.99277782    0.46200001    2.48600006
   11.99361134    0.46200001    2.48600006
   11.99388885    0.46200001    2.48600006
   11.99444485    0.46200001    2.50600004
   11.99499989    0.44299999    2.48600006
   11.99527836    0.46200001    2.48600006
   11.99750042    0.46200001    2.48600006
   11.99944496    0.44299999    2.50600004
   12.00000000    0.46200001    2.50600004
   12.00055599    0.46200001    2.48600006
   12.00111103    0.46200001    2.48600006
   12.00166702    0.46200001    2.48600006
   12.00194454    0.46200001    2.48600006
   12.00249958    0.44299999    2.48600006
   12.00305557    0.44299999    2.50600004
   12.00361156    0.46200001    2.48600006
   12.00388908    0.46200001    2.50600004
   12.00444412    0.44299999    2.48600006
   12.00500011    0.46200001    2.50600004
   12.00555515    0.46200001    2.48600006
   12.00583363    0.44299999    2.48600006
   12.00805569    0.44299999    2.48600006
   12.00972176    0.46200001    2.48600006
   12.01027775    0.44299999    2.50600004
   12.01083374    0.44299999    2.50600004
   12.01138878    0.44299999    2.50600004
   12.01194477    0.44299999    2.50600004
   12.01249981    0.46200001    2.50600004
   12.01277733    0.44299999    2.48600006
   12.01333332    0.44299999    2.48600006
   12.01416683    0.44299999    2.48600006
   12.01444435    0.44299999    2.48600006
   12.01500034    0.44299999    2.48600006
   12.01555538    0.44299999    2.50600004
   12.01611137    0.44299999    2.50600004
   12.01638889    0.44299999    2.48600006
   12.01916599    0.44299999    2.48600006
   12.02361107    0.46200001    2.50600004
   12.02555561    0.44299999    2.50600004
   12.02583313    0.44299999    2.48600006
   12.02638817    0.44299999    2.48600006
   12.02694416    0.46200001    2.50600004
   12.02722168    0.46200001    2.50600004
   12.02777767    0.44299999    2.50600004
   12.02833271    0.44299999    2.48600006
   12.02888870    0.44299999    2.48600006
   12.02944374    0.44299999    2.48600006
   12.02972221    0.44299999    2.50600004
   12.03027725    0.44299999    2.50600004
   12.03083324    0.44299999    2.50600004
   12.03138828    0.44299999    2.50600004
   12.03194427    0.44299999    2.50600004
   12.03444481    0.44299999    2.50600004
   12.03861141    0.46200001    2.50600004
   12.03916740    0.44299999    2.50600004
   12.03972244    0.44299999    2.50600004
   12.04222298    0.44299999    2.50600004
   12.04250050    0.44299999    2.50600004
   12.04305553    0.44299999    2.50600004
   12.04361153    0.46200001    2.50600004
   12.04416752    0.44299999    2.50600004
   12.04472256    0.44299999    2.50600004
   12.04500008    0.44299999    2.50600004
   12.04555607    0.46200001    2.50600004
   12.04611111    0.44299999    2.50600004
   12.04638958    0.44299999    2.50600004
   12.04694462    0.44299999    2.50600004
   12.04750061    0.44299999    2.50600004
   12.04805565    0.44299999    2.50600004
   12.04833412    0.44299999    2.50600004
   12.04888916    0.44299999    2.50600004
   12.04972267    0.46200001    2.50600004
   12.05027771    0.44299999    2.50600004
   12.05055618    0.44299999    2.50600004
   12.05277824    0.46200001    2.50600004
   12.05472279    0.44299999    2.50600004
   12.05527782    0.46200001    2.50600004
   12.05555534    0.44299999    2.52500010
   12.05611134    0.44299999    2.50600004
   12.05666733    0.44299999    2.50600004
   12.05722237    0.46200001    2.50600004
   12.05777836    0.46200001    2.50600004
   12.05805588    0.44299999    2.50600004
   12.05861092    0.44299999    2.50600004
   12.05916691    0.46200001    2.50600004
   12.05944443    0.46200001    2.50600004
   12.06000042    0.44299999    2.52500010
   12.06055546    0.44299999    2.50600004
   12.06083393    0.46200001    2.50600004
   12.06138897    0.46200001    2.50600004
   12.06333351    0.46200001    2.50600004
   12.06527805    0.44299999    2.52500010
   12.06583309    0.44299999    2.52500010
   12.06638908    0.46200001    2.50600004
   12.06694412    0.44299999    2.50600004
   12.06750011    0.44299999    2.50600004
   12.06777763    0.46200001    2.50600004
   12.06833363    0.44299999    2.50600004
   12.06888866    0.44299999    2.50600004
   12.06916618    0.44299999    2.50600004
   12.06972218    0.44299999    2.50600004
   12.07027817    0.46200001    2.50600004
   12.07055569    0.46200001    2.50600004
   12.07111073    0.46200001    2.50600004
   12.07166672    0.44299999    2.50600004
   12.07222176    0.44299999    2.52500010
   12.07472229    0.46200001    2.52500010
   12.07916641    0.44299999    2.50600004
   12.08111095    0.44299999    2.52500010
   12.08138847    0.44299999    2.52500010
   12.08194447    0.44299999    2.52500010
   12.08249950    0.46200001    2.52500010
   12.08305550    0.44299999    2.52500010
   12.08333302    0.44299999    2.52500010
   12.08388901    0.44299999    2.52500010
   12.08444405    0.44299999    2.52500010
   12.08472157    0.44299999    2.52500010
   12.08527756    0.44299999    2.54399991
   12.08583260    0.44299999    2.52500010
   12.08638859    0.44299999    2.52500010
   12.08694458    0.44299999    2.52500010
   12.08722210    0.44299999    2.50600004
   12.08777714    0.44299999    2.52500010
   12.09055519    0.44299999    2.50600004
   12.09611034    0.46200001    2.52500010
   12.09805489    0.46200001    2.52500010
   12.09861088    0.46200001    2.52500010
   12.09916592    0.46200001    2.52500010
   12.09944439    0.46200001    2.52500010
   12.10000038    0.46200001    2.52500010
   12.10055637    0.46200001    2.52500010
   12.10111141    0.46200001    2.52500010
   12.10138893    0.46200001    2.52500010
   12.10194492    0.46200001    2.52500010
   12.10222244    0.46200001    2.52500010
   12.10277843    0.46200001    2.50600004
   12.10333347    0.46200001    2.52500010
   12.10361195    0.46200001    2.52500010
   12.10416698    0.46200001    2.52500010
   12.10472298    0.46200001    2.52500010
   12.10527802    0.46200001    2.52500010
   12.10555553    0.46200001    2.52500010
   12.10611153    0.46200001    2.52500010
   12.10666752    0.46200001    2.52500010
   12.10694504    0.46200001    2.52500010
   12.10750008    0.46200001    2.50600004
   12.10777855    0.46200001    2.52500010
   12.10833359    0.46200001    2.52500010
   12.10861111    0.46200001    2.54399991
   12.10916710    0.46200001    2.52500010
   12.10972214    0.46200001    2.50600004
   12.11000061    0.46200001    2.52500010
   12.11055565    0.46200001    2.52500010
   12.11111164    0.46200001    2.52500010
   12.11138916    0.46200001    2.52500010
   12.11194515    0.46200001    2.52500010
   12.11222267    0.46200001    2.52500010
   12.11277771    0.46200001    2.52500010
   12.11305618    0.46200001    2.52500010
   12.11361122    0.46200001    2.52500010
   12.11416721    0.46200001    2.52500010
   12.11444473    0.46200001    2.52500010
   12.11500072    0.46200001    2.54399991
   12.11555576    0.46200001    2.52500010
   12.11611176    0.46200001    2.52500010
   12.11666679    0.46200001    2.52500010
   12.11694431    0.46200001    2.52500010
   12.11750031    0.46200001    2.52500010
   12.11777782    0.46200001    2.52500010
   12.11833382    0.46200001    2.52500010
   12.11888885    0.46200001    2.52500010
   12.11944485    0.46200001    2.52500010
   12.11999989    0.46200001    2.52500010
   12.12027836    0.46200001    2.54399991
   12.12083340    0.44299999    2.54399991
   12.12138939    0.46200001    2.54399991
   12.12388897    0.44299999    2.52500010
   12.12611103    0.44299999    2.54399991
   12.12666702    0.44299999    2.52500010
   12.12722206    0.44299999    2.52500010
   12.12750053    0.44299999    2.52500010
   12.12805557    0.44299999    2.52500010
   12.12861156    0.44299999    2.54399991
   12.12888908    0.44299999    2.54399991
   12.12944412    0.44299999    2.52500010
   12.12972260    0.44299999    2.52500010
   12.13333321    0.44299999    2.54399991
   12.13527775    0.44299999    2.54399991
   12.13583279    0.44299999    2.54399991
   12.13638878    0.44299999    2.52500010
   12.13666630    0.44299999    2.54399991
   12.13722229    0.44299999    2.52500010
   12.13777733    0.44299999    2.54399991
   12.13833332    0.44299999    2.54399991
   12.13888836    0.44299999    2.52500010
   12.13916683    0.44299999    2.52500010
   12.13972187    0.44299999    2.52500010
   12.14027786    0.44299999    2.54399991
   12.14083290    0.44299999    2.52500010
   12.14111137    0.44299999    2.54399991
   12.14166641    0.44299999    2.54399991
   12.14222240    0.44299999    2.54399991
   12.14416695    0.44299999    2.54399991
   12.14638901    0.44299999    2.54399991
   12.14666653    0.44299999    2.54399991
   12.14722252    0.44299999    2.54399991
   12.14777756    0.44299999    2.54399991
   12.14833355    0.44299999    2.54399991
   12.14861107    0.44299999    2.54399991
   12.14916611    0.44299999    2.54399991
   12.14972210    0.44299999    2.54399991
   12.14999962    0.44299999    2.54399991
   12.15055561    0.44299999    2.54399991
   12.15111065    0.44299999    2.54399991
   12.15138817    0.44299999    2.54399991
   12.15194416    0.44299999    2.54399991
   12.15249920    0.44299999    2.54399991
   12.15305519    0.44299999    2.54399991
   12.15499973    0.44299999    2.54399991
   12.15694427    0.44299999    2.54399991
   12.15722179    0.44299999    2.54399991
   12.15777779    0.44299999    2.52500010
   12.15805531    0.44299999    2.54399991
   12.15861034    0.44299999    2.54399991
   12.15916634    0.44299999    2.54399991
   12.15972137    0.44299999    2.54399991
   12.15999985    0.44299999    2.54399991
   12.16055489    0.44299999    2.54399991
   12.16111088    0.44299999    2.54399991
   12.16166592    0.44299999    2.54399991
   12.16194439    0.44299999    2.54399991
   12.16249943    0.44299999    2.56299996
   12.16305542    0.44299999    2.54399991
   12.16361046    0.44299999    2.54399991
   12.16611099    0.44299999    2.54399991
   12.17055607    0.46200001    2.54399991
   12.17277813    0.46200001    2.54399991
   12.17305565    0.46200001    2.54399991
   12.17361164    0.44299999    2.54399991
   12.17416668    0.46200001    2.54399991
   12.17444515    0.46200001    2.54399991
   12.17500019    0.44299999    2.54399991
   12.17555618    0.46200001    2.56299996
   12.17611122    0.46200001    2.54399991
   12.17638874    0.44299999    2.54399991
   12.17694473    0.44299999    2.54399991
   12.17722225    0.46200001    2.54399991
   12.17777824    0.46200001    2.52500010
   12.17833328    0.46200001    2.54399991
   12.17861176    0.44299999    2.54399991
   12.17916679    0.46200001    2.54399991
   12.18194485    0.44299999    2.54399991
   12.18583298    0.44299999    2.54399991
   12.18666649    0.44299999    2.54399991
   12.18694496    0.44299999    2.54399991
   12.18944454    0.44299999    2.54399991
   12.19000053    0.42399999    2.54399991
   12.19055557    0.42399999    2.54399991
   12.19083309    0.42399999    2.54399991
   12.19138908    0.42399999    2.54399991
   12.19194412    0.42399999    2.54399991
   12.19250011    0.42399999    2.56299996
   12.19277763    0.42399999    2.54399991
   12.19333363    0.42399999    2.54399991
   12.19388866    0.42399999    2.56299996
   12.19444466    0.42399999    2.54399991
   12.19472218    0.42399999    2.54399991
   12.19527817    0.44299999    2.56299996
   12.19583321    0.42399999    2.54399991
   12.19611073    0.44299999    2.56299996
   12.19666672    0.44299999    2.56299996
   12.19722271    0.42399999    2.54399991
   12.19777775    0.42399999    2.54399991
   12.19805527    0.42399999    2.54399991
   12.20027733    0.44299999    2.56299996
   12.20222187    0.42399999    2.54399991
   12.20249939    0.44299999    2.56299996
   12.20305538    0.42399999    2.56299996
   12.20361137    0.42399999    2.56299996
   12.20388889    0.42399999    2.56299996
   12.20444393    0.42399999    2.56299996
   12.20499992    0.42399999    2.54399991
   12.20555496    0.42399999    2.54399991
   12.20583344    0.42399999    2.56299996
   12.20638847    0.42399999    2.56299996
   12.20694447    0.44299999    2.56299996
   12.20722198    0.42399999    2.56299996
   12.20777798    0.42399999    2.56299996
   12.20833302    0.42399999    2.56299996
   12.20861053    0.42399999    2.56299996
   12.21083355    0.42399999    2.54399991
   12.21277714    0.42399999    2.56299996
   12.21333313    0.42399999    2.56299996
   12.21361065    0.42399999    2.56299996
   12.21416664    0.44299999    2.56299996
   12.21472168    0.42399999    2.56299996
   12.21500015    0.44299999    2.56299996
   12.21555519    0.44299999    2.54399991
   12.21611118    0.42399999    2.56299996
   12.21666622    0.42399999    2.56299996
   12.21722221    0.42399999    2.54399991
   12.21777725    0.44299999    2.56299996
   12.21805477    0.42399999    2.56299996
   12.21861076    0.44299999    2.56299996
   12.21916580    0.42399999    2.56299996
   12.22166634    0.44299999    2.56299996
   12.22611046    0.42399999    2.56299996
   12.22777748    0.44299999    2.56299996
   12.22833252    0.42399999    2.56299996
   12.22888851    0.42399999    2.56299996
   12.22916603    0.44299999    2.56299996
   12.22972202    0.42399999    2.56299996
   12.23027706    0.42399999    2.56299996
   12.23083305    0.42399999    2.56299996
   12.23111057    0.42399999    2.56299996
   12.23166656    0.42399999    2.56299996
   12.23222160    0.44299999    2.56299996
   12.23277760    0.44299999    2.56299996
   12.23305511    0.44299999    2.56299996
   12.23361111    0.44299999    2.56299996
   12.23416710    0.44299999    2.56299996
   12.23444462    0.44299999    2.56299996
   12.23722267    0.44299999    2.56299996
   12.24305534    0.44299999    2.56299996
   12.24499989    0.44299999    2.56299996
   12.24555588    0.44299999    2.56299996
   12.24611092    0.44299999    2.56299996
   12.24638939    0.44299999    2.56299996
   12.24694443    0.44299999    2.56299996
   12.24722290    0.44299999    2.56299996
   12.24777794    0.44299999    2.56299996
   12.24833393    0.44299999    2.56299996
   12.24861145    0.42399999    2.56299996
   12.24916649    0.42399999    2.56299996
   12.24972248    0.42399999    2.56299996
   12.25000000    0.42399999    2.56299996
   12.25055599    0.42399999    2.56299996
   12.25083351    0.42399999    2.56299996
   12.25138855    0.42399999    2.56299996
   12.25194454    0.42399999    2.56299996
   12.25222206    0.42399999    2.56299996
   12.25277805    0.42399999    2.56299996
   12.25305557    0.42399999    2.56299996
   12.25361156    0.42399999    2.56299996
   12.25416660    0.42399999    2.56299996
   12.25444412    0.42399999    2.56299996
   12.25500011    0.42399999    2.56299996
   12.25555515    0.42399999    2.56299996
   12.25583363    0.42399999    2.56299996
   12.25638866    0.42399999    2.56299996
   12.25694466    0.42399999    2.56299996
   12.25722218    0.42399999    2.58299994
   12.25777817    0.42399999    2.56299996
   12.25833321    0.42399999    2.56299996
   12.25888920    0.42399999    2.56299996
   12.25916672    0.42399999    2.56299996
   12.25972176    0.42399999    2.56299996
   12.26027775    0.42399999    2.56299996
   12.26083374    0.42399999    2.56299996
   12.26111126    0.42399999    2.56299996
   12.26166630    0.42399999    2.56299996
   12.26222229    0.42399999    2.56299996
   12.26249981    0.42399999    2.56299996
   12.26305580    0.40400001    2.56299996
   12.26361084    0.40400001    2.56299996
   12.26416683    0.40400001    2.56299996
   12.26444435    0.40400001    2.58299994
   12.26500034    0.40400001    2.56299996
   12.26555538    0.40400001    2.56299996
   12.26583290    0.40400001    2.56299996
   12.26638889    0.40400001    2.56299996
   12.26694393    0.40400001    2.56299996
   12.26722240    0.40400001    2.58299994
   12.26777744    0.40400001    2.56299996
   12.26833344    0.40400001    2.56299996
   12.27083302    0.40400001    2.58299994
   12.27277756    0.40400001    2.56299996
   12.27305508    0.40400001    2.56299996
   12.27361107    0.40400001    2.58299994
   12.27416611    0.40400001    2.58299994
   12.27472210    0.40400001    2.58299994
   12.27499962    0.38499999    2.56299996
   12.27555561    0.40400001    2.56299996
   12.27583313    0.38499999    2.58299994
   12.27638817    0.40400001    2.56299996
   12.27999973    0.38499999    2.58299994
   12.28194427    0.38499999    2.56299996
   12.28249931    0.38499999    2.58299994
   12.28277779    0.38499999    2.58299994
   12.28333378    0.38499999    2.58299994
   12.28361130    0.38499999    2.58299994
   12.28416729    0.38499999    2.58299994
   12.28472233    0.38499999    2.56299996
   12.28527832    0.38499999    2.58299994
   12.28555584    0.38499999    2.58299994
   12.28611183    0.38499999    2.56299996
   12.28666687    0.38499999    2.56299996
   12.28722286    0.38499999    2.56299996
   12.28750038    0.38499999    2.58299994
   12.28805637    0.38499999    2.56299996
   12.28861141    0.38499999    2.56299996
   12.29055595    0.38499999    2.58299994
   12.29250050    0.38499999    2.58299994
   12.29305553    0.38499999    2.58299994
   12.29361153    0.38499999    2.58299994
   12.29416752    0.38499999    2.58299994
   12.29444504    0.38499999    2.58299994
   12.29500008    0.38499999    2.58299994
   12.29555607    0.38499999    2.58299994
   12.29611111    0.38499999    2.58299994
   12.29638958    0.36600000    2.58299994
   12.29694462    0.38499999    2.56299996
   12.29750061    0.36600000    2.58299994
   12.29777813    0.38499999    2.58299994
   12.29833412    0.38499999    2.58299994
   12.29888916    0.38499999    2.58299994
   12.30083370    0.36600000    2.58299994
   12.30305576    0.36600000    2.58299994
   12.30361176    0.38499999    2.58299994
   12.30388927    0.36600000    2.58299994
   12.30444431    0.38499999    2.58299994
   12.30500031    0.38499999    2.58299994
   12.30527782    0.38499999    2.58299994
   12.30583382    0.38499999    2.56299996
   12.30638885    0.38499999    2.58299994
   12.30694485    0.36600000    2.58299994
   12.30722237    0.38499999    2.58299994
   12.30777836    0.38499999    2.58299994
   12.30833340    0.38499999    2.58299994
   12.30861092    0.38499999    2.58299994
   12.30916691    0.38499999    2.58299994
   12.30972195    0.38499999    2.58299994
   12.31222248    0.38499999    2.58299994
   12.31611156    0.36600000    2.58299994
   12.31666660    0.38499999    2.58299994
   12.31722260    0.38499999    2.60200000
   12.31750011    0.38499999    2.60200000
   12.31805515    0.38499999    2.58299994
   12.32055569    0.38499999    2.60200000
   12.32250023    0.38499999    2.58299994
   12.32305527    0.36600000    2.58299994
   12.32361126    0.38499999    2.58299994
   12.32416630    0.38499999    2.58299994
   12.32444477    0.38499999    2.58299994
   12.32499981    0.38499999    2.58299994
   12.32555580    0.38499999    2.58299994
   12.32583332    0.38499999    2.60200000
   12.32638836    0.38499999    2.60200000
   12.32694435    0.38499999    2.60200000
   12.32750034    0.38499999    2.58299994
   12.32805538    0.38499999    2.58299994
   12.32833290    0.38499999    2.60200000
   12.32888889    0.38499999    2.58299994
   12.32944393    0.38499999    2.58299994
   12.33194447    0.38499999    2.58299994
   12.33416653    0.38499999    2.58299994
   12.33666611    0.38499999    2.58299994
   12.33722210    0.38499999    2.58299994
   12.33777714    0.38499999    2.58299994
   12.34000015    0.36600000    2.58299994
   12.34055519    0.38499999    2.58299994
   12.34111118    0.38499999    2.58299994
   12.34166622    0.38499999    2.58299994
   12.34194374    0.36600000    2.60200000
   12.34249973    0.38499999    2.60200000
   12.34305477    0.38499999    2.58299994
   12.34333324    0.38499999    2.58299994
   12.34388828    0.38499999    2.60200000
   12.34444427    0.36600000    2.60200000
   12.34499931    0.38499999    2.58299994
   12.34555531    0.38499999    2.58299994
   12.34583282    0.38499999    2.58299994
   12.34638882    0.38499999    2.60200000
   12.34694386    0.38499999    2.58299994
   12.34749985    0.38499999    2.60200000
   12.34805489    0.38499999    2.58299994
   12.34861088    0.38499999    2.60200000
   12.35027790    0.38499999    2.58299994
   12.35249996    0.38499999    2.60200000
   12.35305595    0.38499999    2.58299994
   12.35361195    0.38499999    2.60200000
   12.35388947    0.36600000    2.58299994
   12.35444450    0.38499999    2.58299994
   12.35500050    0.38499999    2.58299994
   12.35555553    0.36600000    2.58299994
   12.35583401    0.38499999    2.58299994
   12.35638905    0.38499999    2.58299994
   12.35694504    0.36600000    2.58299994
   12.35750008    0.38499999    2.58299994
   12.35805607    0.38499999    2.58299994
   12.35833359    0.38499999    2.60200000
   12.35888958    0.38499999    2.60200000
   12.36083412    0.36600000    2.58299994
   12.36388969    0.36600000    2.60200000
   12.36472225    0.36600000    2.60200000
   12.36527824    0.36600000    2.58299994
   12.36583328    0.36600000    2.60200000
   12.36666679    0.38499999    2.60200000
   12.36722279    0.36600000    2.58299994
   12.36805534    0.36600000    2.60200000
   12.36861134    0.38499999    2.60200000
   12.36916637    0.36600000    2.60200000
   12.37055588    0.36600000    2.60200000
   12.37250042    0.36600000    2.60200000
   12.37416649    0.36600000    2.60200000
   12.37583351    0.36600000    2.60200000
   12.37750053    0.38499999    2.58299994
   12.37833309    0.36600000    2.60200000
   12.38000011    0.36600000    2.60200000
   12.38222218    0.36600000    2.60200000
   12.38444424    0.36600000    2.62100005
   12.38611126    4.91499996    2.64000010
   12.38777733    4.91499996    2.71799994
   12.38944435    0.19200000    0.80900002
   12.39111137    0.15400000    0.73199999
   12.39277744    0.17299999    0.50099999
   12.39444447    0.15400000    0.40400001
   12.39611053    0.13400000    0.26899999
   12.39777756    0.15400000    0.15400000
   12.39944458    0.15400000    0.03800000
