    HOUR (UT)     SKY TESTER    SUN TESTER
   14.93722248    0.28900000    0.50099999
   14.93861103    4.91499996    2.71799994
   14.94027805    4.91499996    2.69799995
   14.94194412    4.91499996    2.71799994
   14.94361115    4.91499996    2.71799994
   14.94527817    4.91499996    2.69799995
   14.94694424    4.91499996    2.67899990
   14.94861126    4.91499996    2.67899990
   14.95027733    4.91499996    2.66000009
   14.95194435    4.91499996    2.64000010
   14.95361137    4.91499996    2.62100005
   14.95555496    4.91499996    2.62100005
   14.95722198    4.91499996    2.60200000
   14.95888901    4.91499996    2.58299994
   14.96055508    4.91499996    2.54399991
   14.96222210    4.91499996    2.58299994
   14.96388912    4.91499996    2.58299994
   14.96555519    4.91499996    2.58299994
   14.96722221    4.91499996    2.52500010
   14.96888828    4.91499996    2.50600004
   14.97083282    4.91499996    2.56299996
   14.97249985    4.91499996    2.60200000
   14.97416592    4.91499996    2.60200000
   14.97583294    4.91499996    2.62100005
   14.97749996    4.91499996    2.62100005
   14.97888851    4.91499996    2.64000010
   14.98055553    4.91499996    2.66000009
   14.98277760    4.91499996    2.67899990
   14.98444462    4.91499996    2.66000009
   14.98583317    4.91499996    2.66000009
   14.98777771    4.91499996    2.67899990
   14.98805618    4.91499996    2.67899990
   14.99055576    4.91499996    2.67899990
   14.99222279    4.91499996    2.62100005
   14.99333382    4.91499996    2.64000010
   14.99388885    4.91499996    2.64000010
   14.99750042    4.91499996    2.60200000
   15.00138855    4.91499996    2.46700001
   15.00194454    4.91499996    2.46700001
   15.00277805    4.91499996    2.50600004
   15.00388908    4.91499996    2.52500010
   15.00472260    4.91499996    2.52500010
   15.00583363    4.91499996    2.50600004
   15.00694466    4.91499996    2.50600004
   15.00722218    4.91499996    2.52500010
   15.00833321    4.91499996    2.50600004
   15.00916672    4.91499996    2.52500010
   15.01027775    4.91499996    2.54399991
   15.01138878    4.91499996    2.52500010
   15.01222229    4.91499996    2.50600004
   15.01333332    4.91499996    2.48600006
   15.01444435    4.91499996    2.40899992
   15.01527786    4.91499996    2.40899992
   15.01638889    4.91499996    2.42799997
   15.01749992    4.91499996    2.46700001
   15.01833344    4.91499996    2.46700001
   15.01944447    4.91499996    2.39000010
   15.02055550    4.91499996    2.46700001
   15.02138901    4.91499996    2.46700001
   15.02250004    4.91499996    2.52500010
   15.02361107    4.91499996    2.64000010
   15.02444458    4.91499996    2.67899990
   15.02555561    4.91499996    2.66000009
   15.02666664    4.91499996    2.67899990
   15.02750015    4.91499996    2.67899990
   15.02861118    4.91499996    2.67899990
   15.02972221    4.91499996    2.66000009
   15.03055573    4.91499996    2.69799995
   15.03166676    4.91499996    2.67899990
   15.03277779    4.91499996    2.66000009
   15.03361130    4.91499996    2.67899990
   15.03472233    4.91499996    2.66000009
   15.03583336    4.91499996    2.69799995
   15.03666687    4.91499996    2.69799995
   15.03777790    4.91499996    2.69799995
   15.03888893    4.91499996    2.69799995
   15.03972244    4.91499996    2.67899990
   15.04083347    4.91499996    2.67899990
   15.04166698    4.91499996    2.67899990
   15.04277802    4.91499996    2.67899990
   15.04388905    4.91499996    2.64000010
   15.04472256    4.91499996    2.60200000
   15.04583359    4.91499996    2.60200000
   15.04694462    4.91499996    2.54399991
   15.04805565    4.91499996    2.52500010
   15.04888916    4.91499996    2.54399991
   15.05000019    4.91499996    2.64000010
   15.05083370    4.91499996    2.69799995
   15.05194473    4.91499996    2.69799995
   15.05305576    4.91499996    2.69799995
   15.05416679    4.72200012    2.71799994
   15.05500031    4.53000021    2.71799994
   15.05611134    4.53000021    2.71799994
   15.05722237    4.66499996    2.71799994
   15.05805588    4.91499996    2.71799994
   15.05916691    4.91499996    2.71799994
   15.06027794    4.91499996    2.69799995
   15.06111145    4.91499996    2.67899990
   15.06222248    4.91499996    2.67899990
   15.06333351    4.91499996    2.66000009
   15.06416702    4.91499996    2.66000009
   15.06527805    4.91499996    2.66000009
   15.06638908    4.91499996    2.62100005
   15.06722260    4.91499996    2.64000010
   15.06833363    4.91499996    2.64000010
   15.06944466    4.91499996    2.64000010
   15.07027817    4.91499996    2.64000010
   15.07138920    4.91499996    2.66000009
   15.07222176    4.91499996    2.66000009
   15.07333374    4.91499996    2.67899990
   15.07444477    4.91499996    2.67899990
   15.07527733    4.91499996    2.66000009
   15.07638836    4.91499996    2.64000010
   15.07750034    4.91499996    2.64000010
   15.07833290    4.91499996    2.64000010
   15.07944393    4.91499996    2.66000009
   15.08055592    4.91499996    2.66000009
   15.08138847    4.91499996    2.67899990
   15.08249950    4.91499996    2.66000009
   15.08361053    4.91499996    2.67899990
   15.08444405    4.91499996    2.67899990
   15.08555508    4.91499996    2.67899990
   15.08666611    4.91499996    2.67899990
   15.08749962    4.91499996    2.67899990
   15.08861065    4.91499996    2.67899990
   15.08972168    4.91499996    2.66000009
   15.09083271    4.91499996    2.64000010
   15.09166622    4.91499996    2.66000009
   15.09277725    4.91499996    2.66000009
   15.09388828    4.91499996    2.67899990
   15.09472179    4.91499996    2.67899990
   15.09583282    4.91499996    2.67899990
   15.09694386    4.91499996    2.67899990
   15.09805489    4.91499996    2.66000009
   15.09888840    4.91499996    2.66000009
   15.10000038    4.91499996    2.66000009
   15.10111141    4.91499996    2.66000009
   15.10194492    4.91499996    2.66000009
   15.10305595    4.91499996    2.64000010
   15.10416698    4.91499996    2.66000009
   15.10500050    4.83799982    2.67899990
   15.10611153    4.47200012    2.69799995
   15.10694504    4.16300011    2.69799995
   15.10805607    3.97099996    2.69799995
   15.10916710    3.75900006    2.69799995
   15.11000061    3.58500004    2.69799995
   15.11111164    3.56599998    2.69799995
   15.11222267    3.60400009    2.69799995
   15.11305618    3.64299989    2.69799995
   15.11416721    3.64299989    2.69799995
   15.11527824    3.68099999    2.69799995
   15.11638927    3.81599998    2.69799995
   15.11722279    3.99000001    2.69799995
   15.11833382    4.14400005    2.67899990
   15.11916637    4.31799984    2.69799995
   15.12027836    4.43300009    2.67899990
   15.12138939    4.41400003    2.69799995
   15.12222195    4.29799986    2.69799995
   15.12333393    4.12500000    2.69799995
   15.12444496    3.97099996    2.69799995
   15.12527752    3.85500002    2.69799995
   15.12638855    3.81599998    2.71799994
   15.12750053    3.73900008    2.69799995
   15.12833309    3.66199994    2.69799995
   15.12944412    3.66199994    2.69799995
   15.13055611    3.60400009    2.69799995
   15.13138866    4.91499996    2.69799995
   15.13249969    3.41199994    2.71799994
   15.13361073    3.41199994    2.69799995
   15.13444424    3.37299991    2.71799994
   15.13555527    3.31500006    2.71799994
   15.13666630    3.23799992    2.71799994
   15.13777733    3.16100001    2.71799994
   15.13861084    3.10299993    2.73699999
   15.13972187    3.04500008    2.71799994
   15.14055538    3.00699997    2.71799994
   15.14166641    2.98699999    2.71799994
   15.14277744    2.96799994    2.71799994
   15.14388847    2.96799994    2.71799994
   15.14472198    2.94899988    2.71799994
   15.14583302    2.94899988    2.73699999
   15.14694405    2.96799994    2.71799994
   15.14777756    2.98699999    2.71799994
   15.14888859    3.04500008    2.71799994
   15.14999962    3.08400011    2.71799994
   15.15083313    3.12199998    2.71799994
   15.15194416    3.12199998    2.71799994
   15.15305519    3.06500006    2.71799994
   15.15388870    2.98699999    2.71799994
   15.15499973    2.91000009    2.71799994
   15.15611076    2.85299993    2.71799994
   15.15694427    2.77500010    2.71799994
   15.15805531    2.71799994    2.73699999
   15.15916634    2.67899990    2.71799994
   15.15999985    2.69799995    2.71799994
   15.16111088    2.69799995    2.71799994
   15.16222191    2.71799994    2.71799994
   15.16305542    2.75600004    2.71799994
   15.16416645    2.81399989    2.71799994
   15.16527748    2.89100003    2.71799994
   15.16611099    2.91000009    2.71799994
   15.16722298    2.91000009    2.71799994
   15.16833401    2.94899988    2.71799994
   15.16916656    2.98699999    2.71799994
   15.17027855    3.02600002    2.71799994
   15.17138958    3.08400011    2.71799994
   15.17222214    3.16100001    2.69799995
   15.17333412    3.21900010    2.69799995
   15.17416668    3.21900010    2.69799995
   15.17527771    3.21900010    2.69799995
   15.17638874    3.16100001    2.71799994
   15.17722225    3.06500006    2.71799994
   15.17833328    3.04500008    2.71799994
   15.17944431    3.02600002    2.69799995
   15.18027782    3.06500006    2.71799994
   15.18138885    3.08400011    2.71799994
   15.18222237    3.12199998    2.69799995
   15.18333340    3.14199996    2.71799994
   15.18444443    3.14199996    2.69799995
   15.18527794    3.18000007    2.71799994
   15.18638897    3.21900010    2.69799995
   15.18750000    3.23799992    2.71799994
   15.18861103    3.20000005    2.71799994
   15.18944454    3.16100001    2.71799994
   15.19055557    3.10299993    2.69799995
   15.19222260    3.10299993    2.71799994
   15.19333363    3.14199996    2.71799994
   15.19416714    3.23799992    2.71799994
   15.19527817    3.31500006    2.71799994
   15.19611073    3.33400011    2.71799994
   15.19722271    3.45000005    2.69799995
   15.19833374    3.70099998    2.71799994
   15.19944477    3.97099996    2.69799995
   15.20027733    4.14400005    2.67899990
   15.20138836    4.33699989    2.67899990
   15.20249939    4.49100018    2.67899990
   15.20361137    4.54899979    2.69799995
   15.20444393    4.54899979    2.69799995
   15.20555496    4.51000023    2.69799995
   15.20666695    4.47200012    2.69799995
   15.20749950    4.39499998    2.69799995
   15.20861053    4.31799984    2.69799995
   15.20888901    4.29799986    2.69799995
   15.21000004    4.31799984    2.69799995
   15.21111107    4.27899981    2.69799995
   15.21194458    4.26000023    2.69799995
   15.21305561    4.22100019    2.69799995
   15.21416664    4.18300009    2.69799995
   15.21500015    4.12500000    2.67899990
   15.21611118    4.06699991    2.69799995
   15.21722221    4.00899982    2.69799995
   15.21805477    3.93199992    2.71799994
   15.21916580    3.83599997    2.69799995
   15.22027779    3.77800012    2.69799995
   15.22138882    3.73900008    2.69799995
   15.22222137    3.73900008    2.69799995
   15.22333336    3.81599998    2.71799994
   15.22416592    3.93199992    2.71799994
   15.22499943    3.91300011    2.69799995
   15.22611046    3.91300011    2.67899990
   15.22722149    4.00899982    2.67899990
   15.22805500    3.91300011    2.69799995
   15.22916603    3.58500004    2.71799994
   15.23027706    3.31500006    2.71799994
   15.23111057    3.23799992    2.71799994
   15.23222160    3.21900010    2.71799994
   15.23333359    3.21900010    2.69799995
   15.23416710    3.25699997    2.71799994
   15.23527813    3.27699995    2.71799994
   15.23638916    3.27699995    2.69799995
   15.23722267    3.25699997    2.71799994
   15.23833370    3.23799992    2.71799994
   15.23944473    3.20000005    2.69799995
   15.24027824    3.20000005    2.69799995
   15.24138927    3.20000005    2.71799994
   15.24222279    3.21900010    2.71799994
   15.24333382    3.21900010    2.71799994
   15.24444485    3.21900010    2.71799994
   15.24555588    3.23799992    2.71799994
   15.24638939    3.25699997    2.71799994
   15.24750042    3.27699995    2.69799995
   15.24861145    3.31500006    2.71799994
   15.24944496    3.31500006    2.71799994
   15.25055599    3.29600000    2.71799994
   15.25166702    3.33400011    2.69799995
   15.25249958    3.37299991    2.69799995
   15.25361156    3.43099999    2.71799994
   15.25472260    3.48900008    2.69799995
   15.25555515    3.58500004    2.69799995
   15.25666714    3.70099998    2.71799994
   15.25749969    3.85500002    2.71799994
   15.25888920    3.97099996    2.69799995
   15.26000023    4.20200014    2.67899990
   15.26083374    4.45300007    2.69799995
   15.26194477    4.58799982    2.69799995
   15.26305580    4.62599993    2.69799995
   15.26388931    4.68400002    2.69799995
   15.26500034    4.80000019    2.69799995
   15.26611137    4.85699987    2.69799995
   15.26694393    4.87699986    2.67899990
   15.26805496    4.85699987    2.67899990
   15.26916599    4.85699987    2.67899990
   15.26999950    4.83799982    2.67899990
   15.27111053    4.60699987    2.69799995
   15.27222157    4.27899981    2.69799995
   15.27305508    4.04799986    2.69799995
   15.27416611    3.95099998    2.69799995
   15.27527714    3.93199992    2.71799994
   15.27611065    4.02799988    2.71799994
   15.27722168    4.16300011    2.69799995
   15.27833271    4.12500000    2.69799995
   15.27916622    4.12500000    2.69799995
   15.28027725    4.27899981    2.66000009
   15.28138828    4.53000021    2.69799995
   15.28222179    4.66499996    2.69799995
   15.28333378    4.58799982    2.69799995
   15.28444481    4.70300007    2.67899990
   15.28527832    4.91499996    2.69799995
   15.28638935    4.91499996    2.66000009
   15.28750038    4.91499996    2.66000009
   15.28833389    4.91499996    2.64000010
   15.28944492    4.91499996    2.62100005
   15.29055595    4.91499996    2.66000009
   15.29138947    4.91499996    2.66000009
   15.29250050    4.91499996    2.64000010
   15.29361153    4.91499996    2.67899990
   15.29444504    4.91499996    2.66000009
   15.29555607    4.91499996    2.66000009
   15.29666710    4.91499996    2.67899990
   15.29750061    4.91499996    2.69799995
   15.29861164    4.91499996    2.69799995
   15.29972267    4.91499996    2.67899990
   15.30083370    4.91499996    2.67899990
   15.30166721    4.91499996    2.66000009
   15.30277824    4.91499996    2.66000009
   15.30388927    4.91499996    2.67899990
   15.30472279    4.91499996    2.60200000
   15.30583382    4.91499996    2.62100005
   15.30666733    4.91499996    2.62100005
   15.30777836    4.91499996    2.60200000
   15.30888939    4.91499996    2.62100005
   15.30972195    4.91499996    2.62100005
   15.31083393    4.91499996    2.58299994
   15.31194496    4.91499996    2.60200000
   15.31305599    4.91499996    2.64000010
   15.31388950    4.91499996    2.64000010
   15.31500053    4.91499996    2.62100005
   15.31611156    4.91499996    2.66000009
   15.31694412    4.91499996    2.66000009
   15.31805515    4.91499996    2.64000010
   15.31916618    4.91499996    2.58299994
   15.31999969    4.91499996    2.62100005
   15.32111073    4.91499996    2.64000010
   15.32222176    4.91499996    2.62100005
   15.32305527    4.91499996    2.58299994
   15.32416630    4.91499996    2.60200000
   15.32527733    4.91499996    2.60200000
   15.32611084    4.91499996    2.60200000
   15.32722187    4.91499996    2.58299994
   15.32833290    4.91499996    2.54399991
   15.32916641    4.91499996    2.56299996
   15.33027744    4.91499996    2.56299996
   15.33111095    4.91499996    2.56299996
   15.33222198    4.91499996    2.58299994
   15.33333302    4.91499996    2.60200000
   15.33416653    4.91499996    2.58299994
   15.33527756    4.91499996    2.62100005
   15.33638859    4.91499996    2.62100005
   15.33722210    4.91499996    2.60200000
   15.33833313    4.91499996    2.56299996
   15.33944416    4.91499996    2.56299996
   15.34027767    4.91499996    2.56299996
   15.34138870    4.91499996    2.58299994
   15.34249973    4.91499996    2.54399991
   15.34361076    4.91499996    2.50600004
   15.34472179    4.91499996    2.46700001
   15.34555531    4.91499996    2.48600006
   15.34666634    4.91499996    2.46700001
   15.34749985    4.91499996    2.48600006
   15.34861088    4.91499996    2.48600006
   15.34972191    4.91499996    2.46700001
   15.35083389    4.91499996    2.42799997
   15.35166740    4.91499996    2.46700001
   15.35277843    4.91499996    2.44799995
   15.35388947    4.91499996    2.46700001
   15.35472298    4.91499996    2.46700001
   15.35583401    4.91499996    2.50600004
   15.35694504    4.91499996    2.52500010
   15.35777855    4.91499996    2.52500010
   15.35888958    4.91499996    2.52500010
   15.35972214    4.91499996    2.48600006
   15.36083412    4.91499996    2.50600004
   15.36194515    4.91499996    2.50600004
   15.36305618    4.91499996    2.54399991
   15.36388969    4.91499996    2.56299996
   15.36500072    4.91499996    2.58299994
   15.36583328    4.91499996    2.60200000
   15.36694431    4.91499996    2.58299994
   15.36805534    4.91499996    2.54399991
   15.36888885    4.91499996    2.50600004
   15.36999989    4.91499996    2.54399991
   15.37111092    4.91499996    2.54399991
   15.37194443    4.91499996    2.54399991
   15.37305546    4.91499996    2.56299996
   15.37416649    4.91499996    2.56299996
   15.37527752    4.91499996    2.58299994
   15.37611103    4.91499996    2.58299994
   15.37722206    4.91499996    2.58299994
   15.37833309    4.91499996    2.58299994
   15.37916660    4.91499996    2.62100005
   15.38027763    4.91499996    2.62100005
   15.38111115    4.91499996    2.62100005
   15.38222218    4.91499996    2.60200000
   15.38333321    4.91499996    2.64000010
   15.38444424    4.91499996    2.64000010
   15.38527775    4.91499996    2.64000010
   15.38638878    4.91499996    2.64000010
   15.38722229    4.91499996    2.64000010
   15.38833332    4.91499996    2.64000010
   15.38944435    4.91499996    2.64000010
   15.39027786    4.91499996    2.64000010
   15.39138889    4.91499996    2.64000010
   15.39249992    4.91499996    2.64000010
   15.39333344    4.91499996    2.64000010
   15.39444447    4.91499996    2.64000010
   15.39555550    4.91499996    2.62100005
   15.39638901    4.91499996    2.62100005
   15.39750004    4.91499996    2.62100005
   15.39861107    4.91499996    2.62100005
   15.39944458    4.91499996    2.64000010
   15.40055561    4.91499996    2.66000009
   15.40166664    4.91499996    2.62100005
   15.40249920    4.91499996    2.60200000
   15.40361118    4.91499996    2.64000010
   15.40472221    4.91499996    2.62100005
   15.40583324    4.91499996    2.62100005
   15.40666676    4.91499996    2.58299994
   15.40777779    4.91499996    2.62100005
   15.40888882    4.91499996    2.62100005
   15.40972137    4.91499996    2.64000010
   15.41083336    4.91499996    2.62100005
   15.41166592    4.91499996    2.58299994
   15.41277695    4.91499996    2.56299996
   15.41388893    4.91499996    2.50600004
   15.41472149    4.91499996    2.52500010
   15.41583252    4.91499996    2.54399991
   15.41694450    4.91499996    2.54399991
   15.41777802    4.91499996    2.54399991
   15.41888905    4.91499996    2.46700001
   15.42000008    4.91499996    2.46700001
   15.42083359    4.91499996    2.44799995
   15.42194462    4.91499996    2.39000010
   15.42305565    4.91499996    2.39000010
   15.42388916    4.91499996    2.42799997
   15.42500019    4.91499996    2.37100005
   15.42611122    4.91499996    2.39000010
   15.42694473    4.91499996    2.46700001
   15.42805576    4.91499996    2.48600006
   15.42916679    4.91499996    2.48600006
   15.43000031    4.91499996    2.48600006
   15.43111134    4.91499996    2.46700001
   15.43194485    4.91499996    2.46700001
   15.43305588    4.91499996    2.46700001
   15.43416691    4.91499996    2.46700001
   15.43500042    4.91499996    2.46700001
   15.43611145    4.91499996    2.46700001
   15.43722248    4.91499996    2.46700001
   15.43805599    4.91499996    2.48600006
   15.43916702    4.91499996    2.42799997
   15.44027805    4.91499996    2.39000010
   15.44111156    4.91499996    2.44799995
   15.44222260    4.91499996    2.42799997
   15.44333363    4.91499996    2.44799995
   15.44416714    4.91499996    2.44799995
   15.44527817    4.91499996    2.42799997
   15.44611073    4.91499996    2.46700001
   15.44722271    4.91499996    2.48600006
   15.44833374    4.91499996    2.50600004
   15.44916630    4.91499996    2.48600006
   15.45027733    4.91499996    2.50600004
   15.45138836    4.91499996    2.56299996
   15.45222187    4.91499996    2.54399991
   15.45333290    4.91499996    2.56299996
   15.45444393    4.91499996    2.56299996
   15.45527744    4.91499996    2.56299996
   15.45638847    4.91499996    2.56299996
   15.45749950    4.91499996    2.58299994
   15.45833302    4.91499996    2.56299996
   15.45944405    4.91499996    2.58299994
   15.46055508    4.91499996    2.56299996
   15.46138859    4.91499996    2.56299996
   15.46249962    4.91499996    2.56299996
   15.46361065    4.91499996    2.56299996
   15.46444416    4.91499996    2.54399991
   15.46555519    4.91499996    2.52500010
   15.46666622    4.91499996    2.50600004
   15.46749973    4.91499996    2.48600006
   15.46861076    4.91499996    2.48600006
   15.46972179    4.91499996    2.46700001
   15.47055531    4.91499996    2.48600006
   15.47166634    4.91499996    2.48600006
   15.47277737    4.91499996    2.46700001
   15.47388840    4.91499996    2.48600006
   15.47472191    4.91499996    2.54399991
   15.47583294    4.91499996    2.52500010
   15.47694397    4.91499996    2.52500010
   15.47777748    4.91499996    2.54399991
   15.47888851    4.91499996    2.52500010
   15.47972202    4.91499996    2.54399991
   15.48083305    4.91499996    2.52500010
   15.48194408    4.91499996    2.52500010
   15.48277760    4.91499996    2.54399991
   15.48388958    4.91499996    2.52500010
   15.48500061    4.91499996    2.52500010
   15.48583317    4.91499996    2.50600004
   15.48694515    4.91499996    2.50600004
   15.48805618    4.91499996    2.50600004
   15.48888874    4.91499996    2.50600004
   15.49000072    4.91499996    2.50600004
   15.49111176    4.91499996    2.50600004
   15.49194431    4.91499996    2.50600004
   15.49305534    4.91499996    2.52500010
   15.49416733    4.91499996    2.52500010
   15.49499989    4.91499996    2.54399991
   15.49611092    4.91499996    2.52500010
   15.49722290    4.91499996    2.48600006
   15.49805546    4.91499996    2.50600004
   15.49916649    4.91499996    2.52500010
   15.50027752    4.91499996    2.50600004
   15.50111103    4.91499996    2.54399991
   15.50222206    4.91499996    2.54399991
   15.50305557    4.91499996    2.54399991
   15.50416660    4.91499996    2.56299996
   15.50527763    4.91499996    2.56299996
   15.50638866    4.91499996    2.56299996
   15.50722218    4.91499996    2.56299996
   15.50833321    4.91499996    2.56299996
   15.50944424    4.91499996    2.56299996
   15.51027775    4.91499996    2.56299996
   15.51138878    4.91499996    2.60200000
   15.51249981    4.91499996    2.60200000
   15.51333332    4.91499996    2.60200000
   15.51444435    4.91499996    2.60200000
   15.51527786    4.91499996    2.60200000
   15.51638889    4.91499996    2.58299994
   15.51749992    4.91499996    2.56299996
   15.51833344    4.91499996    2.56299996
   15.51944447    4.91499996    2.56299996
   15.52055550    4.91499996    2.54399991
   15.52166653    4.91499996    2.56299996
   15.52250004    4.91499996    2.56299996
   15.52361107    4.91499996    2.52500010
   15.52472210    4.91499996    2.54399991
   15.52555561    4.91499996    2.56299996
   15.52666664    4.91499996    2.54399991
   15.52777767    4.91499996    2.52500010
   15.52861118    4.91499996    2.54399991
   15.52972221    4.91499996    2.54399991
   15.53083324    4.91499996    2.54399991
   15.53166676    4.91499996    2.54399991
   15.53277779    4.91499996    2.56299996
   15.53388977    4.91499996    2.52500010
   15.53472233    4.91499996    2.46700001
   15.53583336    4.91499996    2.46700001
   15.53694534    4.91499996    2.42799997
   15.53777790    4.91499996    2.46700001
   15.53888893    4.91499996    2.44799995
   15.54000092    4.91499996    2.44799995
   15.54083347    4.91499996    2.46700001
   15.54194450    4.91499996    2.46700001
   15.54305553    4.91499996    2.40899992
   15.54388905    4.91499996    2.37100005
   15.54500008    4.91499996    2.31299996
   15.54611111    4.91499996    2.33200002
   15.54694462    4.91499996    2.37100005
   15.54805565    4.91499996    2.29399991
   15.54916668    4.91499996    2.25500011
   15.55000019    4.91499996    2.33200002
   15.55111122    4.91499996    2.35100007
   15.55222225    4.91499996    2.33200002
   15.55305576    4.91499996    2.31299996
   15.55416679    4.91499996    2.19700003
   15.55527782    4.91499996    2.25500011
   15.55611134    4.91499996    2.21600008
   15.55722237    4.91499996    2.13899994
   15.55833340    4.91499996    2.17799997
   15.55916691    4.91499996    2.19700003
   15.56027794    4.91499996    2.11999989
   15.56138897    4.91499996    2.04299998
   15.56222248    4.91499996    2.11999989
   15.56333351    4.91499996    2.29399991
   15.56444454    4.91499996    2.25500011
   15.56527805    4.91499996    2.13899994
   15.56638908    4.91499996    2.08100009
   15.56750011    4.91499996    2.08100009
   15.56833363    4.91499996    2.06200004
   15.56944466    4.91499996    2.08100009
   15.57055569    4.91499996    2.10100007
   15.57138920    4.91499996    2.13899994
   15.57250023    4.91499996    2.15899992
   15.57361126    4.91499996    2.04299998
   15.57444477    4.91499996    2.02399993
   15.57555580    4.91499996    2.04299998
   15.57666683    4.91499996    2.19700003
   15.57750034    4.91499996    2.19700003
   15.57861137    4.91499996    2.06200004
   15.57972240    4.91499996    2.02399993
   15.58083344    4.91499996    2.02399993
   15.58166695    4.91499996    2.06200004
   15.58277798    4.91499996    1.94700003
   15.58361053    4.91499996    1.90799999
   15.58472157    4.91499996    1.86899996
   15.58583260    4.91499996    1.88900006
   15.58666611    4.91499996    1.98500001
   15.58777714    4.91499996    1.88900006
   15.58888817    4.91499996    1.86899996
   15.59000015    4.91499996    1.86899996
   15.59083271    4.91499996    2.11999989
   15.59194374    4.91499996    2.21600008
   15.59305477    4.91499996    2.04299998
   15.59388828    4.91499996    1.90799999
   15.59499931    4.91499996    1.94700003
   15.59611034    4.91499996    1.94700003
   15.59694386    4.91499996    1.92700005
   15.59805489    4.91499996    1.96599996
   15.59916592    4.91499996    2.15899992
   15.60000038    4.91499996    2.17799997
   15.60111141    4.91499996    2.02399993
   15.60222244    4.91499996    1.92700005
   15.60333347    4.91499996    1.98500001
   15.60416698    4.91499996    2.13899994
   15.60527802    4.91499996    2.15899992
   15.60638905    4.91499996    2.04299998
   15.60722256    4.91499996    2.04299998
   15.60833359    4.91499996    2.02399993
   15.60916710    4.91499996    1.90799999
   15.61027813    4.91499996    1.94700003
   15.61138916    4.91499996    2.10100007
   15.61222267    4.91499996    2.08100009
   15.61333370    4.91499996    1.98500001
   15.61416721    4.91499996    1.96599996
   15.61527824    4.91499996    2.02399993
   15.61638927    4.91499996    2.04299998
   15.61722279    4.91499996    1.92700005
   15.61833382    4.91499996    1.88900006
   15.61944485    4.91499996    1.85000002
   15.62027836    4.91499996    2.04299998
   15.62138939    4.91499996    1.92700005
   15.62250042    4.91499996    1.85000002
   15.62333393    4.91499996    1.90799999
   15.62444496    4.91499996    1.86899996
   15.62527752    4.91499996    1.88900006
   15.62638855    4.91499996    2.02399993
   15.62750053    4.91499996    2.02399993
   15.62833309    4.91499996    2.00399995
   15.62944412    4.91499996    1.92700005
   15.63055611    4.91499996    1.94700003
   15.63166714    4.91499996    1.85000002
   15.63249969    4.91499996    1.98500001
   15.63361073    4.91499996    1.92700005
   15.63472176    4.91499996    1.90799999
   15.63583279    4.91499996    1.88900006
   15.63666630    4.91499996    1.88900006
   15.63777733    4.91499996    1.86899996
   15.63861084    4.91499996    1.92700005
   15.63972187    4.91499996    1.90799999
   15.64083290    4.91499996    1.86899996
   15.64166641    4.91499996    1.81200004
   15.64277744    4.91499996    1.85000002
   15.64388847    4.91499996    2.00399995
   15.64499950    4.91499996    2.02399993
   15.64611053    4.91499996    1.96599996
   15.64694405    4.91499996    1.96599996
   15.64805508    4.91499996    2.00399995
   15.64916611    4.91499996    2.00399995
   15.64999962    4.91499996    2.06200004
   15.65111065    4.91499996    2.08100009
   15.65222168    4.91499996    2.04299998
   15.65305519    4.91499996    2.02399993
   15.65416622    4.91499996    2.00399995
   15.65527725    4.91499996    1.96599996
   15.65611076    4.91499996    1.96599996
   15.65722179    4.91499996    1.96599996
   15.65833282    4.91499996    2.00399995
   15.65944386    4.91499996    2.06200004
   15.66027737    4.91499996    2.02399993
   15.66111088    4.91499996    1.96599996
   15.66222191    4.91499996    1.94700003
   15.66333294    4.91499996    1.94700003
   15.66416645    4.91499996    1.94700003
   15.66527748    4.91499996    1.90799999
   15.66638851    4.91499996    1.94700003
   15.66722298    4.91499996    2.08100009
   15.66833401    4.91499996    2.08100009
   15.66944504    4.91499996    2.13899994
   15.67027855    4.91499996    2.15899992
   15.67138958    4.91499996    2.10100007
   15.67222214    4.91499996    2.11999989
   15.67333412    4.91499996    2.10100007
   15.67444515    4.91499996    2.13899994
   15.67527771    4.91499996    2.15899992
   15.67638874    4.91499996    2.11999989
   15.67750072    4.91499996    2.13899994
   15.67833328    4.91499996    2.13899994
   15.67944431    4.91499996    2.15899992
   15.68055630    4.91499996    2.10100007
   15.68138885    4.91499996    2.08100009
   15.68249989    4.91499996    2.10100007
   15.68361092    4.91499996    2.04299998
   15.68444443    4.91499996    2.02399993
   15.68555546    4.91499996    2.02399993
   15.68638897    4.91499996    2.06200004
   15.68750000    4.91499996    2.08100009
   15.68861103    4.91499996    2.00399995
   15.68944454    4.91499996    1.92700005
   15.69055557    4.91499996    1.86899996
   15.69166660    4.91499996    1.88900006
   15.69250011    4.91499996    1.90799999
   15.69361115    4.91499996    1.90799999
   15.69499969    4.91499996    1.98500001
   15.69611073    4.91499996    1.85000002
   15.69722271    4.91499996    1.81200004
   15.69833374    4.91499996    1.86899996
   15.69916630    4.91499996    1.92700005
   15.70027733    4.91499996    1.96599996
   15.70138836    4.91499996    1.96599996
   15.70222187    4.91499996    2.00399995
   15.70333290    4.91499996    2.11999989
   15.70444393    4.91499996    2.10100007
   15.70527744    4.91499996    2.13899994
   15.70638847    4.91499996    2.10100007
   15.70749950    4.91499996    2.13899994
   15.70833302    4.91499996    2.06200004
   15.70944405    4.91499996    2.08100009
   15.71055508    4.91499996    2.08100009
   15.71083355    4.91499996    2.02399993
   15.71194458    4.91499996    2.00399995
   15.71305561    4.91499996    1.96599996
   15.71388912    4.91499996    1.96599996
   15.71500015    4.91499996    1.96599996
   15.71611118    4.91499996    2.06200004
   15.71722221    4.91499996    2.08100009
   15.71805477    4.91499996    2.02399993
   15.71916580    4.91499996    2.02399993
   15.71999931    4.91499996    2.02399993
   15.72111034    4.91499996    2.10100007
   15.72222137    4.91499996    1.88900006
   15.72305489    4.91499996    2.02399993
   15.72416592    4.91499996    2.02399993
   15.72527695    4.91499996    2.04299998
   15.72611046    4.91499996    2.04299998
   15.72722149    4.91499996    2.00399995
   15.72833252    4.91499996    1.94700003
   15.72916603    4.91499996    2.00399995
   15.73027706    4.91499996    1.98500001
   15.73138809    4.91499996    1.96599996
   15.73222160    4.91499996    1.96599996
   15.73333359    4.91499996    1.92700005
   15.73444462    4.91499996    2.02399993
   15.73527813    4.91499996    1.98500001
   15.73638916    4.91499996    1.98500001
   15.73750019    4.91499996    2.02399993
   15.73833370    4.91499996    1.96599996
   15.73944473    4.91499996    1.94700003
   15.74055576    4.91499996    1.92700005
   15.74138927    4.91499996    1.96599996
   15.74250031    4.91499996    2.06200004
   15.74361134    4.91499996    2.23600006
   15.74444485    4.91499996    2.23600006
   15.74555588    4.91499996    2.17799997
   15.74666691    4.91499996    2.11999989
   15.74750042    4.91499996    2.10100007
   15.74861145    4.91499996    2.23600006
   15.74972248    4.91499996    2.25500011
   15.75055599    4.91499996    2.21600008
   15.75166702    4.91499996    2.15899992
   15.75277805    4.91499996    2.23600006
   15.75388908    4.91499996    2.21600008
   15.75472260    4.91499996    2.27399993
   15.75583363    4.91499996    2.21600008
   15.75694466    4.91499996    2.19700003
   15.75777817    4.91499996    2.25500011
   15.75888920    4.91499996    2.25500011
   15.76000023    4.91499996    2.23600006
   15.76083374    4.91499996    2.25500011
   15.76194477    4.91499996    2.21600008
   15.76305580    4.91499996    2.19700003
   15.76388931    4.91499996    2.11999989
   15.76500034    4.91499996    2.13899994
   15.76611137    4.91499996    2.13899994
   15.76694393    4.91499996    2.11999989
   15.76805496    4.91499996    2.11999989
   15.76916599    4.91499996    2.13899994
   15.77027798    4.91499996    2.13899994
   15.77111053    4.91499996    2.15899992
   15.77222157    4.91499996    2.13899994
   15.77333355    4.91499996    2.17799997
   15.77416611    4.91499996    2.13899994
   15.77527714    4.91499996    2.10100007
   15.77638817    4.91499996    2.13899994
   15.77722168    4.91499996    2.11999989
   15.77833271    4.91499996    2.10100007
   15.77944374    4.91499996    2.10100007
   15.78027725    4.91499996    2.11999989
   15.78138828    4.91499996    2.13899994
   15.78249931    4.91499996    2.13899994
   15.78333378    4.91499996    2.04299998
   15.78444481    4.91499996    2.02399993
   15.78555584    4.91499996    2.13899994
   15.78638935    4.91499996    2.13899994
   15.78750038    4.91499996    2.17799997
   15.78861141    4.91499996    2.27399993
   15.78944492    4.91499996    2.23600006
   15.79055595    4.91499996    2.29399991
   15.79166698    4.91499996    2.35100007
   15.79250050    4.91499996    2.39000010
   15.79361153    4.91499996    2.37100005
   15.79472256    4.91499996    2.39000010
   15.79555607    4.91499996    2.46700001
   15.79666710    4.91499996    2.46700001
   15.79750061    4.91499996    2.44799995
   15.79861164    4.91499996    2.40899992
   15.79972267    4.91499996    2.42799997
   15.80055618    4.91499996    2.42799997
   15.80166721    4.91499996    2.37100005
   15.80277824    4.91499996    2.40899992
   15.80361176    4.91499996    2.46700001
   15.80472279    4.91499996    2.44799995
   15.80583382    4.91499996    2.46700001
   15.80666733    4.91499996    2.42799997
   15.80777836    4.91499996    2.42799997
   15.80888939    4.91499996    2.44799995
   15.80972195    4.91499996    2.46700001
   15.81083393    4.91499996    2.46700001
   15.81194496    4.91499996    2.42799997
   15.81277752    4.91499996    2.42799997
   15.81388950    4.91499996    2.46700001
   15.81500053    4.91499996    2.46700001
   15.81583309    4.91499996    2.46700001
   15.81694412    4.91499996    2.50600004
   15.81805515    4.91499996    2.46700001
   15.81888866    4.91499996    2.46700001
   15.81999969    4.91499996    2.46700001
   15.82111073    4.91499996    2.44799995
   15.82194424    4.91499996    2.42799997
   15.82305527    4.91499996    2.44799995
   15.82416630    4.91499996    2.42799997
   15.82499981    4.91499996    2.48600006
   15.82611084    4.91499996    2.48600006
   15.82722187    4.91499996    2.50600004
   15.82833290    4.91499996    2.52500010
   15.82916641    4.91499996    2.50600004
   15.83027744    4.91499996    2.50600004
   15.83138847    4.91499996    2.48600006
   15.83222198    4.91499996    2.46700001
   15.83333302    4.91499996    2.46700001
   15.83444405    4.91499996    2.46700001
   15.83527756    4.91499996    2.46700001
   15.83638859    4.91499996    2.44799995
   15.83722210    4.91499996    2.39000010
   15.83833313    4.91499996    2.44799995
   15.83944416    4.91499996    2.40899992
   15.84027767    4.91499996    2.39000010
   15.84138870    4.91499996    2.37100005
   15.84249973    4.91499996    2.35100007
   15.84333324    4.91499996    2.35100007
   15.84444427    4.91499996    2.31299996
   15.84555531    4.91499996    2.31299996
   15.84638882    4.91499996    2.29399991
   15.84749985    4.91499996    2.31299996
   15.84861088    4.91499996    2.31299996
   15.84972191    4.91499996    2.25500011
   15.85055637    4.91499996    2.21600008
   15.85166740    4.91499996    2.25500011
   15.85277843    4.91499996    2.23600006
   15.85361195    4.91499996    2.29399991
   15.85472298    4.91499996    2.29399991
   15.85583401    4.91499996    2.29399991
   15.85666752    4.91499996    2.23600006
   15.85777855    4.91499996    2.25500011
   15.85861111    4.91499996    2.19700003
   15.85972214    4.91499996    2.17799997
   15.86083412    4.91499996    2.13899994
   15.86194515    4.91499996    2.17799997
   15.86277771    4.91499996    2.19700003
   15.86388969    4.91499996    2.25500011
   15.86500072    4.91499996    2.31299996
   15.86583328    4.91499996    2.31299996
   15.86694431    4.91499996    2.37100005
   15.86805534    4.91499996    2.40899992
   15.86888885    4.91499996    2.39000010
   15.86999989    4.91499996    2.33200002
   15.87111092    4.91499996    2.39000010
   15.87194443    4.91499996    2.37100005
   15.87305546    4.91499996    2.37100005
   15.87416649    4.91499996    2.35100007
   15.87500000    4.91499996    2.33200002
   15.87611103    4.91499996    2.35100007
   15.87722206    4.91499996    2.37100005
   15.87805557    4.91499996    2.39000010
   15.87916660    4.91499996    2.39000010
   15.88027763    4.91499996    2.40899992
   15.88111115    4.91499996    2.39000010
   15.88222218    4.91499996    2.35100007
   15.88333321    4.91499996    2.29399991
   15.88416672    4.91499996    2.29399991
   15.88527775    4.91499996    2.29399991
   15.88638878    4.91499996    2.29399991
   15.88722229    4.91499996    2.35100007
   15.88833332    4.91499996    2.37100005
   15.88944435    4.91499996    2.31299996
   15.89027786    4.91499996    2.39000010
   15.89138889    4.91499996    2.35100007
   15.89249992    4.91499996    2.31299996
   15.89333344    4.91499996    2.33200002
   15.89444447    4.91499996    2.37100005
   15.89555550    4.91499996    2.39000010
   15.89666653    4.91499996    2.35100007
   15.89750004    4.91499996    2.42799997
   15.89861107    4.91499996    2.39000010
   15.89972210    4.91499996    2.40899992
   15.90055561    4.91499996    2.46700001
   15.90166664    4.91499996    2.44799995
   15.90277767    4.91499996    2.46700001
   15.90361118    4.91499996    2.50600004
   15.90472221    4.91499996    2.50600004
   15.90583324    4.91499996    2.52500010
   15.90666676    4.91499996    2.52500010
   15.90777779    4.91499996    2.54399991
   15.90888882    4.91499996    2.56299996
   15.90972137    4.91499996    2.56299996
   15.91083336    4.91499996    2.58299994
   15.91194439    4.91499996    2.58299994
   15.91277695    4.91499996    2.58299994
   15.91388893    4.91499996    2.56299996
   15.91499996    4.91499996    2.56299996
   15.91583252    4.91499996    2.56299996
   15.91694450    4.91499996    2.56299996
   15.91805553    4.91499996    2.56299996
   15.91888905    4.91499996    2.56299996
   15.92000008    4.91499996    2.58299994
   15.92111111    4.91499996    2.56299996
   15.92194462    4.91499996    2.56299996
   15.92305565    4.91499996    2.56299996
   15.92416668    4.91499996    2.54399991
   15.92500019    4.91499996    2.54399991
   15.92611122    4.91499996    2.56299996
   15.92722225    4.91499996    2.56299996
   15.92805576    4.91499996    2.58299994
   15.92916679    4.91499996    2.58299994
   15.93027782    4.91499996    2.58299994
   15.93111134    4.91499996    2.58299994
   15.93222237    4.91499996    2.60200000
   15.93333340    4.91499996    2.60200000
   15.93416691    4.91499996    2.60200000
   15.93527794    4.91499996    2.60200000
   15.93638897    4.91499996    2.60200000
   15.93722248    4.91499996    2.60200000
   15.93833351    4.91499996    2.60200000
   15.93944454    4.91499996    2.58299994
   15.94027805    4.91499996    2.58299994
   15.94138908    4.91499996    2.58299994
   15.94222260    4.91499996    2.58299994
   15.94333363    4.91499996    2.58299994
   15.94444466    4.91499996    2.58299994
   15.94555569    4.91499996    2.60200000
   15.94638920    4.91499996    2.58299994
   15.94750023    4.91499996    2.56299996
   15.94861126    4.91499996    2.58299994
   15.94944477    4.91499996    2.58299994
   15.95055580    4.91499996    2.56299996
   15.95138836    4.91499996    2.56299996
   15.95249939    4.91499996    2.56299996
   15.95361137    4.91499996    2.56299996
   15.95472240    4.91499996    2.56299996
   15.95555496    4.91499996    2.54399991
   15.95666695    4.91499996    2.54399991
   15.95777798    4.91499996    2.50600004
   15.95861053    4.91499996    2.50600004
   15.95972157    4.91499996    2.46700001
   15.96083355    4.91499996    2.46700001
   15.96166611    4.91499996    2.44799995
   15.96277714    4.91499996    2.44799995
   15.96388912    4.91499996    2.46700001
   15.96472168    4.91499996    2.46700001
   15.96583271    4.91499996    2.44799995
   15.96694374    4.91499996    2.42799997
   15.96777725    4.91499996    2.44799995
   15.96888828    4.91499996    2.44799995
   15.96999931    4.91499996    2.44799995
   15.97083282    4.91499996    2.44799995
   15.97194386    4.91499996    2.42799997
   15.97305489    4.91499996    2.46700001
   15.97388840    4.91499996    2.42799997
   15.97499943    4.91499996    2.42799997
   15.97611046    4.91499996    2.40899992
   15.97694397    4.91499996    2.42799997
   15.97805500    4.91499996    2.42799997
   15.97916603    4.91499996    2.42799997
   15.97999954    4.91499996    2.44799995
   15.98111057    4.91499996    2.46700001
   15.98222160    4.91499996    2.46700001
   15.98305511    4.91499996    2.46700001
   15.98416710    4.91499996    2.46700001
   15.98527813    4.91499996    2.48600006
   15.98611164    4.91499996    2.46700001
   15.98722267    4.91499996    2.48600006
   15.98833370    4.91499996    2.46700001
   15.98916721    4.91499996    2.48600006
   15.99027824    4.91499996    2.50600004
   15.99138927    4.91499996    2.48600006
   15.99222279    4.91499996    2.48600006
   15.99333382    4.91499996    2.50600004
   15.99444485    4.91499996    2.50600004
   15.99527836    4.91499996    2.48600006
   15.99638939    4.91499996    2.50600004
   15.99750042    4.91499996    2.50600004
   15.99833393    4.91499996    2.50600004
   15.99944496    4.91499996    2.50600004
   16.00055504    4.91499996    2.50600004
   16.00138855    4.91499996    2.50600004
   16.00250053    4.91499996    2.50600004
   16.00361061    4.91499996    2.50600004
   16.00444412    4.91499996    2.50600004
   16.00555611    4.91499996    2.52500010
   16.00666618    4.91499996    2.52500010
   16.00749969    4.91499996    2.52500010
   16.00861168    4.91499996    2.54399991
   16.00972176    4.91499996    2.52500010
   16.01055527    4.91499996    2.54399991
   16.01166725    4.91499996    2.52500010
   16.01277733    4.91499996    2.52500010
   16.01361084    4.91499996    2.52500010
   16.01472282    4.91499996    2.52500010
   16.01555634    4.91499996    2.52500010
   16.01666641    4.91499996    2.52500010
   16.01777840    4.91499996    2.50600004
   16.01888847    4.91499996    2.52500010
   16.01972198    4.91499996    2.52500010
   16.02083397    4.91499996    2.50600004
   16.02194405    4.91499996    2.52500010
   16.02277756    4.91499996    2.52500010
   16.02388954    4.91499996    2.50600004
   16.02499962    4.91499996    2.52500010
   16.02611160    4.91499996    2.52500010
   16.02694511    4.91499996    2.52500010
   16.02805519    4.91499996    2.52500010
   16.02916718    4.91499996    2.54399991
   16.03000069    4.91499996    2.56299996
   16.03111076    4.91499996    2.54399991
   16.03222275    4.91499996    2.54399991
   16.03333282    4.91499996    2.56299996
   16.03416634    4.91499996    2.54399991
   16.03527641    4.91499996    2.54399991
   16.03638840    4.91499996    2.54399991
   16.03722191    4.91499996    2.54399991
   16.03833199    4.91499996    2.54399991
   16.03944397    4.91499996    2.54399991
   16.04027748    4.91499996    2.54399991
   16.04138756    4.91499996    2.54399991
   16.04249954    4.91499996    2.54399991
   16.04333305    4.91499996    2.54399991
   16.04444313    4.91499996    2.54399991
   16.04500008    4.91499996    2.52500010
   16.04583359    4.91499996    2.54399991
   16.04694366    4.91499996    2.54399991
   16.04777718    4.91499996    2.52500010
   16.04888916    4.91499996    2.50600004
   16.04999924    4.91499996    2.50600004
   16.05083275    4.91499996    2.50600004
   16.05194283    4.91499996    2.50600004
   16.05305481    4.91499996    2.50600004
   16.05388832    4.91499996    2.50600004
   16.05499840    4.91499996    2.50600004
   16.05611038    4.91499996    2.48600006
   16.05694389    4.91499996    2.50600004
   16.05805397    4.91499996    2.46700001
   16.05916595    4.91499996    2.46700001
   16.06166649    4.91499996    2.46700001
   16.06277657    4.91499996    2.46700001
   16.06388855    4.91499996    2.46700001
   16.06472206    4.91499996    2.44799995
   16.06583214    4.91499996    2.44799995
   16.06694603    4.91499996    2.44799995
   16.06777954    4.91499996    2.46700001
   16.06888962    4.91499996    2.44799995
   16.07000160    4.91499996    2.44799995
   16.07083511    4.91499996    2.42799997
   16.07194519    4.91499996    2.40899992
   16.07305717    4.91499996    2.40899992
   16.07389069    4.91499996    2.39000010
   16.07500076    4.91499996    2.42799997
   16.07611275    4.91499996    2.39000010
   16.07694626    4.91499996    2.40899992
   16.07805634    4.91499996    2.39000010
   16.07916832    4.91499996    2.40899992
   16.08000183    4.91499996    2.39000010
   16.08111191    4.91499996    2.42799997
   16.08222389    4.91499996    2.42799997
   16.08305550    4.91499996    2.44799995
   16.08416748    4.91499996    2.44799995
   16.08527756    4.91499996    2.42799997
   16.08638954    4.91499996    2.44799995
   16.08722305    4.91499996    2.44799995
   16.08833313    4.91499996    2.44799995
   16.08944511    4.91499996    2.44799995
   16.09027863    4.91499996    2.46700001
   16.09138870    4.91499996    2.46700001
   16.09250069    4.91499996    2.46700001
   16.09333420    4.91499996    2.46700001
   16.09444427    4.91499996    2.46700001
   16.09555626    4.91499996    2.48600006
   16.09638977    4.91499996    2.50600004
   16.09749985    4.91499996    2.50600004
   16.09861183    4.91499996    2.48600006
   16.09944534    4.91499996    2.48600006
   16.10055542    4.91499996    2.48600006
   16.10166740    4.91499996    2.48600006
   16.10250092    4.91499996    2.46700001
   16.10361099    4.91499996    2.48600006
   16.10472298    4.91499996    2.48600006
   16.10555649    4.91499996    2.48600006
   16.10666656    4.91499996    2.48600006
   16.10777855    4.91499996    2.48600006
   16.10861206    4.91499996    2.46700001
   16.10972214    4.91499996    2.46700001
   16.11083412    4.91499996    2.46700001
   16.11166763    4.91499996    2.44799995
   16.11277771    4.91499996    2.46700001
   16.11388969    4.91499996    2.44799995
   16.11472321    4.91499996    2.42799997
   16.11583328    4.91499996    2.40899992
   16.11694527    4.91499996    2.39000010
   16.11777878    4.91499996    2.39000010
   16.11888885    4.91499996    2.37100005
   16.12000084    4.91499996    2.37100005
   16.12083435    4.91499996    2.39000010
   16.12194443    4.91499996    2.37100005
   16.12305641    4.91499996    2.35100007
   16.12388992    4.91499996    2.35100007
   16.12500000    4.91499996    2.35100007
   16.12611198    4.91499996    2.33200002
   16.12694550    4.91499996    2.33200002
   16.12805557    4.91499996    2.31299996
   16.12916756    4.91499996    2.33200002
   16.13000107    4.91499996    2.33200002
   16.13111115    4.91499996    2.33200002
   16.13222313    4.91499996    2.37100005
   16.13305473    4.91499996    2.37100005
   16.13416672    4.91499996    2.39000010
   16.13527679    4.91499996    2.39000010
   16.13638878    4.91499996    2.40899992
   16.13722229    4.91499996    2.42799997
   16.13833237    4.91499996    2.42799997
   16.13944435    4.91499996    2.44799995
   16.14027786    4.91499996    2.42799997
   16.14138794    4.91499996    2.42799997
   16.14249992    4.91499996    2.40899992
   16.14333344    4.91499996    2.40899992
   16.14444351    4.91499996    2.39000010
   16.14555550    4.91499996    2.39000010
   16.14638901    4.91499996    2.40899992
   16.14749908    4.91499996    2.42799997
   16.14861107    4.91499996    2.44799995
   16.14944458    4.91499996    2.46700001
   16.15055466    4.91499996    2.46700001
   16.15166664    4.91499996    2.46700001
   16.15250015    4.91499996    2.48600006
   16.15361023    4.91499996    2.48600006
   16.15472221    4.91499996    2.48600006
   16.15555573    4.91499996    2.48600006
   16.15666580    4.91499996    2.48600006
   16.15777779    4.91499996    2.48600006
   16.15861130    4.91499996    2.46700001
   16.15972137    4.91499996    2.46700001
   16.16083336    4.91499996    2.46700001
   16.16166687    4.91499996    2.46700001
   16.16277695    4.91499996    2.48600006
   16.16388893    4.91499996    2.48600006
   16.16499901    4.91499996    2.46700001
   16.16583252    4.91499996    2.46700001
   16.16694450    4.91499996    2.46700001
   16.16805458    4.91499996    2.46700001
   16.16888809    4.91499996    2.46700001
   16.17000008    4.91499996    2.46700001
   16.17111015    4.91499996    2.42799997
   16.17194366    4.91499996    2.44799995
   16.17305565    4.91499996    2.46700001
   16.17416573    4.91499996    2.44799995
   16.17499924    4.91499996    2.44799995
   16.17611122    4.91499996    2.44799995
   16.17722130    4.91499996    2.42799997
   16.17805481    4.91499996    2.44799995
   16.17916679    4.91499996    2.42799997
   16.18027687    4.91499996    2.44799995
   16.18111038    4.91499996    2.44799995
   16.18222237    4.91499996    2.46700001
   16.18333244    4.91499996    2.46700001
   16.18416595    4.91499996    2.46700001
   16.18527603    4.91499996    2.48600006
   16.18610954    4.91499996    2.46700001
   16.18722153    4.91499996    2.44799995
   16.18833160    4.91499996    2.46700001
   16.18916512    4.91499996    2.46700001
   16.19027710    4.91499996    2.46700001
   16.19138718    4.91499996    2.48600006
   16.19222069    4.91499996    2.46700001
   16.19333267    4.91499996    2.46700001
   16.19444275    4.91499996    2.46700001
   16.19527626    4.91499996    2.46700001
   16.19610977    4.91499996    2.46700001
   16.19722176    4.91499996    2.46700001
   16.19833183    4.91499996    2.46700001
   16.19916534    4.91499996    2.46700001
   16.20027924    4.91499996    2.46700001
   16.20138931    4.91499996    2.48600006
   16.20222282    4.91499996    2.48600006
   16.20333481    4.91499996    2.48600006
   16.20444489    4.91499996    2.46700001
   16.20527840    4.91499996    2.46700001
   16.20639038    4.91499996    2.44799995
   16.20750046    4.91499996    2.46700001
   16.20833397    4.91499996    2.46700001
   16.20944595    4.91499996    2.44799995
   16.21055603    4.91499996    2.46700001
   16.21138954    4.91499996    2.44799995
   16.21277809    4.91499996    2.46700001
   16.21389008    4.91499996    2.46700001
   16.21472359    4.91499996    2.46700001
   16.21583366    4.91499996    2.44799995
   16.21694565    4.91499996    2.44799995
   16.21777916    4.91499996    2.42799997
   16.21888924    4.91499996    2.44799995
   16.22000122    4.91499996    2.44799995
   16.22083473    4.91499996    2.44799995
   16.22194481    4.91499996    2.44799995
   16.22305679    4.91499996    2.44799995
   16.22416687    4.91499996    2.44799995
   16.22500038    4.91499996    2.44799995
   16.22611237    4.91499996    2.44799995
   16.22722244    4.91499996    2.46700001
   16.22805595    4.91499996    2.46700001
   16.22861099    4.91499996    2.44799995
   16.22972298    4.91499996    2.46700001
   16.23055649    4.91499996    2.46700001
   16.23166656    4.91499996    2.46700001
   16.23277855    4.91499996    2.46700001
   16.23361206    4.91499996    2.46700001
   16.23472214    4.91499996    2.46700001
   16.23583412    4.91499996    2.46700001
   16.23666763    4.91499996    2.46700001
   16.23777771    4.91499996    2.46700001
   16.23888969    4.91499996    2.46700001
   16.23972321    4.91499996    2.46700001
   16.24083328    4.91499996    2.46700001
   16.24194527    4.91499996    2.46700001
   16.24277878    4.91499996    2.46700001
   16.24388885    4.91499996    2.46700001
   16.24555588    4.91499996    2.46700001
   16.24638939    4.91499996    2.46700001
   16.24749947    4.91499996    2.48600006
   16.24861145    4.91499996    2.48600006
   16.24944496    4.91499996    2.46700001
   16.25055504    4.91499996    2.46700001
   16.25166702    4.91499996    2.48600006
   16.25250053    4.91499996    2.48600006
   16.25361061    4.91499996    2.46700001
   16.25472260    4.91499996    2.46700001
   16.25555611    4.91499996    2.46700001
   16.25666618    4.91499996    2.46700001
   16.25777817    4.91499996    2.48600006
   16.25861168    4.91499996    2.46700001
   16.25972176    4.91499996    2.44799995
   16.26083374    4.91499996    2.46700001
   16.26194382    4.91499996    2.46700001
   16.26277733    4.91499996    2.44799995
   16.26388931    4.91499996    2.44799995
   16.26499939    4.91499996    2.46700001
   16.26583290    4.91499996    2.44799995
   16.26694489    4.91499996    2.44799995
   16.26805496    4.91499996    2.42799997
   16.26888847    4.91499996    2.44799995
   16.27000046    4.91499996    2.44799995
   16.27111053    4.91499996    2.44799995
   16.27194405    4.91499996    2.44799995
   16.27305603    4.91499996    2.44799995
   16.27416611    4.91499996    2.42799997
   16.27499962    4.91499996    2.44799995
   16.27611160    4.91499996    2.42799997
   16.27722168    4.91499996    2.40899992
   16.27805519    4.91499996    2.42799997
   16.27916718    4.91499996    2.42799997
   16.28027725    4.91499996    2.44799995
   16.28111076    4.91499996    2.46700001
   16.28222275    4.91499996    2.44799995
   16.28333282    4.91499996    2.44799995
   16.28416634    4.91499996    2.44799995
   16.28527641    4.91499996    2.42799997
   16.28638840    4.91499996    2.42799997
   16.28722191    4.91499996    2.42799997
   16.28833199    4.91499996    2.44799995
   16.28944397    4.91499996    2.42799997
   16.29027748    4.91499996    2.44799995
   16.29138756    4.91499996    2.46700001
   16.29249954    4.91499996    2.46700001
   16.29333305    4.91499996    2.44799995
   16.29444313    4.91499996    2.44799995
   16.29555511    4.91499996    2.46700001
   16.29638863    4.91499996    2.44799995
   16.29749870    4.91499996    2.46700001
   16.29861069    4.91499996    2.44799995
   16.29944420    4.91499996    2.46700001
   16.30055428    4.91499996    2.44799995
   16.30166626    4.91499996    2.44799995
   16.30249977    4.91499996    2.46700001
   16.30360985    4.91499996    2.46700001
   16.30472183    4.91499996    2.48600006
   16.30555534    4.91499996    2.50600004
   16.30666542    4.91499996    2.48600006
   16.30777740    4.91499996    2.46700001
   16.30861092    4.91499996    2.46700001
   16.30972099    4.91499996    2.46700001
   16.31083298    4.91499996    2.50600004
   16.31166649    4.91499996    2.50600004
   16.31277657    4.91499996    2.46700001
   16.31388855    4.91499996    2.46700001
   16.31472206    4.91499996    2.46700001
   16.31583214    4.91499996    2.48600006
   16.31694603    4.91499996    2.48600006
   16.31777954    4.91499996    2.48600006
   16.31888962    4.91499996    2.48600006
   16.32000160    4.91499996    2.48600006
   16.32083511    4.91499996    2.52500010
   16.32194519    4.91499996    2.52500010
   16.32305717    4.91499996    2.50600004
   16.32389069    4.91499996    2.50600004
   16.32500076    4.91499996    2.50600004
   16.32611275    4.91499996    2.52500010
   16.32694626    4.91499996    2.52500010
   16.32805634    4.91499996    2.54399991
   16.32916832    4.91499996    2.54399991
   16.33000183    4.91499996    2.56299996
   16.33111191    4.91499996    2.54399991
   16.33222389    4.91499996    2.52500010
   16.33305550    4.91499996    2.52500010
   16.33416748    4.91499996    2.54399991
   16.33527756    4.91499996    2.52500010
   16.33611107    4.91499996    2.56299996
   16.33722305    4.91499996    2.52500010
   16.33833313    4.91499996    2.56299996
   16.33944511    4.91499996    2.54399991
   16.34027863    4.91499996    2.52500010
   16.34138870    4.91499996    2.52500010
   16.34250069    4.91499996    2.52500010
   16.34333420    4.91499996    2.52500010
   16.34444427    4.91499996    2.56299996
   16.34555626    4.91499996    2.54399991
   16.34638977    4.91499996    2.52500010
   16.34749985    4.91499996    2.52500010
   16.34861183    4.91499996    2.52500010
   16.34944534    4.91499996    2.54399991
   16.35055542    4.91499996    2.54399991
   16.35138893    4.91499996    2.54399991
   16.35250092    4.91499996    2.52500010
   16.35361099    4.91499996    2.52500010
   16.35444450    4.91499996    2.52500010
   16.35555649    4.91499996    2.54399991
   16.35666656    4.91499996    2.58299994
   16.35750008    4.91499996    2.56299996
   16.35861206    4.91499996    2.56299996
   16.35972214    4.91499996    2.56299996
   16.36055565    4.91499996    2.58299994
   16.36166763    4.91499996    2.58299994
   16.36277771    4.91499996    2.58299994
   16.36388969    4.91499996    2.58299994
   16.36472321    4.91499996    2.58299994
   16.36583328    4.91499996    2.60200000
   16.36694527    4.91499996    2.60200000
   16.36777878    4.91499996    2.58299994
   16.36888885    4.91499996    2.58299994
   16.36972237    4.91499996    2.58299994
   16.37083435    4.91499996    2.54399991
   16.37194443    4.91499996    2.56299996
   16.37277794    4.91499996    2.54399991
   16.37388992    4.91499996    2.54399991
   16.37500000    4.91499996    2.52500010
   16.37611198    4.91499996    2.54399991
   16.37694550    4.91499996    2.50600004
   16.37805557    4.91499996    2.52500010
   16.37916756    4.91499996    2.50600004
   16.38000107    4.91499996    2.50600004
   16.38111115    4.91499996    2.48600006
   16.38194466    4.91499996    2.46700001
   16.38305473    4.91499996    2.46700001
   16.38416672    4.91499996    2.42799997
   16.38527679    4.91499996    2.44799995
   16.38611031    4.91499996    2.44799995
   16.38722229    4.91499996    2.46700001
   16.38833237    4.91499996    2.46700001
   16.38916588    4.91499996    2.44799995
   16.39027786    4.91499996    2.46700001
   16.39138794    4.91499996    2.48600006
   16.39222145    4.91499996    2.52500010
   16.39333344    4.91499996    2.52500010
   16.39444351    4.91499996    2.56299996
   16.39527702    4.91499996    2.56299996
   16.39638901    4.91499996    2.56299996
   16.39749908    4.91499996    2.56299996
   16.39833260    4.91499996    2.58299994
   16.39944458    4.91499996    2.58299994
   16.40055466    4.91499996    2.58299994
   16.40138817    4.91499996    2.58299994
   16.40250015    4.91499996    2.62100005
   16.40361023    4.91499996    2.58299994
   16.40444374    4.91499996    2.60200000
   16.40555573    4.91499996    2.60200000
   16.40666580    4.91499996    2.60200000
   16.40749931    4.91499996    2.60200000
   16.40861130    4.91499996    2.62100005
   16.40972137    4.91499996    2.64000010
   16.41055489    4.91499996    2.60200000
   16.41166687    4.91499996    2.62100005
   16.41277695    4.91499996    2.64000010
   16.41361046    4.91499996    2.62100005
   16.41472244    4.91499996    2.60200000
   16.41583252    4.91499996    2.60200000
   16.41666603    4.91499996    2.60200000
   16.41777802    4.91499996    2.60200000
   16.41888809    4.91499996    2.60200000
   16.41972160    4.91499996    2.58299994
   16.42083359    4.91499996    2.60200000
   16.42194366    4.91499996    2.60200000
   16.42277718    4.91499996    2.58299994
   16.42388916    4.91499996    2.56299996
   16.42472076    4.91499996    2.56299996
   16.42583275    4.91499996    2.56299996
   16.42694473    4.91499996    2.52500010
   16.42777634    4.91499996    2.56299996
   16.42888832    4.91499996    2.56299996
   16.43000031    4.91499996    2.58299994
   16.43083191    4.91499996    2.58299994
   16.43194389    4.91499996    2.58299994
   16.43305397    4.91499996    2.58299994
   16.43388748    4.91499996    2.58299994
   16.43499947    4.91499996    2.60200000
   16.43610954    4.91499996    2.62100005
   16.43722153    4.91499996    2.60200000
   16.43805504    4.91499996    2.62100005
   16.43916512    4.91499996    2.62100005
   16.44027710    4.91499996    2.62100005
   16.44111061    4.91499996    2.62100005
   16.44222069    4.91499996    2.64000010
   16.44333267    4.91499996    2.62100005
   16.44416618    4.91499996    2.62100005
   16.44527626    4.91499996    2.60200000
   16.44638824    4.91499996    2.62100005
   16.44722176    4.91499996    2.62100005
   16.44833183    4.91499996    2.62100005
   16.44944382    4.91499996    2.62100005
   16.45027924    4.91499996    2.62100005
   16.45138931    4.91499996    2.60200000
   16.45250130    4.91499996    2.60200000
   16.45333481    4.91499996    2.62100005
   16.45444489    4.91499996    2.62100005
   16.45555687    4.91499996    2.58299994
   16.45639038    4.91499996    2.60200000
   16.45750046    4.91499996    2.60200000
   16.45861244    4.91499996    2.62100005
   16.45944595    4.91499996    2.60200000
   16.46055603    4.91499996    2.60200000
   16.46166801    4.91499996    2.60200000
   16.46250153    4.91499996    2.56299996
   16.46361160    4.91499996    2.56299996
   16.46472359    4.91499996    2.56299996
   16.46583366    4.91499996    2.58299994
   16.46666718    4.91499996    2.58299994
   16.46777916    4.91499996    2.56299996
   16.46888924    4.91499996    2.56299996
   16.46972275    4.91499996    2.56299996
   16.47083473    4.91499996    2.56299996
   16.47194481    4.91499996    2.54399991
   16.47277832    4.91499996    2.52500010
   16.47389030    4.91499996    2.54399991
   16.47472191    4.91499996    2.54399991
   16.47583389    4.91499996    2.54399991
   16.47694588    4.91499996    2.54399991
   16.47805595    4.91499996    2.52500010
   16.47888947    4.91499996    2.54399991
   16.48000145    4.91499996    2.54399991
   16.48083305    4.91499996    2.54399991
   16.48194504    4.91499996    2.54399991
   16.48305511    4.91499996    2.54399991
   16.48388863    4.91499996    2.54399991
   16.48500061    4.91499996    2.54399991
   16.48611069    4.91499996    2.54399991
   16.48694420    4.91499996    2.54399991
   16.48805618    4.91499996    2.54399991
   16.48916626    4.91499996    2.52500010
   16.48999977    4.91499996    2.52500010
   16.49111176    4.91499996    2.52500010
   16.49222183    4.91499996    2.54399991
   16.49305534    4.91499996    2.52500010
   16.49416733    4.91499996    2.54399991
   16.49527740    4.91499996    2.54399991
   16.49638939    4.91499996    2.54399991
   16.49722290    4.91499996    2.52500010
   16.49833298    4.91499996    2.54399991
   16.49944496    4.91499996    2.52500010
   16.50027847    4.91499996    2.52500010
   16.50138855    4.91499996    2.52500010
   16.50250053    4.91499996    2.52500010
   16.50333405    4.91499996    2.52500010
   16.50444412    4.91499996    2.54399991
   16.50555611    4.91499996    2.54399991
   16.50638962    4.91499996    2.54399991
   16.50749969    4.91499996    2.56299996
   16.50861168    4.91499996    2.56299996
   16.50944519    4.91499996    2.54399991
   16.51055527    4.91499996    2.54399991
   16.51166725    4.91499996    2.52500010
   16.51250076    4.91499996    2.54399991
   16.51361084    4.91499996    2.54399991
   16.51472282    4.91499996    2.52500010
   16.51555634    4.91499996    2.52500010
   16.51666641    4.91499996    2.54399991
   16.51777840    4.91499996    2.54399991
   16.51861000    4.91499996    2.54399991
   16.51972198    4.91499996    2.54399991
   16.52083397    4.91499996    2.54399991
   16.52166557    4.91499996    2.54399991
   16.52277756    4.91499996    2.52500010
   16.52388954    4.91499996    2.52500010
   16.52472115    4.91499996    2.50600004
   16.52583313    4.91499996    2.50600004
   16.52694511    4.91499996    2.50600004
   16.52777672    4.91499996    2.50600004
   16.52888870    4.91499996    2.46700001
   16.52972221    4.91499996    2.46700001
   16.53083229    4.91499996    2.48600006
   16.53194427    4.91499996    2.46700001
   16.53277779    4.91499996    2.46700001
   16.53388786    4.91499996    2.46700001
   16.53499985    4.91499996    2.46700001
   16.53610992    4.91499996    2.48600006
   16.53694344    4.91499996    2.48600006
   16.53805542    4.91499996    2.48600006
   16.53916550    4.91499996    2.50600004
   16.53999901    4.91499996    2.48600006
   16.54111099    4.91499996    2.50600004
   16.54222107    4.91499996    2.50600004
   16.54305458    4.91499996    2.48600006
   16.54416656    4.91499996    2.50600004
   16.54527664    4.91499996    2.50600004
   16.54611015    4.91499996    2.52500010
   16.54722214    4.91499996    2.52500010
   16.54833221    4.91499996    2.50600004
   16.54916573    4.91499996    2.50600004
   16.55027771    4.91499996    2.50600004
   16.55138779    4.91499996    2.52500010
   16.55222130    4.91499996    2.50600004
   16.55333328    4.91499996    2.48600006
   16.55444336    4.91499996    2.50600004
   16.55527687    4.91499996    2.48600006
   16.55638885    4.91499996    2.50600004
   16.55749893    4.91499996    2.50600004
   16.55833244    4.91499996    2.48600006
   16.55944443    4.91499996    2.50600004
   16.56055450    4.91499996    2.50600004
   16.56138802    4.91499996    2.50600004
   16.56250000    4.91499996    2.52500010
   16.56361008    4.91499996    2.52500010
   16.56444359    4.91499996    2.52500010
   16.56555557    4.91499996    2.52500010
   16.56666756    4.91499996    2.52500010
   16.56750107    4.91499996    2.54399991
   16.56861115    4.91499996    2.54399991
   16.56972313    4.91499996    2.54399991
   16.57055664    4.91499996    2.52500010
   16.57166672    4.91499996    2.54399991
   16.57277870    4.91499996    2.52500010
   16.57361221    4.91499996    2.54399991
   16.57472229    4.91499996    2.54399991
   16.57583427    4.91499996    2.52500010
   16.57666779    4.91499996    2.52500010
   16.57777786    4.91499996    2.54399991
   16.57888985    4.91499996    2.52500010
   16.57972336    4.91499996    2.54399991
   16.58083344    4.91499996    2.52500010
   16.58194542    4.91499996    2.52500010
   16.58277893    4.91499996    2.52500010
   16.58388901    4.91499996    2.52500010
   16.58500099    4.91499996    2.54399991
   16.58583450    4.91499996    2.52500010
   16.58694458    4.91499996    2.52500010
   16.58777809    4.91499996    2.52500010
   16.58889008    4.91499996    2.52500010
   16.59000015    4.91499996    2.52500010
   16.59055710    4.91499996    2.52500010
   16.59250069    4.91499996    2.52500010
   16.59416771    4.91499996    2.52500010
   16.59583473    4.91499996    2.50600004
   16.59749985    4.91499996    2.48600006
   16.59889030    4.91499996    2.46700001
   16.60055542    4.91499996    2.44799995
   16.60222244    4.91499996    2.44799995
   16.60388947    4.91499996    2.46700001
   16.60555649    4.91499996    2.46700001
   16.60722351    4.91499996    2.46700001
   16.60888863    4.91499996    2.46700001
   16.61055565    4.91499996    2.44799995
   16.61222267    4.91499996    2.46700001
   16.61388969    4.91499996    2.46700001
   16.61555672    4.91499996    2.48600006
   16.61694527    4.91499996    2.48600006
   16.61861038    4.91499996    2.48600006
   16.62027740    4.91499996    2.50600004
   16.62194443    4.91499996    2.48600006
   16.62361145    4.91499996    2.48600006
   16.62527847    4.91499996    2.48600006
   16.62694550    4.91499996    2.48600006
   16.62861061    4.91499996    2.48600006
   16.63027763    4.91499996    2.46700001
   16.63194466    4.91499996    2.46700001
   16.63361168    4.91499996    2.46700001
   16.63527679    4.91499996    2.46700001
   16.63666725    4.91499996    2.44799995
   16.63833237    4.91499996    2.44799995
   16.63999939    4.91499996    2.44799995
   16.64166641    4.91499996    2.44799995
   16.64333344    4.91499996    2.44799995
   16.64500046    4.91499996    2.46700001
   16.64666748    4.91499996    2.44799995
   16.64833260    4.91499996    2.44799995
   16.64999962    4.91499996    2.44799995
   16.65166664    4.91499996    2.44799995
   16.65333366    4.91499996    2.46700001
   16.65499878    4.91499996    2.44799995
   16.65638924    4.91499996    2.44799995
   16.65805435    4.91499996    2.44799995
   16.65972137    4.91499996    2.44799995
   16.66138840    4.91499996    2.44799995
   16.66305542    4.91499996    2.46700001
   16.66472244    4.91499996    2.44799995
   16.66638756    4.91499996    2.44799995
   16.66805458    4.91499996    2.42799997
   16.66972160    4.91499996    2.42799997
   16.67111015    4.91499996    2.40899992
   16.67277718    4.91499996    2.39000010
   16.67444420    4.91499996    2.39000010
   16.67611122    4.91499996    2.39000010
   16.67777634    4.91499996    2.37100005
   16.67944336    4.91499996    2.35100007
   16.68111038    4.91499996    2.31299996
   16.68277740    4.91499996    2.23600006
   16.68444443    4.91499996    2.23600006
   16.68610954    4.91499996    2.19700003
   16.68777657    4.91499996    2.17799997
   16.68944359    4.91499996    2.11999989
   16.69083214    4.91499996    2.02399993
   16.69249916    4.91499996    1.94700003
   16.69416618    4.91499996    1.86899996
   16.69583321    4.91499996    1.94700003
   16.69749832    4.91499996    1.94700003
   16.69916534    4.91499996    2.13899994
   16.70083427    4.91499996    2.11999989
   16.70250130    4.91499996    1.94700003
   16.70416832    4.91499996    2.10100007
   16.70583344    4.91499996    2.08100009
   16.70750046    4.91499996    1.90799999
   16.82444572    4.91499996    1.54200006
   16.82611275    4.91499996    1.69599998
   16.82777786    4.91499996    1.54200006
   16.82916832    4.91499996    1.42600000
   16.83083344    4.91499996    1.21399999
   16.83250046    4.91499996    1.13699996
   16.83416748    4.91499996    1.17499995
   16.83583450    4.91499996    1.07900000
   16.83750153    4.91499996    1.02100003
   16.83916664    4.91499996    1.09800005
   16.84083366    4.91499996    1.48399997
   16.84250069    4.91499996    1.73399997
   16.84388924    4.91499996    1.48399997
   16.84555626    4.91499996    1.40699995
   16.84722328    4.91499996    1.23300004
   16.84889030    4.91499996    1.17499995
