    HOUR (UT)     SKY TESTER    SUN TESTER
   14.67861176    0.07700000    0.01900000
   14.68027782    0.07700000    0.05700000
   14.68222237    0.09600000    0.13400000
   14.68388939    0.09600000    0.28900000
   14.68555546    0.11500000    0.44299999
   14.68722248    0.11500000    0.51999998
   14.68888855    0.17299999    0.75099999
   14.69055557    0.23100001    0.71300000
   14.69222260    2.13899994    3.04500008
   14.69361115    4.91499996    2.98699999
   14.69527817    0.80900002    2.87199998
   14.69750023    0.79000002    2.87199998
   14.69916630    0.79000002    2.87199998
   14.70083332    0.79000002    2.87199998
   14.70249939    0.79000002    2.87199998
   14.70416641    0.79000002    2.87199998
   14.70583344    0.79000002    2.87199998
   14.70749950    0.79000002    2.87199998
   14.70916653    4.91499996    2.87199998
   14.71083355    0.79000002    2.87199998
   14.71249962    0.79000002    2.87199998
   14.71416664    4.91499996    2.93000007
   14.71583271    4.91499996    2.93000007
   14.71749973    4.91499996    2.93000007
   14.71916580    4.91499996    2.93000007
   14.72055531    4.91499996    2.93000007
   14.72249985    4.91499996    2.94899988
   14.72416592    3.54699993    2.93000007
   14.72583294    1.75399995    2.91000009
   14.72749996    1.09800005    2.89100003
   14.72916603    0.79000002    2.89100003
   14.73083305    0.75099999    2.87199998
   14.73249912    0.75099999    2.87199998
   14.73416710    0.77100003    2.87199998
   14.73583317    0.77100003    2.87199998
   14.73750019    0.77100003    2.89100003
   14.73944473    0.77100003    2.89100003
   14.74111176    0.75099999    2.89100003
   14.74277782    0.77100003    2.89100003
   14.74444485    0.75099999    2.89100003
   14.74611092    0.75099999    2.89100003
   14.74777794    0.75099999    2.89100003
   14.74944496    0.75099999    2.89100003
   14.75000000    0.75099999    2.89100003
   14.75166702    0.75099999    2.87199998
   14.75333309    0.75099999    2.89100003
   14.75416660    0.75099999    2.87199998
   14.75472260    0.75099999    2.89100003
   14.75527763    0.75099999    2.89100003
   14.75611115    0.75099999    2.87199998
   14.75666714    0.75099999    2.89100003
   14.76388931    0.75099999    2.87199998
   14.76472187    0.75099999    2.89100003
   14.76527786    0.77100003    2.87199998
   14.76611137    0.75099999    2.87199998
   14.76666641    0.75099999    2.89100003
   14.76749992    0.75099999    2.87199998
   14.76833344    0.75099999    2.89100003
   14.76888847    0.75099999    2.87199998
   14.77944374    0.75099999    2.89100003
   14.77999973    0.75099999    2.87199998
   14.78083324    0.75099999    2.89100003
   14.78166676    0.77100003    2.87199998
   14.78222179    0.75099999    2.91000009
   14.78305531    0.75099999    2.87199998
   14.78388977    0.75099999    2.87199998
   14.78472233    0.75099999    2.89100003
   14.78527832    0.75099999    2.89100003
   14.78611183    0.75099999    2.89100003
   14.78666687    0.75099999    2.89100003
   14.78750038    0.75099999    2.89100003
   14.78833389    0.75099999    2.87199998
   14.78888893    0.75099999    2.87199998
   14.78972244    0.75099999    2.89100003
   14.79027843    0.75099999    2.89100003
   14.79111195    0.75099999    2.89100003
   14.79250050    0.75099999    2.89100003
   14.79388905    0.75099999    2.89100003
   14.79638958    0.75099999    2.89100003
   14.79666710    0.75099999    2.89100003
   14.79833412    0.82800001    2.89100003
   14.80000019    0.73199999    2.87199998
   14.80166721    0.73199999    2.87199998
   14.80249977    0.75099999    2.89100003
   14.80305576    0.73199999    2.91000009
   14.80361176    0.73199999    2.89100003
   14.80416679    0.75099999    2.89100003
   14.80583382    0.73199999    2.89100003
   14.80666733    0.73199999    2.89100003
   14.80722237    0.73199999    2.87199998
   14.80805588    0.73199999    2.89100003
   14.80861092    0.73199999    2.89100003
   14.80944443    0.73199999    2.89100003
   14.81000042    0.75099999    2.87199998
   14.81083393    0.73199999    2.89100003
   14.81166649    0.73199999    2.89100003
   14.81222248    0.73199999    2.89100003
   14.81305599    0.73199999    2.91000009
   14.81388950    0.73199999    2.89100003
   14.81444454    0.73199999    2.87199998
   14.81527805    0.73199999    2.89100003
   14.81583309    0.73199999    2.89100003
   14.81666660    0.73199999    2.89100003
   14.81750011    0.73199999    2.89100003
   14.81805515    0.73199999    2.89100003
   14.81888866    0.73199999    2.89100003
   14.81944466    0.73199999    2.89100003
   14.82027817    0.73199999    2.87199998
   14.82111073    0.73199999    2.89100003
   14.82166672    0.73199999    2.91000009
   14.82250023    0.73199999    2.89100003
   14.82305527    0.73199999    2.91000009
   14.82388878    0.73199999    2.89100003
   14.82472229    0.73199999    2.89100003
   14.82527733    0.73199999    2.89100003
   14.82611084    0.75099999    2.89100003
   14.82666683    0.73199999    2.89100003
   14.82750034    0.73199999    2.89100003
   14.82833290    0.75099999    2.91000009
   14.83138847    0.75099999    2.89100003
   14.83194447    0.73199999    2.89100003
   14.83277798    0.73199999    2.89100003
   14.83638859    0.75099999    2.89100003
   14.83833313    0.75099999    2.89100003
   14.83972168    0.75099999    2.89100003
   14.84138870    0.73199999    2.89100003
   14.84305477    0.73199999    2.89100003
   14.84472179    0.73199999    2.89100003
   14.84638882    0.73199999    2.89100003
   14.84694386    0.73199999    2.89100003
   14.84861088    0.73199999    2.89100003
   14.85027790    0.73199999    2.89100003
   14.85083389    0.73199999    2.89100003
   14.85138893    0.73199999    2.89100003
   14.85333347    0.73199999    2.89100003
   14.85500050    0.73199999    2.91000009
   14.85666752    0.73199999    2.87199998
   14.85805607    0.73199999    2.89100003
   14.85972214    0.73199999    2.89100003
   14.86138916    0.73199999    2.89100003
   14.86305618    0.73199999    2.89100003
   14.86388969    0.73199999    2.89100003
   14.86416721    0.73199999    2.89100003
   14.86611176    0.73199999    2.89100003
   14.86777782    0.73199999    2.89100003
   14.86944485    0.75099999    2.89100003
   14.87111092    0.75099999    2.89100003
   14.87277794    0.75099999    2.89100003
   14.87333393    0.73199999    2.89100003
   14.87388897    0.73199999    2.87199998
   14.87472248    0.73199999    2.89100003
   14.87638855    0.75099999    2.89100003
   14.87694454    0.75099999    2.89100003
   14.87777805    0.77100003    2.91000009
   14.87861156    0.77100003    2.89100003
   14.87916660    0.77100003    2.89100003
   14.88000011    0.79000002    2.89100003
   14.88055611    0.79000002    2.89100003
   14.88138866    0.79000002    2.91000009
   14.88222218    0.79000002    2.89100003
   14.88277817    0.79000002    2.87199998
   14.88361073    0.79000002    2.91000009
   14.88444424    0.79000002    2.91000009
   14.88500023    0.79000002    2.89100003
   14.88583279    0.77100003    2.91000009
   14.88638878    0.77100003    2.89100003
   14.88722229    0.77100003    2.89100003
   14.89027786    0.79000002    2.91000009
   14.89333344    0.80900002    2.89100003
   14.89388847    0.79000002    2.91000009
   14.89472198    0.80900002    2.91000009
   14.89527798    0.80900002    2.91000009
   14.89611053    0.80900002    2.91000009
   14.89694405    0.80900002    2.89100003
   14.89750004    0.80900002    2.89100003
   14.89833355    0.80900002    2.91000009
   14.89888859    0.80900002    2.91000009
   14.89972210    0.80900002    2.91000009
   14.90027714    0.79000002    2.89100003
   14.90111065    0.79000002    2.89100003
   14.90194416    0.77100003    2.89100003
   14.90249920    0.75099999    2.89100003
   14.90305519    0.77100003    2.91000009
   14.90527725    0.77100003    2.89100003
   14.90555477    0.77100003    2.91000009
   14.90861034    0.75099999    2.89100003
   14.91388893    0.92500001    2.91000009
   14.91805553    0.75099999    2.91000009
   14.92416668    0.75099999    2.89100003
   14.92638874    0.75099999    2.89100003
   14.92666721    0.75099999    2.91000009
   14.92722225    0.75099999    2.89100003
   14.92750072    0.75099999    2.89100003
   14.92805576    0.75099999    2.91000009
   14.92861176    0.75099999    2.89100003
   14.92916679    0.75099999    2.89100003
   14.92944431    0.73199999    2.89100003
   14.93000031    0.73199999    2.91000009
   14.93027782    0.73199999    2.91000009
   14.93083382    0.73199999    2.89100003
   14.93111134    0.73199999    2.91000009
   14.93166733    0.73199999    2.89100003
   14.93222237    0.73199999    2.91000009
   14.93249989    0.73199999    2.91000009
   14.93305588    0.73199999    2.89100003
   14.93333340    0.73199999    2.91000009
   14.93388939    0.73199999    2.89100003
   14.93416691    0.75099999    2.91000009
   14.93472195    0.73199999    2.91000009
   14.93527794    0.73199999    2.89100003
   14.93583298    0.75099999    2.91000009
   14.93611145    0.73199999    2.91000009
   14.93666649    0.75099999    2.89100003
   14.93694496    0.73199999    2.89100003
   14.93750000    0.73199999    2.91000009
   14.93777752    0.73199999    2.91000009
   14.93833351    0.73199999    2.91000009
   14.93888855    0.73199999    2.91000009
   14.93944454    0.75099999    2.91000009
   14.93972206    0.75099999    2.91000009
   14.94027805    0.75099999    2.89100003
   14.94083309    0.75099999    2.91000009
   14.94361115    0.75099999    2.91000009
   14.94583321    0.71300000    2.89100003
   14.94638920    1.00199997    2.91000009
   14.94666672    0.71300000    2.91000009
   14.94888878    0.71300000    2.91000009
   14.94944477    0.71300000    2.91000009
   14.94999981    0.71300000    2.91000009
   14.95055580    0.71300000    2.89100003
   14.95083332    0.71300000    2.91000009
   14.95416641    0.71300000    2.91000009
   14.95777798    0.69300002    2.91000009
   14.96000004    0.71300000    2.89100003
   14.96055508    0.71300000    2.89100003
   14.96083355    0.71300000    2.89100003
   14.96138859    0.71300000    2.91000009
   14.96194458    0.71300000    2.91000009
   14.96222210    0.71300000    2.91000009
   14.96277714    0.71300000    2.91000009
   14.96333313    0.71300000    2.91000009
   14.96361065    0.71300000    2.89100003
   14.96416664    0.71300000    2.91000009
   14.96472168    0.71300000    2.91000009
   14.96527767    0.73199999    2.91000009
   14.96555519    0.71300000    2.91000009
   14.96611118    0.71300000    2.93000007
   14.96666622    0.71300000    2.91000009
   14.96722221    0.73199999    2.93000007
   14.96749973    0.73199999    2.91000009
   14.96805477    0.73199999    2.93000007
   14.96833324    0.75099999    2.91000009
   14.96888828    0.88599998    2.93000007
   14.97111034    4.16300011    2.94899988
   14.97194386    4.91499996    2.94899988
   14.97249985    4.91499996    2.94899988
   14.97555542    4.91499996    2.98699999
   14.97611046    4.91499996    2.98699999
   14.97916603    4.91499996    1.36800003
   14.97972202    4.91499996    1.21399999
   14.98055553    4.91499996    0.92500001
   14.98138809    4.91499996    0.55900002
   14.98194408    4.91499996    0.63599998
   14.98277760    4.91499996    0.67400002
   14.98333359    4.91499996    0.67400002
   14.98416710    4.91499996    0.82800001
   14.98500061    4.91499996    1.05999994
   14.98555565    4.91499996    1.09800005
   14.98638916    4.91499996    0.96300000
   14.98722267    4.91499996    1.15600002
   14.98777771    4.91499996    1.21399999
   14.98861122    4.91499996    0.88599998
   14.98916721    4.91499996    0.71300000
   14.99000072    4.91499996    0.98299998
   14.99055576    4.91499996    1.42600000
   14.99138927    4.91499996    1.90799999
   14.99222279    4.91499996    2.02399993
   14.99499989    4.91499996    1.40699995
   14.99583340    4.91499996    1.88900006
   14.99666691    4.91499996    2.10100007
   14.99972248    4.91499996    2.50600004
   15.00027752    4.91499996    2.25500011
   15.00111103    4.91499996    1.77300000
   15.00194454    4.91499996    1.40699995
   15.00249958    4.91499996    0.86699998
   15.00333309    4.91499996    0.44299999
   15.00388908    4.91499996    0.30800000
   15.00472260    4.91499996    0.30800000
   15.00555515    4.91499996    0.34599999
   15.00611115    4.91499996    0.36600000
   15.00694466    4.91499996    0.36600000
   15.00777817    4.91499996    0.28900000
   15.00833321    4.91499996    0.21200000
   15.00916672    4.91499996    0.17299999
   15.01000023    4.91499996    0.15400000
   15.01055527    4.91499996    0.15400000
   15.01138878    4.91499996    0.13400000
   15.01194477    4.91499996    0.13400000
   15.01277733    4.91499996    0.11500000
   15.01361084    4.91499996    0.11500000
   15.01416683    4.91499996    0.11500000
   15.01500034    4.91499996    0.13400000
   15.01555538    4.91499996    0.11500000
   15.01638889    4.91499996    0.11500000
   15.01722240    4.91499996    0.09600000
   15.01777744    4.91499996    0.09600000
   15.01861095    4.91499996    0.09600000
   15.01944447    4.91499996    0.09600000
   15.01999950    4.91499996    0.09600000
   15.02083302    4.91499996    0.09600000
   15.02138901    4.91499996    0.09600000
   15.02222157    4.91499996    0.09600000
   15.02305508    4.91499996    0.11500000
   15.02361107    4.91499996    0.13400000
   15.02444458    4.91499996    0.15400000
   15.02499962    4.91499996    0.17299999
   15.02583313    4.91499996    0.19200000
   15.02666664    4.91499996    0.17299999
   15.02722168    4.91499996    0.17299999
   15.02805519    4.91499996    0.19200000
   15.02861118    4.91499996    0.26899999
   15.02944374    4.91499996    0.34599999
   15.03027725    4.91499996    0.42399999
   15.03083324    4.91499996    0.50099999
   15.03166676    4.91499996    0.53899997
   15.03222179    4.91499996    0.59700000
   15.03305531    4.91499996    0.63599998
   15.03361130    4.91499996    0.59700000
   15.03444481    4.91499996    0.55900002
   15.03527832    4.91499996    0.57800001
   15.03583336    4.91499996    0.57800001
   15.03666687    4.91499996    0.61600000
   15.03722286    4.91499996    0.69300002
   15.03805637    4.91499996    0.71300000
   15.03888893    4.91499996    0.59700000
   15.04194450    4.91499996    0.51999998
   15.04250050    4.91499996    0.51999998
   15.04555607    4.91499996    0.96300000
   15.04638958    4.91499996    1.33000004
   15.04694462    4.91499996    1.52199996
   15.04777813    4.91499996    1.58000004
   15.04861164    4.91499996    1.56099999
   15.04916668    4.91499996    1.50300002
   15.05000019    4.91499996    1.52199996
   15.05055618    4.91499996    1.60000002
   15.05138874    4.91499996    1.71500003
   15.05222225    4.91499996    1.83099997
   15.05277824    4.91499996    2.00399995
   15.05361176    4.91499996    2.29399991
   15.05416679    4.91499996    2.58299994
   15.05500031    4.91499996    2.77500010
   15.05805588    4.91499996    3.02600002
   15.05888939    4.91499996    3.00699997
   15.05944443    4.91499996    3.00699997
   15.06027794    4.91499996    3.00699997
   15.06083393    4.91499996    3.00699997
   15.06166649    4.91499996    2.98699999
   15.06250000    4.91499996    2.98699999
   15.06305599    4.91499996    2.96799994
   15.06388950    4.91499996    2.96799994
   15.06444454    4.91499996    2.96799994
   15.06527805    4.74200010    2.94899988
   15.06611156    3.48900008    2.94899988
   15.06666660    2.42799997    2.94899988
   15.06722260    1.94700003    2.93000007
   15.06888866    0.98299998    2.93000007
   15.06944466    0.88599998    2.91000009
   15.07138920    0.73199999    2.91000009
   15.07499981    0.71300000    2.89100003
   15.07861137    0.69300002    2.91000009
   15.08222198    0.69300002    2.91000009
   15.08583260    0.69300002    2.89100003
   15.08972168    0.69300002    2.91000009
   15.09333324    0.69300002    2.89100003
   15.09694386    0.69300002    2.91000009
   15.10055637    0.69300002    2.91000009
   15.10500050    0.69300002    2.91000009
   15.10722256    0.69300002    2.91000009
   15.10750008    0.67400002    2.89100003
   15.10805607    0.69300002    2.91000009
   15.10861111    0.69300002    2.89100003
   15.10916710    0.69300002    2.91000009
   15.10944462    0.69300002    2.91000009
   15.11000061    0.69300002    2.89100003
   15.11055565    0.69300002    2.89100003
   15.11083412    0.67400002    2.91000009
   15.11138916    0.67400002    2.91000009
   15.11194515    0.67400002    2.91000009
   15.11250019    0.67400002    2.91000009
   15.11277771    0.69300002    2.91000009
   15.11333370    0.67400002    2.89100003
   15.11388969    0.67400002    2.91000009
   15.11416721    0.67400002    2.89100003
   15.11472225    0.67400002    2.91000009
   15.11500072    0.67400002    2.91000009
   15.11555576    0.67400002    2.91000009
   15.11611176    0.67400002    2.89100003
   15.11638927    0.67400002    2.91000009
   15.11694431    0.67400002    2.91000009
   15.11750031    0.69300002    2.91000009
   15.11805534    0.67400002    2.91000009
   15.11833382    0.67400002    2.91000009
   15.11888885    0.67400002    2.91000009
   15.11944485    0.67400002    2.91000009
   15.11999989    0.67400002    2.91000009
   15.12027836    0.69300002    2.91000009
   15.12083340    0.67400002    2.91000009
   15.12138939    0.67400002    2.89100003
   15.12194443    0.67400002    2.91000009
   15.12416649    0.67400002    2.91000009
   15.12888908    0.67400002    2.91000009
   15.13305569    0.67400002    2.89100003
   15.13361073    0.67400002    2.91000009
   15.13444424    0.67400002    2.91000009
   15.13472176    0.67400002    2.91000009
   15.13722229    0.67400002    2.91000009
   15.13749981    0.65499997    2.91000009
   15.13944435    0.67400002    2.91000009
   15.14305496    0.67400002    2.91000009
   15.14722252    0.67400002    2.91000009
   15.15111065    0.67400002    2.91000009
   15.15472221    0.67400002    2.91000009
   15.16111088    0.65499997    2.91000009
   15.16444397    0.67400002    2.91000009
   15.16805553    0.65499997    2.93000007
   15.17222214    0.65499997    2.91000009
   15.17638874    0.67400002    2.91000009
   15.17861176    0.65499997    2.91000009
   15.17916679    0.65499997    2.91000009
   15.17972279    0.65499997    2.91000009
   15.18000031    0.65499997    2.91000009
   15.18055630    0.65499997    2.91000009
   15.18111134    0.65499997    2.91000009
   15.18166733    0.65499997    2.91000009
   15.18194485    0.65499997    2.91000009
   15.18249989    0.65499997    2.91000009
   15.18305588    0.65499997    2.91000009
   15.18333340    0.65499997    2.91000009
   15.18388939    0.67400002    2.91000009
   15.18444443    0.65499997    2.91000009
   15.18472195    0.65499997    2.93000007
   15.18527794    0.65499997    2.91000009
   15.18583298    0.65499997    2.91000009
   15.18611145    0.65499997    2.91000009
   15.18666649    0.65499997    2.91000009
   15.18722248    0.65499997    2.93000007
   15.18777752    0.65499997    2.91000009
   15.18805599    0.65499997    2.91000009
   15.18861103    0.67400002    2.91000009
   15.18916702    0.65499997    2.93000007
   15.18944454    0.65499997    2.91000009
   15.19000053    0.65499997    2.91000009
   15.19055557    0.65499997    2.91000009
   15.19111156    0.65499997    2.91000009
   15.19166660    0.65499997    2.91000009
   15.19194412    0.67400002    2.91000009
   15.19250011    0.67400002    2.91000009
   15.19277763    0.65499997    2.91000009
   15.19333363    0.65499997    2.89100003
   15.19583321    0.65499997    2.91000009
   15.20027733    0.65499997    2.91000009
   15.20416641    0.67400002    2.91000009
   15.20472240    0.65499997    2.91000009
   15.20527744    0.65499997    2.91000009
   15.20749950    0.67400002    2.91000009
   15.20777798    0.65499997    2.91000009
   15.21194458    0.65499997    2.93000007
   15.21555519    0.65499997    2.93000007
   15.21944427    0.67400002    2.93000007
   15.22333336    0.65499997    2.91000009
   15.22916603    0.65499997    2.93000007
   15.23277760    0.65499997    2.91000009
   15.23638916    0.65499997    2.91000009
   15.24250031    0.67400002    2.91000009
   15.24611092    0.67400002    2.91000009
   15.25083351    0.67400002    2.91000009
   15.25305557    0.67400002    2.93000007
   15.25361156    0.67400002    2.93000007
   15.25388908    0.67400002    2.91000009
   15.25444412    0.67400002    2.93000007
   15.25500011    0.69300002    2.91000009
   15.25527763    0.67400002    2.91000009
   15.25583363    0.69300002    2.91000009
   15.25638866    0.69300002    2.91000009
   15.25666714    0.67400002    2.91000009
   15.25722218    0.69300002    2.91000009
   15.25749969    0.67400002    2.91000009
   15.25805569    0.69300002    2.91000009
   15.25861073    0.67400002    2.93000007
   15.25888920    0.67400002    2.91000009
   15.25944424    0.67400002    2.91000009
   15.26000023    0.69300002    2.91000009
   15.26055527    0.67400002    2.91000009
   15.26083374    0.67400002    2.91000009
   15.26138878    0.67400002    2.91000009
   15.26194477    0.67400002    2.93000007
   15.26222229    0.67400002    2.91000009
   15.26277733    0.67400002    2.91000009
   15.26333332    0.67400002    2.93000007
   15.26361084    0.67400002    2.91000009
   15.26416683    0.67400002    2.91000009
   15.26472187    0.67400002    2.91000009
   15.26500034    0.67400002    2.91000009
   15.26555538    0.67400002    2.91000009
   15.26611137    0.67400002    2.91000009
   15.26638889    0.65499997    2.91000009
   15.26694393    0.65499997    2.91000009
   15.26722240    0.67400002    2.93000007
   15.26777744    0.65499997    2.93000007
   15.27027798    0.65499997    2.93000007
   15.27472210    0.67400002    2.93000007
   15.27888870    0.67400002    2.93000007
   15.27944374    0.65499997    2.91000009
   15.28027725    0.65499997    2.93000007
   15.28083324    0.67400002    2.91000009
   15.28166676    0.67400002    2.91000009
   15.28222179    0.65499997    2.91000009
   15.28305531    0.65499997    2.91000009
   15.28388977    0.65499997    2.93000007
   15.28444481    0.65499997    2.91000009
   15.28750038    0.65499997    2.93000007
   15.28833389    0.65499997    2.93000007
   15.28916740    0.65499997    2.91000009
   15.29000092    0.65499997    2.91000009
   15.29055595    0.65499997    2.93000007
   15.29138947    0.65499997    2.93000007
   15.29166698    0.65499997    2.93000007
   15.29416752    0.65499997    2.91000009
   15.29444504    0.65499997    2.91000009
   15.29638958    0.65499997    2.91000009
   15.29972267    0.65499997    2.93000007
   15.30388927    0.65499997    2.93000007
   15.30749989    0.65499997    2.91000009
   15.31083393    0.65499997    2.93000007
   15.31472206    0.65499997    2.93000007
   15.31833363    0.65499997    2.93000007
   15.32194424    0.65499997    2.93000007
   15.32583332    0.63599998    2.93000007
   15.33027744    0.65499997    2.93000007
   15.33249950    0.65499997    2.91000009
   15.33305550    0.65499997    2.94899988
   15.33333302    0.65499997    2.93000007
   15.33388901    0.65499997    2.91000009
   15.33444405    0.65499997    2.91000009
   15.33472157    0.65499997    2.91000009
   15.33527756    0.65499997    2.91000009
   15.33583260    0.65499997    2.93000007
   15.33611107    0.65499997    2.93000007
   15.33666611    0.65499997    2.91000009
   15.33722210    0.65499997    2.93000007
   15.33749962    0.65499997    2.93000007
   15.33805561    0.65499997    2.91000009
   15.33861065    0.65499997    2.91000009
   15.33888817    0.65499997    2.93000007
   15.33944416    0.65499997    2.93000007
   15.33972168    0.65499997    2.93000007
   15.34027767    0.65499997    2.93000007
   15.34055519    0.65499997    2.93000007
   15.34111118    0.65499997    2.93000007
   15.34166622    0.65499997    2.93000007
   15.34222221    0.65499997    2.93000007
   15.34249973    0.65499997    2.91000009
   15.34305477    0.65499997    2.91000009
   15.34361076    0.65499997    2.91000009
   15.34388828    0.65499997    2.93000007
   15.34444427    0.65499997    2.91000009
   15.34472179    0.65499997    2.93000007
   15.34527779    0.65499997    2.93000007
   15.34555531    0.65499997    2.93000007
   15.34611034    0.65499997    2.91000009
   15.34666634    0.65499997    2.91000009
   15.34694386    0.65499997    2.91000009
   15.34944439    0.65499997    2.93000007
   15.35388947    0.65499997    2.93000007
   15.35777855    0.65499997    2.93000007
   15.35861111    0.65499997    2.93000007
   15.35916710    0.65499997    2.93000007
   15.36000061    0.65499997    2.91000009
   15.36055565    0.65499997    2.93000007
   15.36138916    0.65499997    2.91000009
   15.36222267    0.65499997    2.91000009
   15.36277771    0.65499997    2.91000009
   15.36361122    0.65499997    2.93000007
   15.36638927    0.65499997    2.93000007
   15.36944485    0.65499997    2.93000007
   15.36999989    0.65499997    2.93000007
   15.37055588    0.65499997    2.93000007
   15.37111092    0.65499997    2.93000007
   15.37166691    0.65499997    2.93000007
   15.37250042    0.65499997    2.91000009
   15.37333393    0.65499997    2.91000009
   15.37388897    0.65499997    2.93000007
   15.37472248    0.65499997    2.93000007
   15.37750053    0.65499997    2.91000009
   15.37833309    0.65499997    2.93000007
   15.37916660    0.65499997    2.91000009
   15.37972260    0.65499997    2.93000007
   15.38055611    0.65499997    2.93000007
   15.38111115    0.65499997    2.93000007
   15.38194466    0.65499997    2.91000009
   15.38249969    0.65499997    2.93000007
   15.38305569    0.65499997    2.91000009
   15.38527775    0.65499997    2.91000009
   15.38583279    0.65499997    2.91000009
   15.38777733    0.65499997    2.93000007
   15.39138889    0.65499997    2.93000007
   15.39750004    0.65499997    2.93000007
   15.40111065    0.65499997    2.91000009
   15.40472221    0.65499997    2.91000009
   15.40861034    0.65499997    2.93000007
   15.41222191    0.65499997    2.93000007
   15.41583252    0.63599998    2.93000007
   15.41972256    0.63599998    2.93000007
   15.42416668    0.65499997    2.91000009
   15.42638874    0.65499997    2.93000007
   15.42666721    0.65499997    2.93000007
   15.42722225    0.65499997    2.93000007
   15.42777824    0.65499997    2.93000007
   15.42805576    0.65499997    2.93000007
   15.42861176    0.65499997    2.93000007
   15.42888927    0.65499997    2.93000007
   15.42944431    0.65499997    2.93000007
   15.43000031    0.65499997    2.93000007
   15.43027782    0.65499997    2.93000007
   15.43083382    0.65499997    2.94899988
   15.43111134    0.65499997    2.93000007
   15.43166733    0.65499997    2.93000007
   15.43222237    0.65499997    2.93000007
   15.43249989    0.65499997    2.94899988
   15.43305588    0.65499997    2.93000007
   15.43333340    0.65499997    2.93000007
   15.43388939    0.65499997    2.93000007
   15.43444443    0.65499997    2.93000007
   15.43500042    0.65499997    2.94899988
   15.43527794    0.65499997    2.93000007
   15.43583298    0.65499997    2.93000007
   15.43638897    0.65499997    2.93000007
   15.43666649    0.65499997    2.93000007
   15.43722248    0.65499997    2.91000009
   15.43777752    0.65499997    2.93000007
   15.43805599    0.65499997    2.93000007
   15.43861103    0.65499997    2.93000007
   15.43888855    0.65499997    2.93000007
   15.43944454    0.65499997    2.93000007
   15.44000053    0.65499997    2.93000007
   15.44055557    0.65499997    2.93000007
   15.44083309    0.65499997    2.93000007
   15.44333363    0.65499997    2.93000007
   15.44777775    0.63599998    2.93000007
   15.45166683    0.63599998    2.93000007
   15.45249939    0.63599998    2.93000007
   15.45305538    0.63599998    2.93000007
   15.45388889    0.63599998    2.93000007
   15.45444393    0.63599998    2.93000007
   15.45527744    0.63599998    2.93000007
   15.45611095    0.63599998    2.93000007
   15.45666695    0.63599998    2.93000007
   15.45749950    0.63599998    2.93000007
   15.45805550    0.63599998    2.93000007
   15.45888901    0.63599998    2.93000007
   15.45972157    0.63599998    2.93000007
   15.46027756    0.63599998    2.93000007
   15.46111107    0.63599998    2.93000007
   15.46166611    0.63599998    2.93000007
   15.46249962    0.63599998    2.93000007
   15.46333313    0.63599998    2.93000007
   15.46361065    0.63599998    2.93000007
   15.46611118    0.65499997    2.93000007
   15.46638870    0.67400002    2.91000009
   15.46833324    0.98299998    2.93000007
   15.47222137    2.87199998    2.93000007
   15.47555542    1.75399995    2.94899988
   15.47694397    1.38699996    2.94899988
   15.47749996    1.27199996    2.94899988
   15.47805500    1.27199996    2.94899988
   15.47972202    3.73900008    2.96799994
   15.48055553    4.91499996    2.98699999
   15.48111057    4.91499996    2.98699999
   15.48194408    4.91499996    3.00699997
   15.48277760    4.91499996    2.98699999
   15.48333359    4.91499996    3.00699997
   15.48416710    4.91499996    2.94899988
   15.48472214    4.91499996    2.98699999
   15.48555565    4.91499996    2.77500010
   15.48638916    4.91499996    2.66000009
   15.48694515    4.91499996    2.98699999
   15.48777771    4.91499996    2.81399989
   15.48833370    4.91499996    2.58299994
   15.48916721    4.91499996    2.94899988
   15.48972225    4.91499996    2.79500008
   15.49055576    4.91499996    2.50600004
   15.49138927    4.91499996    2.79500008
   15.49194431    4.91499996    2.98699999
   15.49277782    4.91499996    3.04500008
   15.49361134    4.91499996    3.02600002
   15.49416733    4.91499996    3.02600002
   15.49499989    4.91499996    3.00699997
   15.49555588    4.91499996    3.00699997
   15.49638939    4.91499996    2.81399989
   15.49694443    4.91499996    2.04299998
   15.49777794    4.91499996    1.09800005
   15.50083351    4.91499996    2.98699999
   15.50166702    4.91499996    3.00699997
   15.50222206    4.91499996    3.00699997
   15.50305557    4.91499996    3.00699997
   15.50361156    4.91499996    2.98699999
   15.50444412    4.91499996    2.98699999
   15.50694466    4.91499996    2.77500010
   15.51000023    4.91499996    2.50600004
   15.51111126    4.91499996    2.46700001
   15.51222229    4.91499996    2.91000009
   15.51305580    4.91499996    2.93000007
   15.51416683    4.91499996    2.89100003
   15.51500034    4.91499996    2.89100003
   15.51611137    4.91499996    2.91000009
   15.51722240    3.04500008    2.93000007
   15.51805496    1.54200006    2.93000007
   15.51944447    0.90600002    2.93000007
   15.51999950    0.79000002    2.93000007
   15.52055550    0.69300002    2.93000007
   15.52111053    0.65499997    2.93000007
   15.52305508    0.65499997    2.91000009
   15.52361107    0.65499997    2.93000007
   15.52444458    0.65499997    2.91000009
   15.52499962    0.65499997    2.93000007
   15.52583313    0.65499997    2.93000007
   15.52666664    0.65499997    2.93000007
   15.52722168    0.65499997    2.94899988
   15.52805519    0.65499997    2.93000007
   15.52861118    0.65499997    2.94899988
   15.52944374    0.79000002    2.93000007
   15.53027725    1.23300004    2.94899988
   15.53083324    2.15899992    2.94899988
   15.53166676    3.77800012    2.94899988
   15.53249931    4.49100018    2.94899988
   15.53305531    4.47200012    2.94899988
   15.53388977    4.56799984    2.94899988
   15.53638935    4.91499996    2.79500008
   15.53694534    4.91499996    2.91000009
   15.53833389    4.91499996    2.96799994
   15.53944492    4.91499996    2.94899988
   15.54027843    4.91499996    2.96799994
   15.54138947    4.91499996    2.94899988
   15.54250050    4.91499996    2.94899988
   15.54333401    4.91499996    2.96799994
   15.54444504    4.91499996    2.94899988
   15.54527855    4.91499996    2.96799994
   15.54638958    4.91499996    2.94899988
   15.54750061    4.91499996    2.96799994
   15.54833412    4.72200012    2.94899988
   15.54944515    1.96599996    2.93000007
   15.55083370    1.13699996    2.66000009
   15.55138874    1.19500005    2.54399991
   15.55194473    1.56099999    2.48600006
   15.55249977    2.40899992    2.73699999
   15.55305576    3.41199994    2.94899988
   15.55361176    4.35599995    2.96799994
   15.55472279    4.91499996    2.96799994
   15.55500031    4.91499996    2.96799994
   15.55611134    4.91499996    2.96799994
   15.55694485    4.45300007    2.98699999
   15.55805588    4.91499996    2.96799994
   15.55916691    4.91499996    2.96799994
   15.56000042    4.91499996    2.98699999
   15.56111145    4.91499996    2.96799994
   15.56222248    4.91499996    2.96799994
   15.56305599    4.31799984    2.96799994
   15.56416702    2.83299994    2.93000007
   15.56500053    1.86899996    2.94899988
   15.56638908    1.13699996    2.93000007
   15.56694412    0.94400001    2.93000007
   15.56750011    0.82800001    2.93000007
   15.56916618    0.69300002    2.93000007
   15.56999969    0.67400002    2.93000007
   15.57305527    0.69300002    2.93000007
   15.57361126    0.88599998    2.94899988
   15.57444477    1.85000002    2.94899988
   15.57499981    3.70099998    2.94899988
   15.57583332    4.91499996    2.96799994
   15.57638836    4.91499996    2.96799994
   15.57916641    4.91499996    3.00699997
   15.57972240    4.91499996    3.00699997
   15.58111095    4.91499996    3.02600002
   15.58222198    4.91499996    3.04500008
   15.58305550    4.91499996    3.04500008
   15.58416653    4.91499996    2.75600004
   15.58500004    4.91499996    2.37100005
   15.58611107    4.91499996    2.46700001
   15.58722210    4.91499996    2.00399995
   15.58805561    4.91499996    2.83299994
   15.58916664    4.91499996    2.87199998
   15.59000015    4.91499996    2.98699999
   15.59111118    4.91499996    2.96799994
   15.59222221    4.91499996    2.94899988
   15.59305477    2.23600006    2.94899988
   15.59416676    0.98299998    2.94899988
   15.59527779    0.71300000    2.94899988
   15.59583282    0.69300002    2.91000009
   15.59638882    0.69300002    2.93000007
   15.59694386    0.67400002    2.93000007
   15.59749985    0.69300002    2.93000007
   15.59916592    0.67400002    2.93000007
   15.60000038    0.67400002    2.93000007
   15.60055637    0.67400002    2.93000007
   15.60138893    0.67400002    2.93000007
   15.60444450    0.67400002    2.89100003
   15.60527802    0.67400002    2.91000009
   15.60583401    0.67400002    2.93000007
   15.60666752    0.67400002    2.93000007
   15.60916710    0.65499997    2.94899988
   15.61166668    0.67400002    2.93000007
   15.61194515    0.67400002    2.93000007
   15.61388969    0.65499997    2.93000007
   15.61750031    0.65499997    2.94899988
   15.62166691    0.77100003    2.94899988
   15.62527752    4.91499996    2.96799994
   15.62861156    4.91499996    2.98699999
   15.62944412    4.91499996    2.98699999
   15.63055611    4.91499996    2.96799994
   15.63166714    4.91499996    2.96799994
   15.63249969    4.91499996    2.87199998
   15.63361073    4.91499996    2.93000007
   15.63444424    4.91499996    2.98699999
   15.63555527    4.91499996    2.98699999
   15.63666630    4.91499996    2.96799994
   15.63749981    4.91499996    2.98699999
   15.63861084    4.91499996    3.02600002
   15.63944435    4.91499996    3.00699997
   15.64055538    4.91499996    2.98699999
   15.64166641    4.91499996    2.50600004
   15.64249992    4.91499996    1.40699995
   15.64361095    4.91499996    0.07700000
   15.64472198    4.91499996    0.05700000
   15.64555550    4.91499996    0.05700000
   15.64666653    4.91499996    0.05700000
   15.64750004    4.91499996    0.05700000
   15.64861107    4.91499996    0.05700000
   15.64972210    4.91499996    0.03800000
   15.65055561    4.91499996    0.01900000
   15.65166664    4.91499996    0.01900000
   15.65249920    4.91499996    0.01900000
   15.65361118    4.91499996    0.01900000
   15.65444374    4.91499996    0.01900000
   15.65555477    4.91499996    0.01900000
   15.65666676    4.91499996    0.01900000
   15.65749931    4.91499996    0.01900000
   15.65861034    4.91499996    0.01900000
   15.65944386    4.91499996    0.01900000
   15.66055489    4.91499996    0.01900000
   15.66166592    4.91499996    0.01900000
   15.66249943    4.91499996    0.03800000
   15.66361046    4.91499996    0.05700000
   15.66444397    4.91499996    0.05700000
   15.66555500    4.91499996    0.07700000
   15.66666698    4.91499996    0.09600000
   15.66750050    4.91499996    0.13400000
   15.66861153    4.91499996    0.19200000
   15.66944504    4.91499996    0.21200000
   15.67055607    4.91499996    0.25000000
   15.67166710    4.91499996    0.28900000
   15.67250061    4.91499996    0.51999998
   15.67361164    4.91499996    0.98299998
   15.67444515    4.91499996    1.33000004
   15.67555618    4.91499996    2.06200004
   15.67666721    4.91499996    2.33200002
   15.67750072    4.91499996    2.00399995
   15.67861176    4.91499996    1.46500003
   15.67944431    4.91499996    0.55900002
   15.68055630    4.91499996    0.36600000
   15.68166733    4.91499996    0.32699999
   15.68249989    4.91499996    0.32699999
   15.68361092    4.91499996    0.40400001
   15.68444443    4.91499996    0.50099999
   15.68555546    4.91499996    1.19500005
   15.68666649    4.91499996    1.11800003
   15.68750000    4.91499996    0.69300002
   15.68861103    4.91499996    1.38699996
   15.68972206    4.91499996    2.77500010
   15.69055557    4.91499996    3.02600002
   15.69166660    4.91499996    3.00699997
   15.69250011    4.91499996    3.00699997
   15.69361115    4.91499996    2.96799994
   15.69444466    4.91499996    2.96799994
   15.69555569    2.93000007    2.94899988
   15.69666672    1.42600000    2.96799994
   15.69777775    0.75099999    2.94899988
   15.69833374    0.71300000    2.94899988
   15.69888878    0.69300002    2.94899988
   15.70083332    0.67400002    2.93000007
   15.70138836    0.67400002    2.93000007
   15.70222187    0.67400002    2.93000007
   15.70305538    0.67400002    2.93000007
   15.70361137    0.67400002    2.93000007
   15.70444393    0.69300002    2.93000007
   15.70527744    0.69300002    2.93000007
   15.70583344    0.71300000    2.93000007
   15.70666695    0.79000002    2.93000007
   15.70722198    0.92500001    2.91000009
   15.70805550    1.09800005    2.93000007
   15.70888901    1.23300004    2.91000009
   15.70944405    1.30999994    2.93000007
   15.71027756    1.34899998    2.93000007
   15.71249962    1.25300002    2.93000007
   15.71638870    0.73199999    2.94899988
   15.72083282    0.69300002    2.93000007
   15.72333336    0.67400002    2.93000007
   15.72361088    0.67400002    2.94899988
   15.72416592    0.69300002    2.93000007
   15.72472191    0.69300002    2.93000007
   15.72499943    0.69300002    2.93000007
   15.72555542    0.67400002    2.93000007
   15.72583294    0.69300002    2.93000007
   15.72638798    0.67400002    2.93000007
   15.72694397    0.67400002    2.93000007
   15.72749996    0.67400002    2.93000007
   15.72777748    0.67400002    2.93000007
   15.72833252    0.67400002    2.93000007
   15.72888851    0.69300002    2.91000009
   15.72916603    0.67400002    2.93000007
   15.72972202    0.69300002    2.93000007
   15.73027706    0.67400002    2.93000007
   15.73055553    0.67400002    2.93000007
   15.73111057    0.67400002    2.93000007
   15.73166656    0.69300002    2.93000007
   15.73222160    0.67400002    2.93000007
   15.73277760    0.69300002    2.93000007
   15.73305511    0.67400002    2.93000007
   15.73361111    0.69300002    2.93000007
   15.73416710    0.67400002    2.93000007
   15.73444462    0.69300002    2.93000007
   15.73500061    0.67400002    2.93000007
   15.73555565    0.67400002    2.94899988
   15.73583317    0.67400002    2.93000007
   15.73638916    0.67400002    2.93000007
   15.73694515    0.69300002    2.93000007
   15.73722267    0.67400002    2.93000007
   15.73777771    0.67400002    2.93000007
   15.74027824    0.67400002    2.93000007
   15.74250031    0.67400002    2.93000007
   15.74527836    0.67400002    2.93000007
   15.74916649    0.65499997    2.93000007
   15.75000000    0.65499997    2.93000007
   15.75055599    0.67400002    2.93000007
   15.75138855    0.67400002    2.93000007
   15.75194454    0.67400002    2.93000007
   15.75277805    0.67400002    2.94899988
   15.75361156    0.69300002    2.93000007
   15.75416660    0.73199999    2.93000007
   15.75500011    0.77100003    2.93000007
   15.75583363    0.79000002    2.93000007
   15.75638866    0.77100003    2.91000009
   15.75916672    0.73199999    2.94899988
   15.76138878    0.92500001    2.93000007
   15.76194477    0.90600002    2.93000007
   15.76388931    0.75099999    2.93000007
   15.76749992    0.67400002    2.93000007
   15.77138901    0.71300000    2.93000007
   15.77527714    2.71799994    2.87199998
   15.77861118    4.91499996    2.66000009
   15.77944374    4.91499996    2.91000009
   15.78055573    4.91499996    2.94899988
   15.78138828    4.91499996    2.94899988
   15.78249931    4.91499996    2.96799994
   15.78361130    4.91499996    2.96799994
   15.78444481    4.91499996    2.96799994
   15.78555584    4.91499996    2.94899988
   15.78666687    4.35599995    2.94899988
   15.78750038    3.50799990    2.94899988
   15.78861141    2.83299994    2.94899988
   15.78944492    2.46700001    2.94899988
   15.79055595    2.64000010    2.94899988
   15.79166698    3.45000005    2.94899988
   15.79250050    4.58799982    2.94899988
   15.79361153    4.91499996    2.96799994
   15.79444504    4.91499996    2.94899988
   15.79555607    4.91499996    2.94899988
   15.79666710    4.18300009    2.94899988
   15.79750061    2.42799997    2.94899988
   15.79861164    1.83099997    2.94899988
   15.80000019    2.31299996    2.94899988
   15.80055618    2.69799995    2.93000007
   15.80111122    3.02600002    2.94899988
   15.80166721    3.23799992    2.94899988
   15.80222225    3.46900010    2.94899988
   15.80333328    4.02799988    2.94899988
   15.80361176    4.33699989    2.94899988
   15.80472279    4.85699987    2.96799994
   15.80555534    4.58799982    2.96799994
   15.80666733    3.12199998    2.94899988
   15.80777836    1.86899996    2.94899988
   15.80888939    0.92500001    2.94899988
   15.80944443    0.79000002    2.94899988
   15.81000042    0.71300000    2.94899988
   15.81055546    0.67400002    2.94899988
   15.81250000    0.65499997    2.93000007
   15.81305599    0.65499997    2.93000007
   15.81388950    0.65499997    2.93000007
   15.81472206    0.65499997    2.93000007
   15.81750011    0.65499997    2.93000007
   15.81833363    0.65499997    2.93000007
   15.81888866    0.65499997    2.93000007
   15.81972218    0.65499997    2.93000007
   15.82055569    0.63599998    2.94899988
   15.82250023    0.63599998    2.93000007
   15.82638836    0.65499997    2.93000007
   15.82999992    0.63599998    2.93000007
   15.83361053    0.65499997    2.93000007
   15.83749962    0.63599998    2.93000007
   15.84194374    0.63599998    2.93000007
   15.84416676    0.63599998    2.93000007
   15.84472179    0.63599998    2.93000007
   15.84499931    0.63599998    2.93000007
   15.84555531    0.63599998    2.93000007
   15.84611034    0.63599998    2.93000007
   15.84638882    0.63599998    2.93000007
   15.84694386    0.63599998    2.93000007
   15.84722233    0.63599998    2.93000007
   15.84777737    0.63599998    2.93000007
   15.84833336    0.63599998    2.93000007
   15.84861088    0.63599998    2.93000007
   15.84916592    0.63599998    2.93000007
   15.84944439    0.63599998    2.93000007
   15.85000038    0.63599998    2.93000007
   15.85055637    0.63599998    2.93000007
   15.85083389    0.63599998    2.93000007
   15.85138893    0.63599998    2.93000007
   15.85194492    0.63599998    2.93000007
   15.85222244    0.63599998    2.94899988
   15.85277843    0.63599998    2.94899988
   15.85333347    0.63599998    2.94899988
   15.85361195    0.63599998    2.93000007
   15.85416698    0.63599998    2.93000007
   15.85444450    0.63599998    2.93000007
   15.85500050    0.63599998    2.93000007
   15.85555553    0.63599998    2.93000007
   15.85583401    0.65499997    2.93000007
   15.85638905    0.63599998    2.94899988
   15.85666752    0.63599998    2.94899988
   15.85722256    0.63599998    2.93000007
   15.85750008    0.63599998    2.93000007
   15.85805607    0.63599998    2.93000007
   15.85833359    0.63599998    2.93000007
   15.85888958    0.63599998    2.93000007
   15.86138916    0.63599998    2.93000007
   15.86583328    0.63599998    2.93000007
   15.86972237    0.63599998    2.93000007
   15.87027836    0.63599998    2.93000007
   15.87111092    0.67400002    2.93000007
   15.87166691    0.63599998    2.93000007
   15.87250042    0.63599998    2.93000007
   15.87333393    0.63599998    2.93000007
   15.87388897    0.63599998    2.93000007
   15.87472248    0.63599998    2.94899988
   15.87777805    0.61600000    2.93000007
   15.87833309    0.61600000    2.93000007
   15.87916660    0.61600000    2.93000007
   15.87944412    0.63599998    2.93000007
   15.88194466    0.63599998    2.93000007
   15.88222218    0.61600000    2.93000007
   15.88416672    0.61600000    2.93000007
   15.88777733    0.61600000    2.93000007
   15.89166641    0.61600000    2.93000007
   15.89527798    0.61600000    2.93000007
   15.89888859    0.59700000    2.93000007
   15.90249920    0.61600000    2.93000007
   15.90611076    0.61600000    2.93000007
   15.90999985    0.61600000    2.94899988
   15.91361046    0.61600000    2.94899988
   15.91833401    0.59700000    2.94899988
   15.92055607    0.59700000    2.94899988
   15.92083359    0.59700000    2.94899988
   15.92138958    0.61600000    2.94899988
   15.92194462    0.59700000    2.94899988
   15.92222214    0.61600000    2.94899988
   15.92277813    0.59700000    2.94899988
   15.92333412    0.61600000    2.93000007
   15.92361164    0.61600000    2.94899988
   15.92416668    0.61600000    2.93000007
   15.92472267    0.59700000    2.94899988
   15.92500019    0.61600000    2.94899988
   15.92555618    0.59700000    2.94899988
   15.92583370    0.59700000    2.93000007
   15.92638874    0.59700000    2.93000007
   15.92694473    0.61600000    2.93000007
   15.92750072    0.61600000    2.93000007
   15.92777824    0.59700000    2.94899988
   15.92833328    0.61600000    2.93000007
   15.92888927    0.59700000    2.93000007
   15.92916679    0.59700000    2.93000007
   15.92972279    0.61600000    2.93000007
   15.93027782    0.59700000    2.93000007
   15.93083382    0.59700000    2.93000007
   15.93111134    0.59700000    2.94899988
   15.93166733    0.59700000    2.93000007
   15.93194485    0.59700000    2.93000007
   15.93249989    0.59700000    2.93000007
   15.93305588    0.59700000    2.91000009
   15.93333340    0.61600000    2.94899988
   15.93388939    0.63599998    2.93000007
   15.93444443    0.61600000    2.93000007
   15.93472195    0.61600000    2.93000007
   15.93527794    0.59700000    2.93000007
   15.93750000    0.59700000    2.93000007
   15.94222260    0.59700000    2.94899988
   15.94611073    0.59700000    2.93000007
   15.94666672    0.59700000    2.93000007
   15.94750023    0.59700000    2.93000007
   15.94833374    0.59700000    2.93000007
   15.94888878    0.61600000    2.93000007
   15.94972229    0.61600000    2.93000007
   15.95027733    0.59700000    2.93000007
   15.95111084    0.59700000    2.93000007
   15.95194435    0.59700000    2.93000007
   15.95249939    0.59700000    2.93000007
   15.95333290    0.61600000    2.93000007
   15.95388889    0.59700000    2.93000007
   15.95472240    0.59700000    2.93000007
   15.95555496    0.61600000    2.93000007
   15.95583344    0.59700000    2.93000007
   15.95805550    0.59700000    2.93000007
   15.95861053    0.59700000    2.94899988
   15.96055508    0.59700000    2.93000007
   15.96416664    0.61600000    2.93000007
   15.96805477    0.61600000    2.93000007
   15.97166634    0.59700000    2.94899988
   15.97527695    0.59700000    2.94899988
   15.97916603    0.61600000    2.94899988
   15.98277760    0.59700000    2.93000007
   15.98638916    0.59700000    2.94899988
   15.99250031    0.59700000    2.93000007
   15.99694443    0.59700000    2.94899988
   15.99916649    0.59700000    2.93000007
   15.99972248    0.59700000    2.93000007
   16.00027847    0.59700000    2.94899988
   16.00055504    0.59700000    2.93000007
   16.00111198    0.59700000    2.93000007
   16.00138855    0.59700000    2.93000007
   16.00194359    0.59700000    2.94899988
   16.00250053    0.59700000    2.94899988
   16.00277710    0.59700000    2.93000007
   16.00333405    0.59700000    2.93000007
   16.00388908    0.59700000    2.93000007
   16.00444412    0.59700000    2.93000007
   16.00472260    0.59700000    2.93000007
   16.00527763    0.59700000    2.93000007
   16.00583267    0.59700000    2.93000007
   16.00611115    0.59700000    2.93000007
   16.00666618    0.59700000    2.93000007
   16.00694466    0.59700000    2.93000007
   16.00749969    0.59700000    2.93000007
   16.00805473    0.59700000    2.93000007
   16.00861168    0.59700000    2.93000007
   16.00888824    0.59700000    2.93000007
   16.00944519    0.59700000    2.94899988
   16.01000023    0.59700000    2.94899988
   16.01027870    0.59700000    2.94899988
   16.01083374    0.59700000    2.93000007
   16.01111031    0.59700000    2.93000007
   16.01166725    0.59700000    2.93000007
   16.01194382    0.59700000    2.93000007
   16.01250076    0.59700000    2.93000007
   16.01305580    0.59700000    2.94899988
   16.01361084    0.59700000    2.94899988
   16.01388931    0.59700000    2.93000007
   16.01638794    0.59700000    2.94899988
   16.02083397    0.59700000    2.94899988
   16.02499962    0.59700000    2.94899988
   16.02555466    0.59700000    2.93000007
   16.02638817    0.59700000    2.94899988
   16.02694511    0.59700000    2.94899988
   16.02777672    0.59700000    2.93000007
   16.02833366    0.59700000    2.94899988
   16.02916718    0.59700000    2.94899988
   16.03000069    0.59700000    2.94899988
   16.03055573    0.59700000    2.94899988
   16.03111076    0.59700000    2.94899988
   16.03333282    0.59700000    2.93000007
   16.03388786    0.59700000    2.93000007
   16.03805542    0.59700000    2.93000007
   16.04166603    0.59700000    2.94899988
   16.04555511    0.59700000    2.93000007
   16.04916573    0.59700000    2.93000007
   16.05277634    0.59700000    2.93000007
   16.05638885    0.59700000    2.93000007
   16.05999947    0.59700000    2.94899988
   16.06361008    0.59700000    2.93000007
   16.06750107    0.59700000    2.93000007
   16.07194519    0.61600000    2.94899988
   16.07416725    0.59700000    2.94899988
   16.07472229    0.59700000    2.94899988
   16.07500076    0.59700000    2.94899988
   16.07555580    0.59700000    2.94899988
   16.07583427    0.61600000    2.93000007
   16.07638931    0.61600000    2.93000007
   16.07694626    0.59700000    2.93000007
   16.07722282    0.59700000    2.93000007
   16.07777786    0.59700000    2.94899988
   16.07833481    0.59700000    2.94899988
   16.07861137    0.59700000    2.94899988
   16.07916832    0.59700000    2.94899988
   16.07972336    0.59700000    2.94899988
   16.08027840    0.59700000    2.93000007
   16.08055687    0.59700000    2.94899988
   16.08111191    0.63599998    2.94899988
   16.08166695    0.59700000    2.93000007
   16.08194542    0.59700000    2.94899988
   16.08250046    0.59700000    2.94899988
   16.08305550    0.59700000    2.94899988
   16.08333397    0.59700000    2.94899988
   16.08388901    0.59700000    2.94899988
   16.08416748    0.59700000    2.94899988
   16.08472252    0.59700000    2.93000007
   16.08500099    0.59700000    2.94899988
   16.08555603    0.59700000    2.94899988
   16.08611107    0.59700000    2.94899988
   16.08666801    0.59700000    2.94899988
   16.08694458    0.59700000    2.94899988
   16.08750153    0.59700000    2.93000007
   16.08805656    0.59700000    2.94899988
   16.08833313    0.59700000    2.94899988
   16.08889008    0.59700000    2.94899988
   16.09138870    0.59700000    2.93000007
   16.09583473    0.59700000    2.94899988
   16.09972191    0.59700000    2.94899988
   16.10027885    0.59700000    2.93000007
   16.10111237    0.59700000    2.93000007
   16.10194397    0.59700000    2.94899988
   16.10472298    0.59700000    2.94899988
   16.10555649    0.59700000    2.93000007
   16.10639000    0.59700000    2.93000007
   16.10944557    0.59700000    2.94899988
   16.11000061    0.61600000    2.94899988
   16.11083412    0.59700000    2.93000007
   16.11111069    0.61600000    2.94899988
   16.11361122    0.61600000    2.93000007
   16.11388969    0.61600000    2.93000007
   16.11583328    0.61600000    2.93000007
   16.11944389    0.63599998    2.93000007
   16.12333298    0.63599998    2.93000007
   16.12694550    0.63599998    2.93000007
   16.13027763    0.63599998    2.93000007
   16.13416672    0.63599998    2.93000007
   16.13777733    0.61600000    2.94899988
   16.14138794    0.61600000    2.94899988
   16.14527702    0.59700000    2.94899988
   16.14972115    0.59700000    2.93000007
   16.15194321    0.59700000    2.93000007
   16.15250015    0.59700000    2.93000007
   16.15277672    0.59700000    2.93000007
   16.15333366    0.59700000    2.94899988
   16.15361023    0.61600000    2.94899988
   16.15416718    0.59700000    2.94899988
   16.15472221    0.59700000    2.93000007
   16.15499878    0.61600000    2.94899988
   16.15555573    0.61600000    2.94899988
   16.15611076    0.59700000    2.94899988
   16.15666580    0.59700000    2.94899988
   16.15694427    0.59700000    2.93000007
   16.15749931    0.61600000    2.94899988
   16.15805435    0.59700000    2.93000007
   16.15833282    0.59700000    2.94899988
   16.15888786    0.59700000    2.94899988
   16.15944481    0.61600000    2.93000007
   16.15972137    0.61600000    2.93000007
   16.16027832    0.59700000    2.94899988
   16.16083336    0.59700000    2.94899988
   16.16110992    0.59700000    2.94899988
   16.16166687    0.59700000    2.93000007
   16.16194344    0.59700000    2.93000007
   16.16250038    0.59700000    2.94899988
   16.16305542    0.59700000    2.94899988
   16.16333389    0.59700000    2.93000007
   16.16388893    0.59700000    2.93000007
   16.16444397    0.61600000    2.93000007
   16.16472244    0.61600000    2.94899988
   16.16527748    0.59700000    2.93000007
   16.16555595    0.61600000    2.94899988
   16.16611099    0.61600000    2.94899988
   16.16638756    0.59700000    2.94899988
   16.16888809    0.61600000    2.94899988
   16.17361069    0.61600000    2.93000007
   16.17749977    0.61600000    2.93000007
   16.17805481    0.61600000    2.93000007
   16.17888832    0.61600000    2.93000007
   16.17944336    0.59700000    2.93000007
   16.18249893    0.59700000    2.93000007
   16.18305397    0.59700000    2.94899988
   16.18388748    0.59700000    2.93000007
   16.18666649    0.59700000    2.94899988
   16.18750000    0.59700000    2.93000007
   16.18805504    0.61600000    2.93000007
   16.18888855    0.59700000    2.94899988
   16.18972206    0.59700000    2.94899988
   16.19027710    0.61600000    2.93000007
   16.19111061    0.59700000    2.93000007
   16.19166565    0.59700000    2.93000007
   16.19388771    0.61600000    2.94899988
   16.19444275    0.59700000    2.94899988
   16.19610977    0.59700000    2.94899988
   16.19972038    0.61600000    2.94899988
   16.20361137    0.59700000    2.94899988
   16.20722389    0.61600000    2.93000007
   16.21083450    0.61600000    2.93000007
   16.21472359    0.61600000    2.93000007
   16.21833420    0.61600000    2.93000007
   16.22194481    0.59700000    2.93000007
   16.22583389    0.59700000    2.93000007
   16.23027802    0.59700000    2.93000007
   16.23250008    0.59700000    2.94899988
   16.23305511    0.59700000    2.94899988
   16.23333359    0.59700000    2.94899988
   16.23388863    0.59700000    2.93000007
   16.23444557    0.59700000    2.93000007
   16.23500061    0.61600000    2.94899988
   16.23527718    0.59700000    2.93000007
   16.23583412    0.59700000    2.94899988
   16.23638916    0.59700000    2.93000007
   16.23666763    0.59700000    2.93000007
   16.23722267    0.59700000    2.93000007
   16.23777771    0.59700000    2.94899988
   16.23805618    0.59700000    2.94899988
   16.23861122    0.59700000    2.94899988
   16.23916626    0.61600000    2.94899988
   16.23972321    0.59700000    2.94899988
   16.23999977    0.59700000    2.93000007
   16.24055672    0.59700000    2.94899988
   16.24111176    0.59700000    2.93000007
   16.24166679    0.59700000    2.94899988
   16.24194527    0.59700000    2.93000007
   16.24250031    0.59700000    2.94899988
   16.24277878    0.59700000    2.94899988
   16.24333382    0.59700000    2.93000007
   16.24388885    0.59700000    2.94899988
   16.24444389    0.59700000    2.94899988
   16.24472237    0.59700000    2.93000007
   16.24527740    0.57800001    2.94899988
   16.24583435    0.59700000    2.94899988
   16.24638939    0.59700000    2.93000007
   16.24666786    0.59700000    2.94899988
   16.24722290    0.59700000    2.93000007
   16.24944496    0.59700000    2.94899988
   16.25388908    0.59700000    2.94899988
   16.25777817    0.59700000    2.94899988
   16.25861168    0.59700000    2.94899988
   16.25916672    0.61600000    2.94899988
   16.26361084    0.57800001    2.94899988
   16.26388931    0.59700000    2.94899988
   16.26583290    0.59700000    2.94899988
   16.26972198    0.59700000    2.94899988
   16.27361107    0.59700000    2.94899988
   16.27722168    0.61600000    2.94899988
   16.28083229    0.59700000    2.93000007
   16.28499985    0.61600000    2.93000007
   16.28861046    0.61600000    2.94899988
   16.29222107    0.61600000    2.93000007
   16.29611015    0.63599998    2.94899988
   16.30083275    0.63599998    2.94899988
   16.30305481    0.63599998    2.94899988
   16.30360985    0.63599998    2.93000007
   16.30388832    0.63599998    2.94899988
   16.30472183    0.63599998    2.94899988
   16.30499840    0.63599998    2.94899988
   16.30555534    0.63599998    2.94899988
   16.30611038    0.63599998    2.93000007
   16.30638885    0.63599998    2.94899988
   16.30694389    0.63599998    2.94899988
   16.30722237    0.63599998    2.94899988
   16.30777740    0.63599998    2.94899988
   16.30833244    0.63599998    2.94899988
   16.30861092    0.63599998    2.94899988
   16.30916595    0.63599998    2.93000007
   16.30972099    0.63599998    2.94899988
   16.30999947    0.63599998    2.94899988
   16.31055450    0.63599998    2.94899988
   16.31083298    0.63599998    2.94899988
   16.31138802    0.63599998    2.94899988
   16.31194305    0.63599998    2.94899988
   16.31222153    0.63599998    2.94899988
   16.31277657    0.63599998    2.94899988
   16.31333351    0.63599998    2.94899988
   16.31361008    0.63599998    2.94899988
   16.31416512    0.63599998    2.94899988
   16.31444359    0.63599998    2.94899988
   16.31499863    0.63599998    2.94899988
   16.31555557    0.63599998    2.91000009
   16.31583214    0.63599998    2.94899988
   16.31638718    0.63599998    2.94899988
   16.31694603    0.63599998    2.96799994
   16.31750107    0.63599998    2.94899988
   16.31972313    0.63599998    2.94899988
   16.32444572    0.63599998    2.94899988
   16.32833481    0.63599998    2.93000007
   16.32888985    0.63599998    2.94899988
   16.32972336    0.63599998    2.94899988
   16.33027840    0.63599998    2.93000007
   16.33111191    0.63599998    2.93000007
   16.33166695    0.63599998    2.94899988
   16.33222389    0.63599998    2.93000007
   16.33444595    0.63599998    2.93000007
   16.33500099    0.63599998    2.93000007
   16.33694458    0.63599998    2.93000007
   16.34055710    0.65499997    2.93000007
   16.34472275    0.65499997    2.93000007
   16.34861183    0.67400002    2.93000007
   16.35222244    0.65499997    2.93000007
   16.35639000    0.67400002    2.93000007
   16.35972214    0.67400002    2.94899988
   16.36333466    0.69300002    2.94899988
   16.36722183    2.77500010    2.96799994
   16.37055588    4.91499996    3.02600002
   16.37138939    4.91499996    3.02600002
   16.37249947    4.91499996    3.04500008
   16.37361145    4.91499996    2.50600004
   16.37444496    4.91499996    0.32699999
   16.37555504    4.91499996    0.25000000
   16.37638855    4.91499996    0.21200000
   16.37750053    4.91499996    0.25000000
   16.37861061    4.91499996    0.30800000
   16.37944412    4.91499996    0.21200000
   16.38055611    4.91499996    0.19200000
   16.38166618    4.91499996    0.36600000
   16.38249969    4.91499996    0.15400000
   16.38361168    4.91499996    0.09600000
   16.38444519    4.91499996    0.09600000
   16.38555527    4.91499996    0.09600000
   16.38666725    4.91499996    0.07700000
   16.38750076    4.91499996    0.07700000
   16.38861084    4.91499996    0.07700000
   16.38944435    4.14400005    0.05700000
   16.39055634    2.23600006    0.05700000
   16.39138794    1.36800003    0.03800000
   16.39249992    1.07900000    0.03800000
   16.39333344    1.00199997    0.03800000
   16.39416695    0.96300000    0.03800000
   16.39500046    0.96300000    0.01900000
   16.39583397    1.09800005    0.01900000
   16.39666748    1.40699995    0.01900000
   16.39749908    1.77300000    0.01900000
   16.39833260    2.02399993    0.01900000
   16.39916611    2.21600008    0.01900000
   16.39999962    2.60200000    0.01900000
   16.40083313    3.25699997    0.01900000
   16.40166664    4.29799986    0.03800000
   16.40277672    4.70300007    0.03800000
   16.40388870    4.91499996    0.03800000
   16.40472221    4.91499996    0.03800000
   16.40583229    4.91499996    0.03800000
   16.40666580    4.91499996    0.05700000
   16.40777779    4.91499996    0.05700000
   16.40888786    4.91499996    0.05700000
   16.40972137    4.91499996    0.03800000
   16.41083336    4.91499996    0.05700000
   16.41166687    4.91499996    0.05700000
   16.41277695    4.91499996    0.05700000
   16.41388893    4.91499996    0.05700000
   16.41611099    4.91499996    0.05700000
   16.41777802    4.91499996    0.07700000
   16.41833305    4.91499996    0.07700000
   16.42000008    4.91499996    0.07700000
   16.42166519    4.91499996    0.07700000
