    HOUR (UT)     SKY TESTER    SUN TESTER
   10.68777752    0.07700000    0.01900000
   10.68861103    0.07700000    0.01900000
   10.68944454    0.07700000    0.01900000
   10.69027805    0.09600000    0.01900000
   10.69111156    0.09600000    0.01900000
   10.69194412    0.09600000    0.01900000
   10.69277763    0.09600000    0.03800000
   10.69361115    0.11500000    0.03800000
   10.69444466    0.11500000    0.05700000
   10.69527817    0.13400000    0.05700000
   10.69611073    0.13400000    0.05700000
   10.69694424    0.13400000    0.05700000
   10.69777775    0.15400000    0.05700000
   10.69861126    0.15400000    0.05700000
   10.69944477    0.17299999    0.05700000
   10.70027733    0.17299999    0.05700000
   10.70111084    0.17299999    0.05700000
   10.70194435    0.17299999    0.05700000
   10.70277786    0.17299999    0.05700000
   10.70361137    0.19200000    0.05700000
   10.70444393    0.19200000    0.05700000
   10.70527744    0.19200000    0.05700000
   10.70611095    0.19200000    0.05700000
   10.70694447    0.19200000    0.05700000
   10.70777798    0.21200000    0.05700000
   10.70861053    0.21200000    0.05700000
   10.70944405    0.21200000    0.05700000
   10.71027756    0.21200000    0.05700000
   10.71111107    0.23100001    0.05700000
   10.71194458    0.23100001    0.05700000
   10.71277714    0.25000000    0.05700000
   10.71361065    0.25000000    0.07700000
   10.71416664    0.26899999    0.07700000
   10.71500015    0.28900000    0.07700000
   10.71611118    0.28900000    0.07700000
   10.71694374    0.30800000    0.07700000
   10.71777725    0.32699999    0.07700000
   10.71833324    0.34599999    0.09600000
   10.71916580    0.36600000    0.09600000
   10.71999931    0.36600000    0.09600000
   10.72083282    0.38499999    0.09600000
   10.72166634    0.40400001    0.11500000
   10.72249985    0.42399999    0.11500000
   10.72333336    0.44299999    0.11500000
   10.72416592    0.44299999    0.11500000
   10.72499943    0.46200001    0.13400000
   10.72583294    0.48100001    0.13400000
   10.72666645    0.50099999    0.13400000
   10.72749996    0.51999998    0.13400000
   10.72833252    0.53899997    0.15400000
   10.72916603    0.53899997    0.15400000
   10.72999954    0.55900002    0.15400000
   10.73083305    0.55900002    0.15400000
   10.73166656    0.55900002    0.15400000
   10.73249912    0.53899997    0.15400000
   10.73333359    0.53899997    0.15400000
   10.73416710    0.53899997    0.13400000
   10.73500061    0.53899997    0.13400000
   10.73583317    0.51999998    0.13400000
   10.73666668    0.53899997    0.13400000
   10.73750019    0.53899997    0.11500000
   10.73833370    0.51999998    0.11500000
   10.73916721    0.51999998    0.11500000
   10.74000072    0.51999998    0.11500000
   10.74083328    0.51999998    0.09600000
   10.74166679    0.50099999    0.09600000
   10.74250031    0.51999998    0.09600000
   10.74333382    0.51999998    0.07700000
   10.74416733    0.51999998    0.07700000
   10.74499989    0.51999998    0.07700000
   10.74583340    0.53899997    0.07700000
   10.74666691    0.53899997    0.05700000
   10.74750042    0.57800001    0.05700000
   10.74833393    0.57800001    0.03800000
   10.74916649    0.61600000    0.05700000
   10.75000000    0.63599998    0.03800000
   10.75083351    0.67400002    0.05700000
   10.75166702    0.69300002    0.05700000
   10.75249958    0.75099999    0.05700000
   10.75333309    0.79000002    0.07700000
   10.75416660    0.82800001    0.07700000
   10.75500011    0.86699998    0.07700000
   10.75583363    0.90600002    0.09600000
   10.75666714    0.96300000    0.09600000
   10.75749969    1.02100003    0.11500000
   10.75805569    1.05999994    0.11500000
   10.75888920    1.09800005    0.11500000
   10.75972176    1.17499995    0.13400000
   10.76055527    1.21399999    0.13400000
   10.76138878    1.25300002    0.15400000
   10.76222229    1.30999994    0.17299999
   10.76305580    1.34899998    0.17299999
   10.76416683    1.38699996    0.17299999
   10.76472187    1.42600000    0.17299999
   10.76555538    1.44500005    0.17299999
   10.76638889    1.50300002    0.19200000
   10.76722240    1.52199996    0.19200000
   10.76805496    1.56099999    0.21200000
   10.76888847    1.58000004    0.19200000
   10.76972198    1.60000002    0.21200000
   10.77055550    1.61899996    0.21200000
   10.77138901    1.65699995    0.21200000
   10.77222157    1.67700005    0.21200000
   10.77305508    1.67700005    0.21200000
   10.77388859    1.71500003    0.21200000
   10.77499962    1.73399997    0.21200000
   10.77583313    1.73399997    0.21200000
   10.77638817    1.75399995    0.21200000
   10.77722168    1.77300000    0.23100001
   10.77805519    4.91499996    1.21399999
   10.77888870    4.91499996    1.21399999
   10.77999973    4.91499996    1.23300004
   10.78111076    4.91499996    1.23300004
   10.78194427    4.91499996    1.23300004
   10.78305531    4.91499996    1.23300004
   10.78388977    4.91499996    1.23300004
   10.78500080    4.91499996    1.23300004
   10.78583336    4.91499996    1.23300004
   10.78694534    4.91499996    1.23300004
   10.78805637    4.91499996    1.23300004
   10.78888893    4.91499996    1.23300004
   10.79000092    4.91499996    1.23300004
   10.79083347    4.91499996    1.23300004
   10.79194450    4.91499996    1.23300004
   10.79305553    4.91499996    1.23300004
   10.79388905    4.91499996    1.25300002
   10.79500008    4.91499996    1.25300002
   10.79611111    4.91499996    1.25300002
   10.79694462    4.91499996    1.27199996
   10.79805565    4.91499996    1.27199996
   10.79888916    4.91499996    1.27199996
   10.80000019    4.91499996    1.27199996
   10.80083370    4.91499996    1.27199996
   10.80194473    4.91499996    1.27199996
   10.80305576    4.91499996    1.25300002
   10.80388927    4.91499996    1.25300002
   10.80500031    4.91499996    1.25300002
   10.80583382    4.91499996    1.25300002
   10.80694485    4.91499996    1.25300002
   10.80805588    4.91499996    1.25300002
   10.80888939    4.91499996    1.23300004
   10.81000042    4.91499996    1.23300004
   10.81083393    4.91499996    1.25300002
   10.81194496    4.91499996    1.23300004
   10.81305599    4.91499996    1.25300002
   10.81388950    4.91499996    1.25300002
   10.81500053    4.91499996    1.27199996
   10.81611156    4.91499996    1.27199996
   10.81694412    4.91499996    1.29100001
   10.81805515    4.91499996    1.29100001
   10.81888866    4.91499996    1.29100001
   10.81999969    4.91499996    1.30999994
   10.82083321    4.91499996    1.30999994
   10.82194424    4.91499996    1.30999994
   10.82305527    4.91499996    1.30999994
   10.82388878    4.91499996    1.30999994
   10.82499981    4.91499996    1.30999994
   10.82611084    4.91499996    1.30999994
   10.82694435    4.91499996    1.30999994
   10.82805538    4.91499996    1.30999994
   10.82888889    4.91499996    1.30999994
   10.82999992    4.91499996    1.30999994
   10.83083344    4.91499996    1.33000004
   10.83194447    4.91499996    1.30999994
   10.83305550    4.91499996    1.30999994
   10.83388901    4.91499996    1.30999994
   10.83500004    4.91499996    1.30999994
   10.83583260    4.91499996    1.30999994
   10.83694458    4.91499996    1.30999994
   10.83777714    4.91499996    1.30999994
   10.83888817    4.91499996    1.30999994
   10.84000015    4.91499996    1.30999994
   10.84083271    4.91499996    1.29100001
   10.84194374    4.91499996    1.29100001
   10.84277725    4.91499996    1.30999994
   10.84388828    4.91499996    1.30999994
   10.84499931    4.91499996    1.30999994
   10.84583282    4.91499996    1.33000004
   10.84694386    4.91499996    1.33000004
   10.84777737    4.91499996    1.33000004
   10.84888840    4.91499996    1.33000004
   10.85000038    4.91499996    1.34899998
   10.85083389    4.91499996    1.34899998
   10.85194492    4.91499996    1.34899998
   10.85277843    4.91499996    1.36800003
   10.85388947    4.91499996    1.34899998
   10.85500050    4.91499996    1.34899998
   10.85583401    4.91499996    1.36800003
   10.85694504    4.91499996    1.36800003
   10.85777855    4.91499996    1.36800003
   10.85888958    4.91499996    1.36800003
   10.86000061    4.91499996    1.36800003
   10.86083412    4.91499996    1.36800003
   10.86194515    4.91499996    1.36800003
   10.86277771    4.91499996    1.36800003
   10.86388969    4.91499996    1.36800003
   10.86472225    4.91499996    1.36800003
   10.86583328    4.91499996    1.36800003
   10.86694431    4.91499996    1.36800003
   10.86777782    4.91499996    1.38699996
   10.86888885    4.91499996    1.36800003
   10.86972237    4.91499996    1.36800003
   10.87083340    4.91499996    1.38699996
   10.87194443    4.91499996    1.36800003
   10.87277794    4.91499996    1.36800003
   10.87388897    4.91499996    1.34899998
   10.87500000    4.91499996    1.33000004
   10.87583351    4.91499996    1.30999994
   10.87694454    4.91499996    1.27199996
   10.87777805    4.91499996    1.23300004
   10.87888908    4.91499996    1.19500005
   10.87972260    4.91499996    1.15600002
   10.88083363    4.91499996    1.09800005
   10.88194466    4.91499996    1.03999996
   10.88277817    4.91499996    0.98299998
   10.88388920    4.91499996    0.92500001
   10.88472176    4.91499996    0.86699998
   10.88583279    4.91499996    0.80900002
   10.88666630    4.91499996    0.73199999
   10.88777733    4.91499996    0.67400002
   10.88888836    4.91499996    0.61600000
   10.88972187    4.91499996    0.55900002
   10.89083290    4.91499996    0.50099999
   10.89194393    4.91499996    0.42399999
   10.89277744    4.91499996    0.38499999
   10.89388847    4.91499996    0.32699999
   10.89472198    4.91499996    0.28900000
   10.89583302    4.91499996    0.26899999
   10.89666653    4.91499996    0.25000000
   10.89777756    4.91499996    0.23100001
   10.89888859    4.91499996    0.21200000
   10.89972210    4.91499996    0.21200000
   10.90083313    4.91499996    0.21200000
   10.90194416    4.91499996    0.21200000
   10.90277767    4.91499996    0.21200000
   10.90388870    4.91499996    0.23100001
   10.90499973    4.91499996    0.23100001
   10.90583324    4.91499996    0.23100001
   10.90694427    4.91499996    0.25000000
   10.90805531    4.91499996    0.25000000
   10.90888882    4.91499996    0.25000000
   10.90999985    4.91499996    0.26899999
   10.91111088    4.91499996    0.26899999
   10.91194439    4.91499996    0.28900000
   10.91305542    4.91499996    0.28900000
   10.91388893    4.91499996    0.30800000
   10.91499996    4.91499996    0.32699999
   10.91583252    4.91499996    0.34599999
   10.91694450    4.91499996    0.36600000
   10.91805553    4.91499996    0.38499999
   10.91888905    4.91499996    0.40400001
   10.92000008    4.91499996    0.42399999
   10.92083359    4.91499996    0.46200001
   10.92194462    4.91499996    0.48100001
   10.92305565    4.91499996    0.50099999
   10.92388916    4.91499996    0.51999998
   10.92500019    4.91499996    0.53899997
   10.92611122    4.91499996    0.57800001
   10.92694473    4.91499996    0.61600000
   10.92805576    4.91499996    0.63599998
   10.92888927    4.91499996    0.67400002
   10.93000031    4.91499996    0.71300000
   10.93111134    4.91499996    0.75099999
   10.93194485    4.91499996    0.79000002
   10.93305588    4.91499996    0.80900002
   10.93388939    4.91499996    0.84799999
   10.93500042    4.91499996    0.88599998
   10.93611145    4.91499996    0.90600002
   10.93694496    4.91499996    0.94400001
   10.93805599    4.91499996    0.98299998
   10.93888855    4.91499996    1.00199997
   10.94000053    4.91499996    1.03999996
   10.94111156    4.91499996    1.07900000
   10.94194412    4.91499996    1.11800003
   10.94305515    4.91499996    1.15600002
   10.94388866    4.91499996    1.17499995
   10.94499969    4.91499996    1.23300004
   10.94611073    4.91499996    1.25300002
   10.94694424    4.91499996    1.29100001
   10.94805527    4.91499996    1.33000004
   10.94888878    4.91499996    1.34899998
   10.94999981    4.91499996    1.38699996
   10.95111084    4.91499996    1.42600000
   10.95194435    4.91499996    1.44500005
   10.95305538    4.91499996    1.48399997
   10.95416641    4.91499996    1.50300002
   10.95499992    4.91499996    1.52199996
   10.95611095    4.91499996    1.52199996
   10.95694447    4.91499996    1.54200006
   10.95805550    4.91499996    1.54200006
   10.95888901    4.91499996    1.54200006
   10.96000004    4.91499996    1.54200006
   10.96111107    4.91499996    1.54200006
   10.96194458    4.91499996    1.56099999
   10.96305561    4.91499996    1.54200006
   10.96388912    4.91499996    1.56099999
   10.96500015    4.91499996    1.56099999
   10.96611118    4.91499996    1.56099999
   10.96694374    4.91499996    1.56099999
   10.96805477    4.91499996    1.56099999
   10.96916580    4.91499996    1.56099999
   10.96999931    4.91499996    1.56099999
   10.97111034    4.91499996    1.56099999
   10.97194386    4.91499996    1.56099999
   10.97305489    4.91499996    1.56099999
   10.97416592    4.91499996    1.56099999
   10.97499943    4.91499996    1.56099999
   10.97611046    4.91499996    1.56099999
   10.97694397    4.91499996    1.56099999
   10.97805500    4.91499996    1.56099999
   10.97916603    4.91499996    1.56099999
   10.97999954    4.91499996    1.56099999
   10.98111057    4.91499996    1.56099999
   10.98222160    4.91499996    1.58000004
   10.98305511    4.91499996    1.58000004
   10.98416710    4.91499996    1.58000004
   10.98500061    4.91499996    1.58000004
   10.98611164    4.91499996    1.58000004
   10.98694515    4.91499996    1.58000004
   10.98805618    4.91499996    1.58000004
   10.98916721    4.91499996    1.58000004
   10.99000072    4.91499996    1.58000004
   10.99111176    4.91499996    1.58000004
   10.99194431    4.91499996    1.58000004
   10.99305534    4.91499996    1.58000004
   10.99416733    4.91499996    1.58000004
   10.99499989    4.91499996    1.58000004
   10.99611092    4.91499996    1.58000004
   10.99694443    4.91499996    1.60000002
   10.99805546    4.91499996    1.60000002
   10.99916649    4.91499996    1.60000002
   11.00000000    4.91499996    1.60000002
   11.00111103    4.91499996    1.60000002
   11.00194454    4.91499996    1.60000002
   11.00305557    4.91499996    1.60000002
   11.00416660    4.91499996    1.60000002
   11.00500011    4.91499996    1.60000002
   11.00611115    4.91499996    1.60000002
   11.00722218    4.91499996    1.60000002
   11.00805569    4.91499996    1.60000002
   11.00916672    4.91499996    1.60000002
   11.01000023    4.91499996    1.60000002
   11.01111126    4.91499996    1.61899996
   11.01222229    4.91499996    1.61899996
   11.01305580    4.91499996    1.61899996
   11.01416683    4.91499996    1.61899996
   11.01500034    4.91499996    1.61899996
   11.01611137    4.91499996    1.61899996
   11.01694393    4.91499996    1.61899996
   11.01805496    4.91499996    1.61899996
   11.01916599    4.91499996    1.61899996
   11.01999950    4.91499996    1.61899996
   11.02111053    4.91499996    1.61899996
   11.02222157    4.91499996    1.61899996
   11.02305508    4.91499996    1.63800001
   11.02416611    4.91499996    1.61899996
   11.02499962    4.91499996    1.63800001
   11.02611065    4.91499996    1.63800001
   11.02722168    4.91499996    1.63800001
   11.02805519    4.91499996    1.63800001
   11.02916622    4.91499996    1.63800001
   11.02999973    4.91499996    1.61899996
   11.03111076    4.91499996    1.63800001
   11.03222179    4.91499996    1.63800001
   11.03305531    4.91499996    1.63800001
   11.03416729    4.91499996    1.63800001
   11.03527832    4.91499996    1.63800001
   11.03611183    4.91499996    1.63800001
   11.03722286    4.91499996    1.63800001
   11.03805637    4.91499996    1.63800001
   11.03916740    4.91499996    1.65699995
   11.04000092    4.91499996    1.63800001
   11.04111195    4.91499996    1.63800001
   11.04222298    4.91499996    1.63800001
   11.04305553    4.91499996    1.63800001
   11.04416752    4.91499996    1.63800001
   11.04527855    4.91499996    1.63800001
   11.04611111    4.91499996    1.63800001
   11.04722309    4.91499996    1.65699995
   11.04833412    4.91499996    1.65699995
   11.04916668    4.91499996    1.65699995
   11.05027771    4.91499996    1.65699995
   11.05138874    4.91499996    1.65699995
   11.05222225    4.91499996    1.65699995
   11.05333328    4.91499996    1.65699995
   11.05416679    4.91499996    1.65699995
   11.05527782    4.91499996    1.65699995
   11.05638885    4.91499996    1.65699995
   11.05722237    4.91499996    1.65699995
   11.05833340    4.91499996    1.67700005
   11.05916691    4.91499996    1.65699995
   11.06027794    4.91499996    1.65699995
   11.06111145    4.91499996    1.67700005
   11.06222248    4.91499996    1.67700005
   11.06333351    4.91499996    1.67700005
   11.06416702    4.91499996    1.67700005
   11.06527805    4.91499996    1.67700005
   11.06638908    4.91499996    1.67700005
   11.06722260    4.91499996    1.67700005
   11.06833363    4.91499996    1.67700005
   11.06916618    4.91499996    1.67700005
   11.07027817    4.91499996    1.67700005
   11.07138920    4.91499996    1.67700005
   11.07222176    4.91499996    1.67700005
   11.07333374    4.91499996    1.67700005
   11.07444477    4.91499996    1.67700005
   11.07527733    4.91499996    1.67700005
   11.07638836    4.91499996    1.67700005
   11.07722187    4.91499996    1.67700005
   11.07833290    4.91499996    1.67700005
   11.07944393    4.91499996    1.69599998
   11.08027744    4.91499996    1.69599998
   11.08138847    4.91499996    1.69599998
   11.08222198    4.91499996    1.69599998
   11.08333302    4.91499996    1.69599998
   11.08416653    4.91499996    1.69599998
   11.08527756    4.91499996    1.69599998
   11.08638859    4.91499996    1.69599998
   11.08722210    4.91499996    1.69599998
   11.08833313    4.91499996    1.69599998
   11.08916664    4.91499996    1.69599998
   11.09027767    4.91499996    1.69599998
   11.09138870    4.91499996    1.69599998
   11.09222221    4.91499996    1.69599998
   11.09333324    4.91499996    1.69599998
   11.09416676    4.91499996    1.71500003
   11.09527779    4.91499996    1.69599998
   11.09638882    4.91499996    1.71500003
   11.09722233    4.91499996    1.69599998
   11.09833336    4.91499996    1.69599998
   11.09916592    4.91499996    1.69599998
   11.10027790    4.91499996    1.71500003
   11.10138893    4.91499996    1.69599998
   11.10222244    4.91499996    1.69599998
   11.10333347    4.91499996    1.69599998
   11.10416698    4.91499996    1.71500003
   11.10527802    4.91499996    1.71500003
   11.10638905    4.91499996    1.71500003
   11.10722256    4.91499996    1.71500003
   11.10833359    4.91499996    1.71500003
   11.10916710    4.91499996    1.71500003
   11.11027813    4.91499996    1.71500003
   11.11138916    4.91499996    1.71500003
   11.11222267    4.91499996    1.71500003
   11.11333370    4.91499996    1.71500003
   11.11416721    4.91499996    1.71500003
   11.11527824    4.91499996    1.71500003
   11.11611176    4.91499996    1.71500003
   11.11722279    4.91499996    1.71500003
   11.11833382    4.91499996    1.71500003
   11.11916637    4.91499996    1.73399997
   11.12027836    4.91499996    1.73399997
   11.12111092    4.91499996    1.73399997
   11.12222195    4.91499996    1.71500003
   11.12333393    4.91499996    1.73399997
   11.12416649    4.91499996    1.73399997
   11.12527752    4.91499996    1.73399997
   11.12611103    4.91499996    1.73399997
   11.12722206    4.91499996    1.73399997
   11.12805557    4.91499996    1.75399995
   11.12916660    4.91499996    1.75399995
   11.13027763    4.91499996    1.75399995
   11.13111115    4.91499996    1.75399995
   11.13222218    4.91499996    1.75399995
   11.13305569    4.91499996    1.75399995
   11.13416672    4.91499996    1.75399995
   11.13527775    4.91499996    1.75399995
   11.13611126    4.91499996    1.75399995
   11.13722229    4.91499996    1.75399995
   11.13805580    4.91499996    1.75399995
   11.13916683    4.91499996    1.75399995
   11.14027786    4.91499996    1.75399995
   11.14111137    4.91499996    1.75399995
   11.14222240    4.91499996    1.75399995
   11.14305496    4.91499996    1.75399995
   11.14416695    4.91499996    1.75399995
   11.14527798    4.91499996    1.75399995
   11.14611053    4.91499996    1.77300000
   11.14722252    4.91499996    1.75399995
   11.14833355    4.91499996    1.75399995
   11.14916611    4.91499996    1.77300000
   11.15027714    4.91499996    1.77300000
   11.15111065    4.91499996    1.77300000
   11.15222168    4.91499996    1.77300000
   11.15305519    4.91499996    1.77300000
   11.15416622    4.91499996    1.77300000
   11.15527725    4.91499996    1.77300000
   11.15611076    4.91499996    1.77300000
   11.15722179    4.91499996    1.77300000
   11.15805531    4.91499996    1.77300000
   11.15916634    4.91499996    1.77300000
   11.16027737    4.91499996    1.77300000
   11.16111088    4.91499996    1.77300000
   11.16222191    4.91499996    1.77300000
   11.16305542    4.91499996    1.79200006
   11.16416645    4.91499996    1.79200006
   11.16527748    4.91499996    1.79200006
   11.16611099    4.91499996    1.79200006
   11.16722298    4.91499996    1.79200006
   11.16805553    4.91499996    1.79200006
   11.16916656    4.91499996    1.79200006
   11.17027855    4.91499996    1.79200006
   11.17111111    4.91499996    1.79200006
   11.17222214    4.91499996    1.79200006
   11.17305565    4.91499996    1.79200006
   11.17416668    4.91499996    1.79200006
   11.17527771    4.91499996    1.79200006
   11.17611122    4.91499996    1.79200006
   11.17722225    4.91499996    1.79200006
   11.17805576    4.91499996    1.81200004
   11.17916679    4.91499996    1.81200004
   11.18027782    4.91499996    1.81200004
   11.18111134    4.91499996    1.81200004
   11.18222237    4.91499996    1.81200004
   11.18305588    4.91499996    1.81200004
   11.18416691    4.91499996    1.81200004
   11.18500042    4.91499996    1.83099997
   11.18611145    4.91499996    1.83099997
   11.18722248    4.91499996    1.81200004
   11.18805599    4.91499996    1.83099997
   11.18916702    4.91499996    1.83099997
   11.19027805    4.91499996    1.83099997
   11.19111156    4.91499996    1.83099997
   11.19222260    4.91499996    1.83099997
   11.19305515    4.91499996    1.83099997
   11.19416714    4.91499996    1.83099997
   11.19527817    4.91499996    1.83099997
   11.19611073    4.91499996    1.85000002
   11.19722271    4.91499996    1.83099997
   11.19833374    4.91499996    1.85000002
   11.19916630    4.91499996    1.85000002
   11.20027733    4.91499996    1.85000002
   11.20111084    4.91499996    1.85000002
   11.20222187    4.91499996    1.85000002
   11.20333290    4.91499996    1.85000002
   11.20416641    4.91499996    1.85000002
   11.20527744    4.91499996    1.86899996
   11.20611095    4.91499996    1.85000002
   11.20722198    4.91499996    1.85000002
   11.20833302    4.91499996    1.85000002
   11.20916653    4.91499996    1.85000002
   11.21027756    4.91499996    1.85000002
   11.21111107    4.91499996    1.86899996
   11.21222210    4.91499996    1.86899996
   11.21333313    4.91499996    1.86899996
   11.21416664    4.91499996    1.86899996
   11.21527767    4.91499996    1.86899996
   11.21611118    4.91499996    1.86899996
   11.21722221    4.91499996    1.86899996
   11.21833324    4.91499996    1.86899996
   11.21916580    4.91499996    1.86899996
   11.22027779    4.91499996    1.86899996
   11.22111034    4.91499996    1.86899996
   11.22222137    4.91499996    1.86899996
   11.22305489    4.91499996    1.86899996
   11.22416592    4.91499996    1.88900006
   11.22527695    4.91499996    1.88900006
   11.22611046    4.91499996    1.88900006
   11.22722149    4.91499996    1.88900006
   11.22805500    4.91499996    1.88900006
   11.22916603    4.91499996    1.88900006
   11.23027706    4.91499996    1.88900006
   11.23111057    4.91499996    1.88900006
   11.23222160    4.91499996    1.88900006
   11.23305511    4.91499996    1.90799999
   11.23416710    4.91499996    1.88900006
   11.23527813    4.91499996    1.88900006
   11.23611164    4.91499996    1.88900006
   11.23722267    4.91499996    1.90799999
   11.23805618    4.91499996    1.88900006
   11.23916721    4.91499996    1.90799999
   11.24027824    4.91499996    1.90799999
   11.24111176    4.91499996    1.90799999
   11.24222279    4.91499996    1.90799999
   11.24305534    4.91499996    1.90799999
   11.24416733    4.91499996    1.90799999
   11.24499989    4.91499996    1.90799999
   11.24611092    4.91499996    1.90799999
   11.24722290    4.91499996    1.90799999
   11.24805546    4.91499996    1.90799999
   11.24916649    4.91499996    1.90799999
   11.25000000    4.91499996    1.90799999
   11.25111103    4.91499996    1.90799999
   11.25222206    4.91499996    1.90799999
   11.25305557    4.91499996    1.90799999
   11.25416660    4.91499996    1.90799999
   11.25500011    4.91499996    1.90799999
   11.25611115    4.91499996    1.90799999
   11.25722218    4.91499996    1.90799999
   11.25805569    4.91499996    1.90799999
   11.25916672    4.91499996    1.90799999
   11.26027775    4.91499996    1.92700005
   11.26111126    4.91499996    1.92700005
   11.26222229    4.91499996    1.92700005
   11.26305580    4.91499996    1.92700005
   11.26416683    4.91499996    1.92700005
   11.26500034    4.91499996    1.92700005
   11.26611137    4.91499996    1.92700005
   11.26722240    4.91499996    1.92700005
   11.26805496    4.91499996    1.92700005
   11.26916599    4.91499996    1.92700005
   11.26999950    4.91499996    1.92700005
   11.27111053    4.91499996    1.92700005
   11.27222157    4.91499996    1.92700005
   11.27305508    4.91499996    1.92700005
   11.27416611    4.91499996    1.92700005
   11.27499962    4.91499996    1.92700005
   11.27611065    4.91499996    1.92700005
   11.27722168    4.91499996    1.92700005
   11.27805519    4.91499996    1.92700005
   11.27916622    4.91499996    1.92700005
   11.27999973    4.91499996    1.92700005
   11.28111076    4.91499996    1.92700005
   11.28222179    4.91499996    1.92700005
   11.28305531    4.91499996    1.94700003
   11.28416729    4.91499996    1.92700005
   11.28500080    4.91499996    1.92700005
   11.28611183    4.91499996    1.94700003
   11.28722286    4.91499996    1.94700003
   11.28805637    4.91499996    1.94700003
   11.28916740    4.91499996    1.94700003
   11.29000092    4.91499996    1.94700003
   11.29111195    4.91499996    1.94700003
   11.29222298    4.91499996    1.94700003
   11.29305553    4.91499996    1.94700003
   11.29416752    4.91499996    1.94700003
   11.29527855    4.91499996    1.94700003
   11.29611111    4.91499996    1.94700003
   11.29722309    4.91499996    1.94700003
   11.29805565    4.91499996    1.94700003
   11.29916668    4.91499996    1.94700003
   11.30027771    4.91499996    1.94700003
   11.30111122    4.91499996    1.94700003
   11.30222225    4.91499996    1.94700003
   11.30305576    4.91499996    1.94700003
   11.30416679    4.91499996    1.94700003
   11.30527782    4.91499996    1.94700003
   11.30611134    4.91499996    1.94700003
   11.30722237    4.91499996    1.96599996
   11.30805588    4.91499996    1.96599996
   11.30916691    4.91499996    1.96599996
   11.31027794    4.91499996    1.96599996
   11.31111145    4.91499996    1.96599996
   11.31222248    4.91499996    1.96599996
   11.31305599    4.91499996    1.96599996
   11.31416702    4.91499996    1.94700003
   11.31527805    4.91499996    1.96599996
   11.31611156    4.91499996    1.96599996
   11.31722260    4.91499996    1.96599996
   11.31805515    4.91499996    1.96599996
   11.31916618    4.91499996    1.96599996
   11.32027817    4.91499996    1.96599996
   11.32111073    4.91499996    1.96599996
   11.32222176    4.91499996    1.96599996
   11.32333374    4.91499996    1.96599996
   11.32416630    4.91499996    1.96599996
   11.32527733    4.91499996    1.96599996
   11.32611084    4.91499996    1.96599996
   11.32722187    4.91499996    1.96599996
   11.32833290    4.91499996    1.96599996
   11.32916641    4.91499996    1.96599996
   11.33027744    4.91499996    1.96599996
   11.33111095    4.91499996    1.96599996
   11.33222198    4.91499996    1.96599996
   11.33333302    4.91499996    1.96599996
   11.33416653    4.91499996    1.96599996
   11.33527756    4.91499996    1.96599996
   11.33638859    4.91499996    1.96599996
   11.33722210    4.91499996    1.96599996
   11.33833313    4.91499996    1.96599996
   11.33916664    4.91499996    1.96599996
   11.34027767    4.91499996    1.98500001
   11.34111118    4.91499996    1.96599996
   11.34222221    4.91499996    1.96599996
   11.34333324    4.91499996    1.98500001
   11.34416676    4.91499996    1.96599996
   11.34527779    4.91499996    1.98500001
   11.34611034    4.91499996    1.98500001
   11.34722233    4.91499996    1.98500001
   11.34833336    4.91499996    1.98500001
   11.34944439    4.91499996    1.98500001
   11.35027790    4.91499996    1.98500001
   11.35138893    4.91499996    1.98500001
   11.35222244    4.91499996    1.98500001
   11.35333347    4.91499996    1.98500001
   11.35416698    4.91499996    1.98500001
   11.35527802    4.91499996    1.98500001
   11.35638905    4.91499996    1.98500001
   11.35722256    4.91499996    1.98500001
   11.35833359    4.91499996    1.98500001
   11.35916710    4.91499996    1.98500001
   11.36027813    4.91499996    1.98500001
   11.36138916    4.91499996    1.98500001
   11.36222267    4.91499996    1.98500001
   11.36333370    4.91499996    1.98500001
   11.36444473    4.91499996    1.98500001
   11.36527824    4.91499996    1.98500001
   11.36638927    4.91499996    1.98500001
   11.36722279    4.91499996    1.98500001
   11.36833382    4.91499996    1.98500001
   11.36944485    4.91499996    1.98500001
   11.37027836    4.91499996    1.98500001
   11.37138939    4.91499996    1.98500001
   11.37222195    4.91499996    1.98500001
   11.37333393    4.91499996    1.98500001
   11.37444496    4.91499996    1.98500001
   11.37527752    4.91499996    1.98500001
   11.37638855    4.91499996    1.98500001
   11.37722206    4.91499996    1.98500001
   11.37833309    4.91499996    1.98500001
   11.37916660    4.91499996    1.98500001
   11.38027763    4.91499996    1.98500001
   11.38138866    4.91499996    1.98500001
   11.38222218    4.91499996    2.00399995
   11.38333321    4.91499996    1.98500001
   11.38444424    4.91499996    2.00399995
   11.38527775    4.91499996    2.00399995
   11.38638878    4.91499996    2.00399995
   11.38722229    4.91499996    2.00399995
   11.38833332    4.91499996    2.00399995
   11.38916683    4.91499996    2.00399995
   11.39027786    4.91499996    2.00399995
   11.39138889    4.91499996    2.00399995
   11.39222240    4.91499996    2.00399995
   11.39333344    4.91499996    2.00399995
   11.39416695    4.91499996    2.00399995
   11.39527798    4.91499996    2.00399995
   11.39638901    4.91499996    2.00399995
   11.39722252    4.91499996    2.00399995
   11.39833355    4.91499996    2.00399995
   11.39916611    4.91499996    2.00399995
   11.40027714    4.91499996    2.00399995
   11.40111065    4.91499996    2.00399995
   11.40222168    4.91499996    2.00399995
   11.40333271    4.91499996    2.00399995
   11.40416622    4.91499996    2.02399993
   11.40527725    4.91499996    2.02399993
   11.40611076    4.91499996    2.00399995
   11.40722179    4.91499996    2.00399995
   11.40833282    4.91499996    2.02399993
   11.40916634    4.91499996    2.00399995
   11.41027737    4.91499996    2.00399995
   11.41111088    4.91499996    2.00399995
   11.41222191    4.91499996    2.00399995
   11.41333294    4.91499996    2.00399995
   11.41416645    4.91499996    2.00399995
   11.41527748    4.91499996    2.02399993
   11.41611099    4.91499996    2.00399995
   11.41722298    4.91499996    2.00399995
   11.41833401    4.91499996    2.00399995
   11.41916656    4.91499996    2.00399995
   11.42027855    4.91499996    2.00399995
   11.42111111    4.91499996    2.00399995
   11.42222214    4.91499996    2.00399995
   11.42333412    4.91499996    2.00399995
   11.42416668    4.91499996    2.00399995
   11.42527771    4.91499996    2.02399993
   11.42611122    4.91499996    2.02399993
   11.42722225    4.91499996    2.02399993
   11.42805576    4.91499996    2.02399993
   11.42916679    4.91499996    2.02399993
   11.43027782    4.91499996    2.02399993
   11.43111134    4.91499996    2.02399993
   11.43222237    4.91499996    2.02399993
   11.43333340    4.91499996    2.02399993
   11.43416691    4.91499996    2.02399993
   11.43527794    4.91499996    2.02399993
   11.43611145    4.91499996    2.02399993
   11.43722248    4.91499996    2.02399993
   11.43833351    4.91499996    2.02399993
   11.43916702    4.91499996    2.02399993
   11.44027805    4.91499996    2.02399993
   11.44111156    4.91499996    2.02399993
   11.44222260    4.91499996    2.02399993
   11.44333363    4.91499996    2.02399993
   11.44416714    4.91499996    2.02399993
   11.44527817    4.91499996    2.02399993
   11.44611073    4.91499996    2.04299998
   11.44722271    4.91499996    2.02399993
   11.44833374    4.91499996    2.04299998
   11.44916630    4.91499996    2.04299998
   11.45027733    4.91499996    2.04299998
   11.45111084    4.91499996    2.04299998
   11.45222187    4.91499996    2.04299998
   11.45333290    4.91499996    2.04299998
   11.45416641    4.91499996    2.04299998
   11.45527744    4.91499996    2.06200004
   11.45611095    4.91499996    2.06200004
   11.45722198    4.91499996    2.04299998
   11.45833302    4.91499996    2.06200004
   11.45916653    4.91499996    2.06200004
   11.46027756    4.91499996    2.06200004
   11.46138859    4.91499996    2.06200004
   11.46222210    4.91499996    2.06200004
   11.46333313    4.91499996    2.06200004
   11.46416664    4.91499996    2.06200004
   11.46527767    4.91499996    2.06200004
   11.46611118    4.91499996    2.06200004
   11.46722221    4.91499996    2.06200004
   11.46833324    4.91499996    2.06200004
   11.46916580    4.91499996    2.08100009
   11.47027779    4.91499996    2.08100009
   11.47111034    4.91499996    2.08100009
   11.47222137    4.91499996    2.08100009
   11.47333336    4.91499996    2.08100009
   11.47416592    4.91499996    2.08100009
   11.47527695    4.91499996    2.08100009
   11.47611046    4.91499996    2.08100009
   11.47722149    4.91499996    2.08100009
   11.47805500    4.91499996    2.08100009
   11.47916603    4.91499996    2.08100009
   11.48027706    4.91499996    2.08100009
   11.48111057    4.91499996    2.08100009
   11.48222160    4.91499996    2.08100009
   11.48305511    4.91499996    2.08100009
   11.48416710    4.91499996    2.08100009
   11.48527813    4.91499996    2.08100009
   11.48611164    4.91499996    2.08100009
   11.48722267    4.91499996    2.08100009
   11.48805618    4.91499996    2.08100009
   11.48916721    4.91499996    2.08100009
   11.49027824    4.91499996    2.08100009
   11.49111176    4.91499996    2.08100009
   11.49222279    4.91499996    2.08100009
   11.49305534    4.91499996    2.08100009
   11.49416733    4.91499996    2.08100009
   11.49499989    4.91499996    2.08100009
   11.49611092    4.91499996    2.08100009
   11.49722290    4.91499996    2.08100009
   11.49805546    4.91499996    2.10100007
   11.49916649    4.91499996    2.08100009
   11.50027752    4.91499996    2.08100009
   11.50111103    4.91499996    2.10100007
   11.50222206    4.91499996    2.10100007
   11.50305557    4.91499996    2.10100007
   11.50416660    4.91499996    2.10100007
   11.50527763    4.91499996    2.10100007
   11.50611115    4.91499996    2.10100007
   11.50722218    4.91499996    2.10100007
   11.50805569    4.91499996    2.10100007
   11.50916672    4.91499996    2.10100007
   11.51000023    4.91499996    2.10100007
   11.51111126    4.91499996    2.10100007
   11.51194477    4.91499996    2.10100007
   11.51305580    4.91499996    2.11999989
   11.51416683    4.91499996    2.11999989
   11.51500034    4.91499996    2.11999989
   11.51611137    4.91499996    2.11999989
   11.51694393    4.91499996    2.11999989
   11.51805496    4.91499996    2.11999989
   11.51916599    4.91499996    2.11999989
   11.51999950    4.91499996    2.11999989
   11.52111053    4.91499996    2.11999989
   11.52194405    4.91499996    2.11999989
   11.52305508    4.91499996    2.11999989
   11.52388859    4.91499996    2.13899994
   11.52499962    4.91499996    2.11999989
   11.52611065    4.91499996    2.11999989
   11.52694416    4.91499996    2.13899994
   11.52805519    4.91499996    2.11999989
   11.52916622    4.91499996    2.11999989
   11.52999973    4.91499996    2.13899994
   11.53111076    4.91499996    2.13899994
   11.53194427    4.91499996    2.13899994
   11.53305531    4.91499996    2.13899994
   11.53416729    4.91499996    2.13899994
   11.53500080    4.91499996    2.13899994
   11.53611183    4.91499996    2.13899994
   11.53694534    4.91499996    2.13899994
   11.53805637    4.91499996    2.13899994
   11.53916740    4.91499996    2.13899994
   11.54000092    4.91499996    2.13899994
   11.54111195    4.91499996    2.13899994
   11.54194450    4.91499996    2.13899994
   11.54305553    4.91499996    2.13899994
   11.54388905    4.91499996    2.13899994
   11.54500008    4.91499996    2.13899994
   11.54611111    4.91499996    2.13899994
   11.54694462    4.91499996    2.15899992
   11.54805565    4.91499996    2.13899994
   11.54888916    4.91499996    2.15899992
   11.55000019    4.91499996    2.15899992
   11.55111122    4.91499996    2.15899992
   11.55194473    4.91499996    2.13899994
   11.55305576    4.91499996    2.15899992
   11.55388927    4.91499996    2.15899992
   11.55500031    4.91499996    2.15899992
   11.55611134    4.91499996    2.15899992
   11.55694485    4.91499996    2.13899994
   11.55805588    4.91499996    2.15899992
   11.55888939    4.91499996    2.13899994
   11.56000042    4.91499996    2.15899992
   11.56083393    4.91499996    2.15899992
   11.56194496    4.91499996    2.15899992
   11.56305599    4.91499996    2.15899992
   11.56388950    4.91499996    2.15899992
   11.56500053    4.91499996    2.15899992
   11.56611156    4.91499996    2.17799997
   11.56694412    4.91499996    2.15899992
   11.56805515    4.91499996    2.15899992
   11.56888866    4.91499996    2.15899992
   11.56999969    4.91499996    2.13899994
   11.57083321    4.91499996    2.15899992
   11.57194424    4.91499996    2.13899994
   11.57305527    4.91499996    2.13899994
   11.57388878    4.91499996    2.13899994
   11.57499981    4.91499996    2.15899992
   11.57611084    4.91499996    2.13899994
   11.57694435    4.91499996    2.13899994
   11.57805538    4.91499996    2.13899994
   11.57888889    4.91499996    2.13899994
   11.57999992    4.91499996    2.13899994
   11.58083344    4.91499996    2.13899994
   11.58194447    4.91499996    2.13899994
   11.58305550    4.91499996    2.13899994
   11.58388901    4.91499996    2.13899994
   11.58500004    4.91499996    2.13899994
   11.58611107    4.91499996    2.13899994
   11.58694458    4.91499996    2.13899994
   11.58805561    4.91499996    2.15899992
   11.58888817    4.91499996    2.13899994
   11.59000015    4.91499996    2.13899994
   11.59111118    4.91499996    2.13899994
   11.59194374    4.91499996    2.15899992
   11.59305477    4.91499996    2.15899992
   11.59388828    4.91499996    2.13899994
   11.59499931    4.91499996    2.15899992
   11.59583282    4.91499996    2.15899992
   11.59694386    4.91499996    2.13899994
   11.59805489    4.91499996    2.13899994
   11.59888840    4.91499996    2.13899994
   11.60000038    4.91499996    2.15899992
   11.60083389    4.91499996    2.15899992
   11.60194492    4.91499996    2.15899992
   11.60305595    4.91499996    2.15899992
   11.60388947    4.91499996    2.15899992
   11.60500050    4.91499996    2.15899992
   11.60583401    4.91499996    2.15899992
   11.60694504    4.91499996    2.15899992
   11.60805607    4.91499996    2.15899992
   11.60888958    4.91499996    2.15899992
   11.61000061    4.91499996    2.15899992
   11.61083412    4.91499996    2.15899992
   11.61194515    4.91499996    2.15899992
   11.61305618    4.91499996    2.15899992
   11.61388969    4.91499996    2.15899992
   11.61500072    4.91499996    2.15899992
   11.61583328    4.91499996    2.15899992
   11.61694431    4.91499996    2.15899992
   11.61805534    4.91499996    2.15899992
   11.61888885    4.91499996    2.15899992
   11.61999989    4.91499996    2.17799997
   11.62083340    4.91499996    2.15899992
   11.62194443    4.91499996    2.17799997
   11.62305546    4.91499996    2.17799997
   11.62388897    4.91499996    2.17799997
   11.62500000    4.91499996    2.17799997
   11.62583351    4.91499996    2.15899992
   11.62694454    4.91499996    2.17799997
   11.62805557    4.91499996    2.17799997
   11.62888908    4.91499996    2.17799997
   11.63000011    4.91499996    2.17799997
   11.63083363    4.91499996    2.17799997
   11.63194466    4.91499996    2.15899992
   11.63305569    4.91499996    2.17799997
   11.63388920    4.91499996    2.17799997
   11.63500023    4.91499996    2.15899992
   11.63583279    4.91499996    2.17799997
   11.63694477    4.91499996    2.15899992
   11.63805580    4.91499996    2.17799997
   11.63888836    4.91499996    2.15899992
   11.64000034    4.91499996    2.17799997
   11.64083290    4.91499996    2.17799997
   11.64194393    4.91499996    2.17799997
   11.64305496    4.91499996    2.17799997
   11.64388847    4.91499996    2.17799997
   11.64499950    4.91499996    2.17799997
   11.64583302    4.91499996    2.17799997
   11.64694405    4.91499996    2.17799997
   11.64805508    4.91499996    2.17799997
   11.64888859    4.91499996    2.17799997
   11.64999962    4.91499996    2.17799997
   11.65083313    4.91499996    2.17799997
   11.65194416    4.91499996    2.17799997
   11.65277767    4.91499996    2.17799997
   11.65388870    4.91499996    2.17799997
   11.65472221    4.91499996    2.17799997
   11.65583324    4.91499996    2.17799997
   11.65694427    4.91499996    2.17799997
   11.65777779    4.91499996    2.17799997
   11.65888882    4.91499996    2.17799997
   11.65972137    4.91499996    2.19700003
   11.66083336    4.91499996    2.19700003
   11.66194439    4.91499996    2.17799997
   11.66277695    4.91499996    2.17799997
   11.66388893    4.91499996    2.17799997
   11.66472149    4.91499996    2.17799997
   11.66583252    4.91499996    2.19700003
   11.66694450    4.91499996    2.19700003
   11.66777802    4.91499996    2.19700003
   11.66888905    4.91499996    2.19700003
   11.66972256    4.91499996    2.19700003
   11.67083359    4.91499996    2.19700003
   11.67194462    4.91499996    2.19700003
   11.67277813    4.91499996    2.19700003
   11.67388916    4.91499996    2.19700003
   11.67472267    4.91499996    2.21600008
   11.67583370    4.91499996    2.19700003
   11.67694473    4.91499996    2.19700003
   11.67777824    4.91499996    2.19700003
   11.67888927    4.91499996    2.19700003
   11.67972279    4.91499996    2.19700003
   11.68083382    4.91499996    2.19700003
   11.68194485    4.91499996    2.21600008
   11.68277836    4.91499996    2.19700003
   11.68388939    4.91499996    2.19700003
   11.68472195    4.91499996    2.19700003
   11.68583298    4.91499996    2.19700003
   11.68666649    4.91499996    2.19700003
   11.68777752    4.91499996    2.19700003
   11.68888855    4.91499996    2.19700003
   11.68972206    4.91499996    2.19700003
   11.69083309    4.91499996    2.19700003
   11.69166660    4.91499996    2.19700003
   11.69277763    4.91499996    2.19700003
   11.69388866    4.91499996    2.19700003
   11.69472218    4.91499996    2.19700003
   11.69583321    4.91499996    2.19700003
   11.69666672    4.91499996    2.19700003
   11.69777775    4.91499996    2.19700003
   11.69888878    4.91499996    2.19700003
   11.69972229    4.91499996    2.19700003
   11.70083332    4.91499996    2.19700003
   11.70166683    4.91499996    2.19700003
   11.70277786    4.91499996    2.21600008
   11.70388889    4.91499996    2.21600008
   11.70472240    4.91499996    2.21600008
   11.70583344    4.91499996    2.19700003
   11.70666695    4.91499996    2.19700003
   11.70777798    4.91499996    2.21600008
   11.70888901    4.91499996    2.19700003
   11.70972157    4.91499996    2.19700003
   11.71083355    4.91499996    2.19700003
   11.71166611    4.91499996    2.19700003
   11.71277714    4.91499996    2.19700003
   11.71361065    4.91499996    2.19700003
   11.71472168    4.91499996    2.19700003
   11.71583271    4.91499996    2.19700003
   11.71666622    4.91499996    2.19700003
   11.71777725    4.91499996    2.21600008
   11.71861076    4.91499996    2.19700003
   11.71972179    4.91499996    2.21600008
   11.72083282    4.91499996    2.21600008
   11.72166634    4.91499996    2.21600008
   11.72277737    4.91499996    2.19700003
   11.72361088    4.91499996    2.19700003
   11.72472191    4.91499996    2.21600008
   11.72583294    4.91499996    2.21600008
   11.72666645    4.91499996    2.19700003
   11.72777748    4.91499996    2.21600008
   11.72861099    4.91499996    2.21600008
   11.72972202    4.91499996    2.19700003
   11.73083305    4.91499996    2.19700003
   11.73166656    4.91499996    2.21600008
   11.73277760    4.91499996    2.19700003
   11.73361111    4.91499996    2.21600008
   11.73472214    4.91499996    2.21600008
   11.73583317    4.91499996    2.19700003
   11.73666668    4.91499996    2.19700003
   11.73777771    4.91499996    2.21600008
   11.73861122    4.91499996    2.21600008
   11.73972225    4.91499996    2.19700003
   11.74083328    4.91499996    2.19700003
   11.74166679    4.91499996    2.21600008
   11.74277782    4.91499996    2.19700003
   11.74388885    4.91499996    2.19700003
   11.74472237    4.91499996    2.21600008
   11.74583340    4.91499996    2.19700003
   11.74666691    4.91499996    2.19700003
   11.74777794    4.91499996    2.21600008
   11.74888897    4.91499996    2.19700003
   11.74972248    4.91499996    2.19700003
   11.75083351    4.91499996    2.19700003
   11.75166702    4.91499996    2.19700003
   11.75277805    4.91499996    2.19700003
   11.75361156    4.91499996    2.21600008
   11.75472260    4.91499996    2.19700003
   11.75583363    4.91499996    2.21600008
   11.75666714    4.91499996    2.19700003
   11.75777817    4.91499996    2.21600008
   11.75888920    4.91499996    2.19700003
   11.75972176    4.91499996    2.19700003
   11.76083374    4.91499996    2.19700003
   11.76166630    4.91499996    2.19700003
   11.76277733    4.91499996    2.21600008
   11.76361084    4.91499996    2.19700003
   11.76472187    4.91499996    2.21600008
   11.76583290    4.91499996    2.21600008
   11.76666641    4.91499996    2.19700003
   11.76777744    4.91499996    2.21600008
   11.76861095    4.91499996    2.21600008
   11.76972198    4.91499996    2.21600008
   11.77083302    4.91499996    2.21600008
   11.77166653    4.91499996    2.21600008
   11.77277756    4.91499996    2.19700003
   11.77361107    4.91499996    2.19700003
   11.77472210    4.91499996    2.21600008
   11.77583313    4.91499996    2.21600008
   11.77666664    4.91499996    2.19700003
   11.77777767    4.91499996    2.21600008
   11.77888870    4.91499996    2.21600008
   11.77972221    4.91499996    2.21600008
   11.78083324    4.91499996    2.21600008
   11.78166676    4.91499996    2.21600008
   11.78277779    4.91499996    2.21600008
   11.78388977    4.91499996    2.21600008
   11.78472233    4.91499996    2.21600008
   11.78583336    4.91499996    2.21600008
   11.78666687    4.91499996    2.21600008
   11.78777790    4.91499996    2.21600008
   11.78888893    4.91499996    2.21600008
   11.78972244    4.91499996    2.21600008
   11.79083347    4.91499996    2.21600008
   11.79166698    4.91499996    2.23600006
   11.79277802    4.91499996    2.21600008
   11.79388905    4.91499996    2.21600008
   11.79472256    4.91499996    2.21600008
   11.79583359    4.91499996    2.23600006
   11.79694462    4.91499996    2.21600008
   11.79777813    4.91499996    2.21600008
   11.79888916    4.91499996    2.21600008
   11.79972267    4.91499996    2.21600008
   11.80083370    4.91499996    2.23600006
   11.80166721    4.91499996    2.21600008
   11.80277824    4.91499996    2.23600006
   11.80388927    4.91499996    2.21600008
   11.80472279    4.91499996    2.21600008
   11.80583382    4.91499996    2.23600006
   11.80666733    4.91499996    2.21600008
   11.80777836    4.91499996    2.23600006
   11.80888939    4.91499996    2.21600008
   11.80972195    4.91499996    2.21600008
   11.81083393    4.91499996    2.21600008
   11.81166649    4.91499996    2.21600008
   11.81277752    4.91499996    2.21600008
   11.81388950    4.91499996    2.21600008
   11.81472206    4.91499996    2.23600006
   11.81583309    4.91499996    2.21600008
   11.81666660    4.91499996    2.21600008
   11.81777763    4.91499996    2.21600008
   11.81888866    4.91499996    2.21600008
   11.81972218    4.91499996    2.21600008
   11.82083321    4.91499996    2.21600008
   11.82166672    4.91499996    2.23600006
   11.82277775    4.91499996    2.23600006
   11.82361126    4.91499996    2.23600006
   11.82472229    4.91499996    2.23600006
   11.82583332    4.91499996    2.23600006
   11.82666683    4.91499996    2.23600006
   11.82777786    4.91499996    2.23600006
   11.82888889    4.91499996    2.23600006
   11.82972240    4.91499996    2.23600006
   11.83083344    4.91499996    2.23600006
   11.83166695    4.91499996    2.23600006
   11.83277798    4.91499996    2.23600006
   11.83388901    4.91499996    2.23600006
   11.83472157    4.91499996    2.25500011
   11.83583260    4.91499996    2.25500011
   11.83694458    4.91499996    2.23600006
   11.83777714    4.91499996    2.25500011
   11.83888817    4.91499996    2.25500011
   11.83972168    4.91499996    2.25500011
   11.84083271    4.91499996    2.25500011
   11.84194374    4.91499996    2.25500011
   11.84277725    4.91499996    2.25500011
   11.84388828    4.91499996    2.25500011
   11.84472179    4.91499996    2.25500011
   11.84583282    4.91499996    2.25500011
   11.84694386    4.91499996    2.25500011
   11.84777737    4.91499996    2.25500011
   11.84888840    4.91499996    2.25500011
   11.84972191    4.91499996    2.25500011
   11.85083389    4.91499996    2.25500011
   11.85166740    4.91499996    2.25500011
   11.85277843    4.91499996    2.25500011
   11.85388947    4.91499996    2.25500011
   11.85472298    4.91499996    2.25500011
   11.85583401    4.91499996    2.25500011
   11.85694504    4.91499996    2.25500011
   11.85777855    4.91499996    2.25500011
   11.85888958    4.91499996    2.27399993
   11.85972214    4.91499996    2.25500011
   11.86083412    4.91499996    2.27399993
   11.86166668    4.91499996    2.25500011
   11.86277771    4.91499996    2.25500011
   11.86388969    4.91499996    2.27399993
   11.86472225    4.91499996    2.27399993
   11.86583328    4.91499996    2.25500011
   11.86694431    4.91499996    2.27399993
   11.86777782    4.91499996    2.27399993
   11.86888885    4.91499996    2.27399993
   11.86972237    4.91499996    2.27399993
   11.87083340    4.91499996    2.27399993
   11.87194443    4.91499996    2.27399993
   11.87277794    4.91499996    2.27399993
   11.87388897    4.91499996    2.27399993
   11.87500000    4.91499996    2.27399993
   11.87583351    4.91499996    2.27399993
   11.87694454    4.91499996    2.27399993
   11.87777805    4.91499996    2.27399993
   11.87888908    4.91499996    2.27399993
   11.88000011    4.91499996    2.27399993
   11.88083363    4.91499996    2.29399991
   11.88194466    4.91499996    2.27399993
   11.88277817    4.91499996    2.27399993
   11.88388920    4.91499996    2.27399993
   11.88472176    4.91499996    2.27399993
   11.88583279    4.91499996    2.29399991
   11.88694477    4.91499996    2.27399993
   11.88777733    4.91499996    2.27399993
   11.88888836    4.91499996    2.29399991
   11.88972187    4.91499996    2.29399991
   11.89083290    4.91499996    2.27399993
   11.89194393    4.91499996    2.29399991
   11.89277744    4.91499996    2.27399993
   11.89388847    4.91499996    2.29399991
   11.89499950    4.91499996    2.27399993
   11.89583302    4.91499996    2.29399991
   11.89694405    4.91499996    2.29399991
   11.89777756    4.91499996    2.29399991
   11.89888859    4.91499996    2.29399991
   11.89999962    4.91499996    2.29399991
   11.90083313    4.91499996    2.27399993
   11.90194416    4.91499996    2.29399991
   11.90277767    4.91499996    2.29399991
   11.90388870    4.91499996    2.29399991
   11.90472221    4.91499996    2.29399991
   11.90583324    4.91499996    2.29399991
   11.90694427    4.91499996    2.29399991
   11.90777779    4.91499996    2.29399991
   11.90888882    4.91499996    2.29399991
   11.90972137    4.91499996    2.29399991
   11.91083336    4.91499996    2.29399991
   11.91194439    4.91499996    2.29399991
   11.91277695    4.91499996    2.29399991
   11.91388893    4.91499996    2.29399991
   11.91472149    4.91499996    2.29399991
   11.91583252    4.91499996    2.29399991
   11.91694450    4.91499996    2.29399991
   11.91777802    4.91499996    2.29399991
   11.91888905    4.91499996    2.29399991
   11.91972256    4.91499996    2.29399991
   11.92083359    4.91499996    2.29399991
   11.92194462    4.91499996    2.29399991
   11.92277813    4.91499996    2.29399991
   11.92388916    4.91499996    2.31299996
   11.92472267    4.91499996    2.29399991
   11.92583370    4.91499996    2.29399991
   11.92694473    4.91499996    2.29399991
   11.92777824    4.91499996    2.31299996
   11.92888927    4.91499996    2.31299996
   11.93000031    4.91499996    2.29399991
   11.93083382    4.91499996    2.29399991
   11.93194485    4.91499996    2.31299996
   11.93277836    4.91499996    2.31299996
   11.93388939    4.91499996    2.31299996
   11.93500042    4.91499996    2.29399991
   11.93583298    4.91499996    2.29399991
   11.93694496    4.91499996    2.29399991
   11.93777752    4.91499996    2.31299996
   11.93888855    4.91499996    2.31299996
   11.94000053    4.91499996    2.29399991
   11.94083309    4.91499996    2.31299996
   11.94194412    4.91499996    2.31299996
   11.94277763    4.91499996    2.31299996
   11.94388866    4.91499996    2.31299996
   11.94499969    4.91499996    2.31299996
   11.94583321    4.91499996    2.31299996
   11.94694424    4.91499996    2.33200002
   11.94777775    4.91499996    2.31299996
   11.94888878    4.91499996    2.31299996
   11.94972229    4.91499996    2.31299996
   11.95083332    4.91499996    2.31299996
   11.95194435    4.91499996    2.31299996
   11.95277786    4.91499996    2.31299996
   11.95388889    4.91499996    2.31299996
   11.95472240    4.91499996    2.31299996
   11.95583344    4.91499996    2.31299996
   11.95694447    4.91499996    2.31299996
   11.95777798    4.91499996    2.31299996
   11.95888901    4.91499996    2.31299996
   11.95972157    4.91499996    2.33200002
   11.96083355    4.91499996    2.33200002
   11.96194458    4.91499996    2.31299996
   11.96277714    4.91499996    2.31299996
   11.96388912    4.91499996    2.31299996
   11.96472168    4.91499996    2.31299996
   11.96583271    4.91499996    2.31299996
   11.96694374    4.91499996    2.31299996
   11.96777725    4.91499996    2.31299996
   11.96888828    4.91499996    2.31299996
   11.96972179    4.91499996    2.33200002
   11.97083282    4.91499996    2.33200002
   11.97194386    4.91499996    2.33200002
   11.97277737    4.91499996    2.31299996
   11.97388840    4.91499996    2.33200002
   11.97472191    4.91499996    2.31299996
   11.97583294    4.91499996    2.33200002
   11.97694397    4.91499996    2.33200002
   11.97777748    4.91499996    2.33200002
   11.97888851    4.91499996    2.31299996
   11.97972202    4.91499996    2.31299996
   11.98083305    4.91499996    2.31299996
   11.98194408    4.91499996    2.33200002
   11.98277760    4.91499996    2.33200002
   11.98388958    4.91499996    2.33200002
   11.98500061    4.91499996    2.33200002
   11.98583317    4.91499996    2.33200002
   11.98694515    4.91499996    2.33200002
   11.98777771    4.91499996    2.33200002
   11.98888874    4.91499996    2.33200002
   11.99000072    4.91499996    2.33200002
   11.99083328    4.91499996    2.33200002
   11.99194431    4.91499996    2.33200002
   11.99277782    4.91499996    2.33200002
   11.99388885    4.91499996    2.33200002
   11.99472237    4.91499996    2.33200002
   11.99583340    4.91499996    2.33200002
   11.99694443    4.91499996    2.33200002
   11.99777794    4.91499996    2.33200002
   11.99888897    4.91499996    2.33200002
   11.99972248    4.91499996    2.33200002
   12.00083351    4.91499996    2.33200002
   12.00194454    4.91499996    2.33200002
   12.00277805    4.91499996    2.33200002
   12.00388908    4.91499996    2.33200002
   12.00472260    4.91499996    2.33200002
   12.00583363    4.91499996    2.33200002
   12.00694466    4.91499996    2.33200002
   12.00777817    4.91499996    2.33200002
   12.00888920    4.91499996    2.33200002
   12.00972176    4.91499996    2.33200002
   12.01083374    4.91499996    2.35100007
   12.01166630    4.91499996    2.35100007
   12.01277733    4.91499996    2.35100007
   12.01388931    4.91499996    2.33200002
   12.01472187    4.91499996    2.35100007
   12.01583290    4.91499996    2.33200002
   12.01694393    4.91499996    2.35100007
   12.01777744    4.91499996    2.35100007
   12.01888847    4.91499996    2.33200002
   12.01972198    4.91499996    2.35100007
   12.02083302    4.91499996    2.33200002
   12.02194405    4.91499996    2.35100007
   12.02277756    4.91499996    2.33200002
   12.02388859    4.91499996    2.33200002
   12.02472210    4.91499996    2.35100007
   12.02583313    4.91499996    2.35100007
   12.02666664    4.91499996    2.35100007
   12.02777767    4.91499996    2.33200002
   12.02888870    4.91499996    2.35100007
   12.02972221    4.91499996    2.35100007
   12.03083324    4.91499996    2.35100007
   12.03166676    4.91499996    2.35100007
   12.03277779    4.91499996    2.35100007
   12.03388977    4.91499996    2.35100007
   12.03472233    4.91499996    2.35100007
   12.03583336    4.91499996    2.35100007
   12.03694534    4.91499996    2.35100007
   12.03777790    4.91499996    2.35100007
   12.03888893    4.91499996    2.35100007
   12.03972244    4.91499996    2.35100007
   12.04083347    4.91499996    2.35100007
   12.04166698    4.91499996    2.35100007
   12.04277802    4.91499996    2.35100007
   12.04388905    4.91499996    2.35100007
   12.04472256    4.91499996    2.35100007
   12.04583359    4.91499996    2.35100007
   12.04666710    4.91499996    2.35100007
   12.04777813    4.91499996    2.35100007
   12.04888916    4.91499996    2.35100007
   12.04972267    4.91499996    2.35100007
   12.05083370    4.91499996    2.35100007
   12.05166721    4.91499996    2.35100007
   12.05277824    4.91499996    2.35100007
   12.05388927    4.91499996    2.35100007
   12.05472279    4.91499996    2.35100007
   12.05583382    4.91499996    2.35100007
   12.05666733    4.91499996    2.35100007
   12.05777836    4.91499996    2.35100007
   12.05888939    4.91499996    2.35100007
   12.05972195    4.91499996    2.35100007
   12.06083393    4.91499996    2.35100007
   12.06166649    4.91499996    2.35100007
   12.06277752    4.91499996    2.35100007
   12.06388950    4.91499996    2.35100007
   12.06472206    4.91499996    2.35100007
   12.06583309    4.91499996    2.35100007
   12.06666660    4.91499996    2.33200002
   12.06777763    4.91499996    2.35100007
   12.06861115    4.91499996    2.35100007
   12.06972218    4.91499996    2.35100007
   12.07083321    4.91499996    2.35100007
   12.07166672    4.91499996    2.35100007
   12.07277775    4.91499996    2.35100007
   12.07361126    4.91499996    2.35100007
   12.07472229    4.91499996    2.35100007
   12.07583332    4.91499996    2.35100007
   12.07666683    4.91499996    2.35100007
   12.07777786    4.91499996    2.35100007
   12.07888889    4.91499996    2.35100007
   12.07972240    4.91499996    2.35100007
   12.08083344    4.91499996    2.35100007
   12.08166695    4.91499996    2.35100007
   12.08277798    4.91499996    2.35100007
   12.08361053    4.91499996    2.35100007
   12.08472157    4.91499996    2.35100007
   12.08583260    4.91499996    2.35100007
   12.08666611    4.91499996    2.35100007
   12.08777714    4.91499996    2.35100007
   12.08861065    4.91499996    2.35100007
   12.08972168    4.91499996    2.35100007
   12.09083271    4.91499996    2.35100007
   12.09166622    4.91499996    2.35100007
   12.09277725    4.91499996    2.35100007
   12.09388828    4.91499996    2.37100005
   12.09472179    4.91499996    2.35100007
   12.09583282    4.91499996    2.35100007
   12.09666634    4.91499996    2.35100007
   12.09777737    4.91499996    2.35100007
   12.09888840    4.91499996    2.35100007
   12.09972191    4.91499996    2.35100007
   12.10083389    4.91499996    2.35100007
   12.10194492    4.91499996    2.35100007
   12.10277843    4.91499996    2.35100007
   12.10388947    4.91499996    2.35100007
   12.10472298    4.91499996    2.35100007
   12.10583401    4.91499996    2.35100007
   12.10666752    4.91499996    2.37100005
   12.10777855    4.91499996    2.37100005
   12.10888958    4.91499996    2.37100005
   12.10972214    4.91499996    2.35100007
   12.11083412    4.91499996    2.39000010
   12.11194515    4.91499996    2.37100005
   12.11277771    4.91499996    2.37100005
   12.11388969    4.91499996    2.37100005
   12.11472225    4.91499996    2.37100005
   12.11583328    4.91499996    2.37100005
   12.11694431    4.91499996    2.37100005
   12.11777782    4.91499996    2.37100005
   12.11888885    4.91499996    2.37100005
   12.11972237    4.91499996    2.37100005
   12.12083340    4.91499996    2.39000010
   12.12194443    4.91499996    2.37100005
   12.12277794    4.91499996    2.37100005
   12.12388897    4.91499996    2.37100005
   12.12472248    4.91499996    2.37100005
   12.12583351    4.91499996    2.37100005
   12.12666702    4.91499996    2.37100005
   12.12777805    4.91499996    2.37100005
   12.12888908    4.91499996    2.39000010
   12.12972260    4.91499996    2.37100005
   12.13083363    4.91499996    2.37100005
   12.13194466    4.91499996    2.37100005
   12.13277817    4.91499996    2.37100005
   12.13388920    4.91499996    2.37100005
   12.13500023    4.91499996    2.39000010
   12.13583279    4.91499996    2.39000010
   12.13694477    4.91499996    2.39000010
   12.13777733    4.91499996    2.39000010
   12.13888836    4.91499996    2.39000010
   12.14000034    4.91499996    2.37100005
   12.14083290    4.91499996    2.39000010
   12.14194393    4.91499996    2.39000010
   12.14277744    4.91499996    2.37100005
   12.14388847    4.91499996    2.39000010
   12.14499950    4.91499996    2.39000010
   12.14583302    4.91499996    2.39000010
   12.14694405    4.91499996    2.39000010
   12.14777756    4.91499996    2.39000010
   12.14888859    4.91499996    2.39000010
   12.14999962    4.91499996    2.39000010
   12.15083313    4.91499996    2.39000010
   12.15194416    4.91499996    2.39000010
   12.15277767    4.91499996    2.39000010
   12.15388870    4.91499996    2.39000010
   12.15499973    4.91499996    2.39000010
   12.15583324    4.91499996    2.39000010
   12.15694427    4.91499996    2.39000010
   12.15777779    4.91499996    2.39000010
   12.15888882    4.91499996    2.39000010
   12.15999985    4.91499996    2.39000010
   12.16083336    4.91499996    2.39000010
   12.16194439    4.91499996    2.39000010
   12.16277695    4.91499996    2.39000010
   12.16388893    4.91499996    2.40899992
   12.16472149    4.91499996    2.39000010
   12.16583252    4.91499996    2.39000010
   12.16694450    4.91499996    2.40899992
   12.16777802    4.91499996    2.39000010
   12.16888905    4.91499996    2.40899992
   12.16972256    4.91499996    2.39000010
   12.17083359    4.91499996    2.40899992
   12.17194462    4.91499996    2.40899992
   12.17277813    4.91499996    2.40899992
   12.17388916    4.91499996    2.40899992
   12.17472267    4.91499996    2.40899992
   12.17583370    4.91499996    2.40899992
   12.17694473    4.91499996    2.39000010
   12.17777824    4.91499996    2.39000010
   12.17888927    4.91499996    2.40899992
   12.18000031    4.91499996    2.40899992
   12.18083382    4.91499996    2.39000010
   12.18194485    4.91499996    2.39000010
   12.18277836    4.91499996    2.40899992
   12.18388939    4.91499996    2.39000010
   12.18500042    4.91499996    2.40899992
   12.18583298    4.91499996    2.39000010
   12.18694496    4.91499996    2.40899992
   12.18777752    4.91499996    2.39000010
   12.18888855    4.91499996    2.40899992
   12.19000053    4.91499996    2.40899992
   12.19083309    4.91499996    2.40899992
   12.19194412    4.91499996    2.40899992
   12.19305515    4.91499996    2.40899992
   12.19388866    4.91499996    2.40899992
   12.19499969    4.91499996    2.40899992
   12.19583321    4.91499996    2.39000010
   12.19694424    4.91499996    2.40899992
   12.19805527    4.91499996    2.40899992
   12.19888878    4.91499996    2.40899992
   12.19999981    4.91499996    2.40899992
   12.20083332    4.91499996    2.40899992
   12.20194435    4.91499996    2.40899992
   12.20305538    4.91499996    2.40899992
   12.20388889    4.91499996    2.40899992
   12.20499992    4.91499996    2.40899992
   12.20583344    4.91499996    2.40899992
   12.20694447    4.91499996    2.40899992
   12.20805550    4.91499996    2.40899992
   12.20888901    4.91499996    2.40899992
   12.21000004    4.91499996    2.40899992
   12.21083355    4.91499996    2.40899992
   12.21194458    4.91499996    2.40899992
   12.21305561    4.91499996    2.40899992
   12.21388912    4.91499996    2.40899992
   12.21500015    4.91499996    2.40899992
   12.21611118    4.91499996    2.40899992
   12.21694374    4.91499996    2.40899992
   12.21805477    4.91499996    2.42799997
   12.21888828    4.91499996    2.42799997
   12.21999931    4.91499996    2.42799997
   12.22111034    4.91499996    2.40899992
   12.22194386    4.91499996    2.40899992
   12.22305489    4.91499996    2.40899992
   12.22388840    4.91499996    2.40899992
   12.22499943    4.91499996    2.40899992
   12.22611046    4.91499996    2.42799997
   12.22694397    4.91499996    2.42799997
   12.22805500    4.91499996    2.42799997
   12.22888851    4.91499996    2.42799997
   12.22999954    4.91499996    2.42799997
   12.23111057    4.91499996    2.40899992
   12.23194408    4.91499996    2.42799997
   12.23305511    4.91499996    2.42799997
   12.23388958    4.91499996    2.42799997
   12.23500061    4.91499996    2.42799997
   12.23611164    4.91499996    2.42799997
   12.23694515    4.91499996    2.42799997
   12.23805618    4.91499996    2.42799997
   12.23888874    4.91499996    2.42799997
   12.24000072    4.91499996    2.42799997
   12.24111176    4.91499996    2.42799997
   12.24194431    4.91499996    2.42799997
   12.24305534    4.91499996    2.42799997
   12.24388885    4.91499996    2.44799995
   12.24499989    4.91499996    2.42799997
   12.24583340    4.91499996    2.44799995
   12.24694443    4.91499996    2.44799995
   12.24805546    4.91499996    2.44799995
   12.24888897    4.91499996    2.44799995
   12.25000000    4.91499996    2.46700001
   12.25083351    4.91499996    2.46700001
   12.25194454    4.91499996    2.46700001
   12.25305557    4.91499996    2.46700001
   12.25388908    4.91499996    2.44799995
   12.25500011    4.91499996    2.39000010
   12.25583363    4.91499996    2.33200002
   12.25694466    4.91499996    2.25500011
   12.25805569    4.91499996    2.17799997
   12.25888920    4.91499996    2.11999989
   12.26000023    4.91499996    2.10100007
   12.26083374    4.91499996    2.08100009
   12.26194477    4.91499996    2.08100009
   12.26277733    4.91499996    2.02399993
   12.26388931    4.91499996    2.00399995
   12.26500034    4.91499996    2.00399995
   12.26583290    4.91499996    2.10100007
   12.26694393    4.91499996    2.21600008
   12.26805496    4.91499996    2.27399993
   12.26888847    4.91499996    2.31299996
   12.26999950    4.91499996    2.31299996
   12.27083302    4.91499996    2.31299996
   12.27194405    4.91499996    2.31299996
   12.27305508    4.91499996    2.35100007
   12.27388859    4.91499996    2.35100007
   12.27499962    4.91499996    2.40899992
   12.27583313    4.91499996    2.40899992
   12.27694416    4.91499996    2.40899992
   12.27805519    4.91499996    2.40899992
   12.27888870    4.91499996    2.37100005
   12.27999973    4.91499996    2.25500011
   12.28083324    4.91499996    2.04299998
   12.28194427    4.91499996    1.79200006
   12.28305531    4.91499996    1.56099999
   12.28388977    4.91499996    1.33000004
   12.28500080    4.91499996    1.11800003
   12.28583336    4.91499996    0.92500001
   12.28694534    4.91499996    0.82800001
   12.28805637    4.91499996    0.86699998
   12.28888893    4.91499996    0.90600002
   12.29000092    4.91499996    0.92500001
   12.29083347    4.91499996    0.86699998
   12.29194450    4.91499996    0.80900002
   12.29305553    4.91499996    0.80900002
   12.29388905    4.91499996    0.79000002
   12.29500008    4.91499996    0.75099999
   12.29555607    4.91499996    0.71300000
   12.29750061    4.91499996    0.67400002
   12.29805565    4.91499996    0.67400002
   12.29972267    4.91499996    0.69300002
   12.30138874    4.91499996    0.75099999
   12.30305576    4.91499996    0.82800001
   12.30472279    0.53899997    0.25000000
   12.30638885    0.36600000    0.23100001
   12.30805588    0.32699999    0.15400000
   12.30972195    0.30800000    0.09600000
   12.31111145    0.30800000    0.05700000
   12.31277752    0.30800000    0.01900000
