    HOUR (UT)     SKY TESTER    SUN TESTER
   12.15527725    0.88599998    0.01900000
   12.15611076    0.90600002    0.03800000
   12.15694427    0.92500001    0.05700000
   12.15777779    0.92500001    0.09600000
   12.15888882    0.94400001    0.11500000
   12.15972137    0.96300000    0.15400000
   12.16055489    0.98299998    0.19200000
   12.16166592    0.98299998    0.23100001
   12.16249943    1.02100003    0.25000000
   12.16333294    1.02100003    0.30800000
   12.16416645    1.03999996    0.34599999
   12.16527748    1.07900000    0.38499999
   12.16611099    1.09800005    0.42399999
   12.16694450    1.09800005    0.46200001
   12.16777802    1.11800003    0.50099999
   12.16888905    1.15600002    0.53899997
   12.16972256    1.15600002    0.59700000
   12.17055607    1.17499995    0.63599998
   12.17138958    1.19500005    0.67400002
   12.17250061    1.21399999    0.73199999
   12.17333412    1.23300004    0.77100003
   12.17416668    1.25300002    0.82800001
   12.17500019    1.27199996    0.86699998
   12.17611122    1.29100001    0.92500001
   12.17694473    1.30999994    0.96300000
   12.17777824    1.33000004    1.00199997
   12.17861176    1.36800003    1.05999994
   12.17972279    1.38699996    1.09800005
   12.18055630    1.38699996    1.13699996
   12.18138885    1.40699995    1.19500005
   12.18222237    1.42600000    1.23300004
   12.18305588    1.44500005    1.27199996
   12.18416691    1.46500003    1.30999994
   12.18500042    1.48399997    1.34899998
   12.18583298    1.50300002    1.38699996
   12.18694496    1.52199996    1.44500005
   12.18777752    1.52199996    1.48399997
   12.18861103    1.54200006    1.50300002
   12.19000053    1.56099999    1.56099999
   12.19055557    1.58000004    1.58000004
   12.19138908    1.58000004    1.61899996
   12.19194412    1.60000002    1.61899996
   12.19277763    1.60000002    1.63800001
   12.19361115    1.61899996    1.65699995
   12.19444466    1.63800001    1.67700005
   12.19499969    1.65699995    1.67700005
   12.19583321    1.65699995    1.71500003
   12.19638920    1.65699995    1.71500003
   12.19694424    1.65699995    1.71500003
   12.19750023    1.67700005    1.71500003
   12.19944477    1.69599998    1.71500003
   12.20027733    1.69599998    1.73399997
   12.20111084    1.71500003    1.73399997
   12.20194435    1.73399997    1.73399997
   12.20499992    1.77300000    1.73399997
   12.20611095    1.77300000    1.73399997
   12.20666695    1.79200006    1.73399997
   12.20749950    1.79200006    1.73399997
   12.20833302    1.79200006    1.73399997
   12.20944405    1.81200004    1.73399997
   12.21027756    1.81200004    1.75399995
   12.21111107    1.83099997    1.73399997
   12.21194458    1.85000002    1.73399997
   12.21277714    1.85000002    1.75399995
   12.21361065    1.85000002    1.75399995
   12.21444416    1.86899996    1.75399995
   12.21527767    1.86899996    1.75399995
   12.21611118    1.86899996    1.75399995
   12.21722221    1.88900006    1.75399995
   12.21805477    1.88900006    1.75399995
   12.21861076    1.90799999    1.75399995
   12.21944427    1.90799999    1.75399995
   12.22055531    1.90799999    1.75399995
   12.22138882    1.92700005    1.75399995
   12.22416592    1.94700003    1.75399995
   12.23305511    2.02399993    1.77300000
   12.23361111    2.02399993    1.77300000
   12.23416710    2.02399993    1.77300000
   12.23472214    2.02399993    1.79200006
   12.23555565    2.02399993    1.77300000
   12.23666668    2.04299998    1.77300000
   12.23750019    2.04299998    1.79200006
   12.23861122    2.04299998    1.77300000
   12.23944473    2.06200004    1.77300000
   12.24055576    2.06200004    1.77300000
   12.24138927    2.06200004    1.77300000
   12.24222279    2.06200004    1.79200006
   12.24333382    2.08100009    1.79200006
   12.24416733    2.08100009    1.79200006
   12.24527836    2.10100007    1.79200006
   12.24611092    2.10100007    1.79200006
   12.24694443    2.10100007    1.79200006
   12.24805546    2.10100007    1.79200006
   12.24888897    2.10100007    1.79200006
   12.25000000    2.11999989    1.79200006
   12.25083351    2.11999989    1.79200006
   12.25194454    2.11999989    1.79200006
   12.25277805    2.13899994    1.79200006
   12.25388908    2.13899994    1.79200006
   12.25472260    2.13899994    1.79200006
   12.25583363    2.13899994    1.79200006
   12.25694466    2.13899994    1.79200006
   12.25777817    2.15899992    1.81200004
   12.25888920    2.15899992    1.81200004
   12.26000023    2.17799997    1.81200004
   12.26083374    2.17799997    1.81200004
   12.26194477    2.17799997    1.81200004
   12.26277733    2.17799997    1.81200004
   12.26361084    2.19700003    1.81200004
   12.26472187    2.19700003    1.81200004
   12.26583290    2.19700003    1.81200004
   12.26666641    2.19700003    1.81200004
   12.26777744    2.21600008    1.83099997
   12.26861095    2.21600008    1.81200004
   12.26972198    2.21600008    1.81200004
   12.27055550    2.21600008    1.81200004
   12.27166653    2.21600008    1.83099997
   12.27277756    2.23600006    1.81200004
   12.27361107    2.23600006    1.83099997
   12.27472210    2.23600006    1.81200004
   12.27555561    2.23600006    1.81200004
   12.27666664    2.25500011    1.81200004
   12.27750015    2.25500011    1.83099997
   12.27833271    2.25500011    1.83099997
   12.27944374    2.27399993    1.81200004
   12.28027725    2.27399993    1.81200004
   12.28111076    2.27399993    1.83099997
   12.28222179    2.27399993    1.83099997
   12.28305531    2.27399993    1.83099997
   12.28388977    2.27399993    1.83099997
   12.28500080    2.27399993    1.83099997
   12.28583336    2.27399993    1.85000002
   12.28666687    2.27399993    1.83099997
   12.28777790    2.29399991    1.83099997
   12.28861141    2.27399993    1.85000002
   12.28972244    2.27399993    1.85000002
   12.29055595    2.29399991    1.83099997
   12.29138947    2.29399991    1.83099997
   12.29250050    2.29399991    1.85000002
   12.29333401    2.29399991    1.85000002
   12.29444504    2.29399991    1.85000002
   12.29527855    2.29399991    1.85000002
   12.29638958    2.29399991    1.85000002
   12.29722309    2.29399991    1.85000002
   12.29833412    2.29399991    1.85000002
   12.29916668    2.29399991    1.85000002
   12.30027771    2.31299996    1.85000002
   12.30111122    2.29399991    1.85000002
   12.30222225    2.29399991    1.85000002
   12.30305576    2.31299996    1.85000002
   12.30388927    2.29399991    1.85000002
   12.30500031    2.31299996    1.85000002
   12.30611134    2.31299996    1.86899996
   12.30694485    2.31299996    1.85000002
   12.30777836    2.31299996    1.85000002
   12.30888939    2.31299996    1.85000002
   12.31000042    2.31299996    1.86899996
   12.31083393    2.31299996    1.86899996
   12.31166649    2.31299996    1.86899996
   12.31277752    2.31299996    1.86899996
   12.31361103    2.31299996    1.86899996
   12.31444454    2.31299996    1.86899996
   12.31555557    2.31299996    1.86899996
   12.31638908    2.31299996    1.86899996
   12.31722260    2.29399991    1.86899996
   12.31833363    2.31299996    1.86899996
   12.31916618    2.31299996    1.86899996
   12.31999969    2.31299996    1.86899996
   12.32111073    2.31299996    1.86899996
   12.32194424    2.31299996    1.86899996
   12.32277775    2.29399991    1.86899996
   12.32388878    2.29399991    1.86899996
   12.32472229    2.29399991    1.86899996
   12.32555580    2.29399991    1.86899996
   12.32666683    2.29399991    1.88900006
   12.32750034    2.29399991    1.86899996
   12.32861137    2.29399991    1.88900006
   12.32944393    2.29399991    1.88900006
   12.33055592    2.29399991    1.88900006
   12.33138847    2.29399991    1.88900006
   12.33222198    2.29399991    1.88900006
   12.33305550    2.29399991    1.88900006
   12.33416653    2.29399991    1.88900006
   12.33500004    2.29399991    1.88900006
   12.33583260    2.29399991    1.88900006
   12.33666611    2.29399991    1.88900006
   12.33777714    2.29399991    1.88900006
   12.33861065    2.29399991    1.88900006
   12.33972168    2.29399991    1.88900006
   12.34055519    2.29399991    1.88900006
   12.34166622    2.29399991    1.88900006
   12.34249973    2.29399991    1.88900006
   12.34333324    2.29399991    1.88900006
   12.34444427    2.29399991    1.90799999
   12.34527779    2.29399991    1.90799999
   12.34638882    2.27399993    1.90799999
   12.34722233    2.27399993    1.88900006
   12.34805489    2.29399991    1.90799999
   12.34916592    2.27399993    1.90799999
   12.35000038    2.29399991    1.90799999
   12.35111141    2.29399991    1.88900006
   12.35194492    2.27399993    1.90799999
   12.35277843    2.27399993    1.90799999
   12.35388947    2.27399993    1.90799999
   12.35472298    2.27399993    1.90799999
   12.35583401    2.27399993    1.90799999
   12.35694504    2.27399993    1.90799999
   12.35777855    2.27399993    1.90799999
   12.35888958    2.27399993    1.90799999
   12.35972214    2.27399993    1.90799999
   12.36083412    2.25500011    1.90799999
   12.36166668    2.27399993    1.90799999
   12.36277771    2.27399993    1.90799999
   12.36361122    2.25500011    1.92700005
   12.36472225    2.27399993    1.92700005
   12.36555576    2.27399993    1.92700005
   12.36666679    2.25500011    1.92700005
   12.36750031    2.25500011    1.92700005
   12.36833382    2.25500011    1.90799999
   12.36944485    2.25500011    1.90799999
   12.37055588    2.25500011    1.92700005
   12.37138939    2.25500011    1.92700005
   12.37250042    2.25500011    1.92700005
   12.37333393    2.25500011    1.92700005
   12.37444496    2.25500011    1.92700005
   12.37527752    2.25500011    1.92700005
   12.37638855    2.25500011    1.92700005
   12.37722206    2.25500011    1.92700005
   12.37833309    2.25500011    1.92700005
   12.37916660    2.25500011    1.92700005
   12.38027763    2.25500011    1.92700005
   12.38111115    2.25500011    1.94700003
   12.38222218    2.25500011    1.92700005
   12.38333321    2.25500011    1.92700005
   12.38416672    2.25500011    1.92700005
   12.38527775    2.25500011    1.92700005
   12.38611126    2.25500011    1.92700005
   12.38694477    2.25500011    1.92700005
   12.38805580    2.23600006    1.94700003
   12.38916683    2.25500011    1.94700003
   12.39000034    2.25500011    1.94700003
   12.39111137    2.23600006    1.94700003
   12.39194393    2.21600008    1.94700003
   12.39305496    2.23600006    1.94700003
   12.39416695    2.21600008    1.94700003
   12.39499950    2.21600008    1.94700003
   12.39583302    2.21600008    1.94700003
   12.39694405    2.21600008    1.94700003
   12.39777756    2.23600006    1.94700003
   12.39888859    2.23600006    1.94700003
   12.39972210    2.21600008    1.94700003
   12.40083313    2.21600008    1.94700003
   12.40166664    2.21600008    1.94700003
   12.40249920    2.21600008    1.94700003
   12.40361118    2.21600008    1.94700003
   12.40444374    2.21600008    1.94700003
   12.40555477    2.21600008    1.94700003
   12.40638828    2.21600008    1.94700003
   12.40749931    2.19700003    1.94700003
   12.40833282    2.19700003    1.94700003
   12.40944386    2.19700003    1.94700003
   12.41027737    2.19700003    1.94700003
   12.41138840    2.19700003    1.96599996
   12.41249943    2.19700003    1.94700003
   12.41333294    2.19700003    1.96599996
   12.41444397    2.19700003    1.96599996
   12.41527748    2.19700003    1.96599996
   12.41638851    2.17799997    1.96599996
   12.41722298    2.19700003    1.96599996
   12.41833401    2.19700003    1.96599996
   12.41916656    2.17799997    1.96599996
   12.42000008    2.17799997    1.96599996
   12.42111111    2.17799997    1.96599996
   12.42194462    2.17799997    1.96599996
   12.42305565    2.17799997    1.96599996
   12.42388916    2.17799997    1.96599996
   12.42500019    2.15899992    1.96599996
   12.42583370    2.15899992    1.96599996
   12.42694473    2.15899992    1.96599996
   12.42777824    2.15899992    1.96599996
   12.42888927    2.15899992    1.96599996
   12.42972279    2.15899992    1.96599996
   12.43083382    2.13899994    1.96599996
   12.43166733    2.15899992    1.96599996
   12.43277836    2.13899994    1.98500001
   12.43361092    2.13899994    1.96599996
   12.43472195    2.13899994    1.98500001
   12.43555546    2.13899994    1.96599996
   12.43666649    2.11999989    1.96599996
   12.43750000    2.13899994    1.98500001
   12.43861103    2.11999989    1.98500001
   12.43972206    2.11999989    1.98500001
   12.44055557    2.11999989    1.98500001
   12.44166660    2.11999989    1.98500001
   12.44250011    2.11999989    2.00399995
   12.44361115    2.11999989    1.98500001
   12.44472218    2.11999989    2.00399995
   12.44555569    2.11999989    1.98500001
   12.44666672    2.10100007    1.98500001
   12.44750023    2.10100007    1.98500001
   12.44833374    2.10100007    1.98500001
   12.44944477    2.10100007    2.00399995
   12.45027733    2.10100007    1.98500001
   12.45138836    2.10100007    2.00399995
   12.45222187    2.10100007    2.00399995
   12.45333290    2.10100007    1.98500001
   12.45416641    2.10100007    2.00399995
   12.45527744    2.08100009    2.00399995
   12.45611095    2.08100009    2.00399995
   12.45722198    2.08100009    2.00399995
   12.45805550    2.06200004    2.00399995
   12.45916653    2.06200004    1.98500001
   12.46000004    2.06200004    2.00399995
   12.46111107    2.06200004    2.00399995
   12.46194458    2.06200004    2.00399995
   12.46305561    2.06200004    2.00399995
   12.46388912    2.06200004    2.00399995
   12.46500015    2.06200004    2.00399995
   12.46583271    2.06200004    2.00399995
   12.46666622    2.04299998    2.00399995
   12.46777725    2.06200004    2.00399995
   12.46861076    2.04299998    2.00399995
   12.46972179    2.06200004    2.00399995
   12.47055531    2.04299998    2.00399995
   12.47166634    2.04299998    2.02399993
   12.47249985    2.04299998    2.00399995
   12.47361088    2.04299998    2.00399995
   12.47444439    2.04299998    2.00399995
   12.47555542    2.04299998    2.00399995
   12.47638798    2.02399993    2.02399993
   12.47749996    2.02399993    2.02399993
   12.47833252    2.02399993    2.02399993
   12.47916603    2.02399993    2.02399993
   12.48027706    2.02399993    2.02399993
   12.48111057    2.02399993    2.02399993
   12.48222160    2.02399993    2.02399993
   12.48305511    2.02399993    2.02399993
   12.48416710    2.00399995    2.02399993
   12.48500061    2.00399995    2.02399993
   12.48611164    2.00399995    2.02399993
   12.48694515    2.02399993    2.02399993
   12.48805618    2.00399995    2.02399993
   12.48888874    2.00399995    2.02399993
   12.49000072    2.00399995    2.02399993
   12.49083328    2.00399995    2.02399993
   12.49194431    2.00399995    2.02399993
   12.49277782    1.98500001    2.02399993
   12.49416733    1.98500001    2.02399993
   12.49499989    1.98500001    2.02399993
   12.49583340    1.98500001    2.02399993
   12.50388908    1.96599996    2.04299998
   12.51638889    1.94700003    2.04299998
   12.51944447    1.94700003    2.04299998
   12.51999950    1.94700003    2.04299998
   12.52972221    1.90799999    2.06200004
   12.53249931    1.90799999    2.06200004
   12.53305531    1.90799999    2.06200004
   12.54000092    1.90799999    2.06200004
   12.54333401    1.90799999    2.06200004
   12.54388905    1.88900006    2.06200004
   12.55083370    1.86899996    2.06200004
   12.55388927    1.86899996    2.08100009
   12.55444431    1.86899996    2.06200004
   12.56222248    1.86899996    2.08100009
   12.56527805    1.86899996    2.08100009
   12.56611156    1.85000002    2.08100009
   12.57305527    1.85000002    2.08100009
   12.57611084    1.85000002    2.08100009
   12.57666683    1.85000002    2.08100009
   12.58361053    1.85000002    2.08100009
   12.58666611    1.85000002    2.08100009
   12.58722210    1.85000002    2.08100009
   12.59499931    1.83099997    2.10100007
   12.59805489    1.83099997    2.10100007
   12.59861088    1.85000002    2.10100007
   12.60666752    1.81200004    2.11999989
   12.60944462    1.81200004    2.11999989
   12.61027813    1.81200004    2.10100007
   12.61055565    1.81200004    2.11999989
   12.61138916    1.81200004    2.10100007
   12.61194515    1.81200004    2.10100007
   12.61250019    1.79200006    2.11999989
   12.61305618    1.81200004    2.10100007
   12.61361122    1.81200004    2.10100007
   12.61416721    1.81200004    2.11999989
   12.61472225    1.79200006    2.11999989
   12.61527824    1.79200006    2.10100007
   12.61583328    1.79200006    2.11999989
   12.61638927    1.79200006    2.10100007
   12.61694431    1.79200006    2.11999989
   12.61750031    1.79200006    2.10100007
   12.61805534    1.79200006    2.10100007
   12.61888885    1.79200006    2.11999989
   12.61944485    1.77300000    2.10100007
   12.61999989    1.79200006    2.11999989
   12.62055588    1.77300000    2.11999989
   12.62111092    1.79200006    2.11999989
   12.62166691    1.79200006    2.11999989
   12.62222195    1.77300000    2.11999989
   12.62277794    1.77300000    2.11999989
   12.62333393    1.77300000    2.11999989
   12.63111115    1.75399995    2.11999989
   12.63166714    1.75399995    2.11999989
   12.63249969    1.75399995    2.11999989
   12.63305569    1.73399997    2.11999989
   12.63361073    1.73399997    2.11999989
   12.63416672    1.73399997    2.13899994
   12.63472176    1.73399997    2.11999989
   12.63527775    1.73399997    2.11999989
   12.63583279    1.73399997    2.11999989
   12.63638878    1.73399997    2.13899994
   12.63722229    1.73399997    2.11999989
   12.63777733    1.73399997    2.13899994
   12.63833332    1.73399997    2.11999989
   12.63888836    1.71500003    2.11999989
   12.63944435    1.71500003    2.11999989
   12.64000034    1.73399997    2.11999989
   12.64055538    1.73399997    2.11999989
   12.64111137    1.71500003    2.11999989
   12.64166641    1.73399997    2.13899994
   12.64222240    1.73399997    2.13899994
   12.64277744    1.71500003    2.13899994
   12.64333344    1.73399997    2.11999989
   12.64416695    1.73399997    2.11999989
   12.64472198    1.73399997    2.13899994
   12.64527798    1.73399997    2.13899994
   12.64583302    1.73399997    2.11999989
   12.64638901    1.73399997    2.11999989
   12.64694405    1.73399997    2.11999989
   12.64750004    1.73399997    2.13899994
   12.64805508    1.71500003    2.13899994
   12.64861107    1.71500003    2.11999989
   12.64916611    1.73399997    2.11999989
   12.64972210    1.73399997    2.13899994
   12.65027714    1.71500003    2.11999989
   12.65111065    1.71500003    2.13899994
   12.65138817    1.71500003    2.13899994
   12.65222168    1.71500003    2.11999989
   12.65277767    1.71500003    2.13899994
   12.65333271    1.73399997    2.11999989
   12.65388870    1.73399997    2.13899994
   12.65444374    1.71500003    2.13899994
   12.65499973    1.71500003    2.13899994
   12.65555477    1.71500003    2.13899994
   12.65611076    1.71500003    2.13899994
   12.65666676    1.71500003    2.13899994
   12.65722179    1.71500003    2.13899994
   12.65805531    1.71500003    2.13899994
   12.65861034    1.71500003    2.13899994
   12.65916634    1.71500003    2.13899994
   12.65972137    1.71500003    2.13899994
   12.66027737    1.71500003    2.11999989
   12.66083336    1.71500003    2.13899994
   12.66138840    1.71500003    2.13899994
   12.66194439    1.71500003    2.13899994
   12.66249943    1.71500003    2.13899994
   12.66305542    1.71500003    2.13899994
   12.66388893    1.71500003    2.13899994
   12.66444397    1.71500003    2.13899994
   12.66472149    1.71500003    2.13899994
   12.67388916    1.71500003    2.15899992
   12.68388939    1.69599998    2.13899994
   12.68472195    1.69599998    2.15899992
   12.68527794    1.69599998    2.15899992
   12.68583298    1.69599998    2.13899994
   12.68638897    1.69599998    2.15899992
   12.68694496    1.69599998    2.13899994
   12.68750000    1.69599998    2.15899992
   12.68805599    1.69599998    2.15899992
   12.69611073    1.67700005    2.15899992
   12.70222187    1.67700005    2.17799997
   12.70333290    1.67700005    2.15899992
   12.70388889    1.67700005    2.15899992
   12.70472240    1.67700005    2.15899992
   12.70555496    1.67700005    2.17799997
   12.70638847    1.67700005    2.15899992
   12.71500015    1.67700005    2.17799997
   12.71555519    1.65699995    2.15899992
   12.71611118    1.67700005    2.17799997
   12.71666622    1.65699995    2.17799997
   12.72388840    1.65699995    2.17799997
   12.72694397    1.65699995    2.17799997
   12.72749996    1.65699995    2.17799997
   12.73444462    1.63800001    2.17799997
   12.73777771    1.63800001    2.17799997
   12.73833370    1.63800001    2.17799997
   12.74611092    1.63800001    2.17799997
   12.74916649    1.63800001    2.17799997
   12.74972248    1.63800001    2.17799997
   12.75694466    1.61899996    2.19700003
   12.75972176    1.61899996    2.19700003
   12.76027775    1.61899996    2.17799997
   12.76722240    1.63800001    2.19700003
   12.77055550    1.61899996    2.19700003
   12.77111053    1.61899996    2.21600008
   12.77888870    1.60000002    2.19700003
   12.78194427    1.60000002    2.19700003
   12.78249931    1.60000002    2.21600008
   12.78972244    1.60000002    2.21600008
   12.79277802    1.60000002    2.19700003
   12.79333401    1.61899996    2.21600008
   12.80027771    1.60000002    2.21600008
   12.80333328    1.58000004    2.21600008
   12.80388927    1.60000002    2.21600008
   12.81194496    1.58000004    2.21600008
   12.81500053    1.58000004    2.21600008
   12.81555557    1.58000004    2.21600008
   12.82333374    1.58000004    2.23600006
   12.82666683    1.58000004    2.21600008
   12.82722187    1.58000004    2.23600006
   12.82777786    1.58000004    2.23600006
   12.82833290    1.58000004    2.23600006
   12.82888889    1.58000004    2.23600006
   12.82944393    1.58000004    2.23600006
   12.82999992    1.58000004    2.23600006
   12.83055592    1.58000004    2.23600006
   12.83111095    1.58000004    2.23600006
   12.83166695    1.58000004    2.23600006
   12.83222198    1.58000004    2.23600006
   12.83277798    1.58000004    2.21600008
   12.83333302    1.58000004    2.23600006
   12.83388901    1.58000004    2.23600006
   12.83444405    1.58000004    2.23600006
   12.83500004    1.58000004    2.23600006
   12.83555508    1.58000004    2.21600008
   12.83611107    1.58000004    2.23600006
   12.83666611    1.58000004    2.23600006
   12.83722210    1.58000004    2.23600006
   12.83777714    1.58000004    2.21600008
   12.83833313    1.58000004    2.23600006
   12.83888817    1.58000004    2.23600006
   12.83972168    1.58000004    2.23600006
   12.84027767    1.58000004    2.23600006
   12.84083271    1.58000004    2.23600006
   12.84138870    1.58000004    2.23600006
   12.84194374    1.58000004    2.23600006
   12.84249973    1.58000004    2.23600006
   12.84305477    1.58000004    2.23600006
   12.84361076    1.58000004    2.23600006
   12.84416676    1.60000002    2.23600006
   12.84472179    1.58000004    2.23600006
   12.84527779    1.58000004    2.23600006
   12.84583282    1.58000004    2.23600006
   12.84666634    1.58000004    2.23600006
   12.84722233    1.58000004    2.23600006
   12.84777737    1.58000004    2.23600006
   12.84833336    1.58000004    2.23600006
   12.84888840    1.58000004    2.23600006
   12.84944439    1.56099999    2.23600006
   12.85000038    1.58000004    2.23600006
   12.85055637    1.58000004    2.23600006
   12.85111141    1.58000004    2.23600006
   12.85194492    1.56099999    2.23600006
   12.85249996    1.56099999    2.23600006
   12.85305595    1.56099999    2.25500011
   12.85361195    1.58000004    2.23600006
   12.85416698    1.56099999    2.23600006
   12.85472298    1.56099999    2.23600006
   12.85527802    1.56099999    2.23600006
   12.85583401    1.56099999    2.23600006
   12.85638905    1.56099999    2.23600006
   12.85694504    1.56099999    2.23600006
   12.86611176    1.54200006    2.23600006
   12.86916637    1.56099999    2.25500011
   12.87694454    1.54200006    2.25500011
   12.88305569    1.54200006    2.25500011
   12.88388920    1.54200006    2.25500011
   12.88472176    1.54200006    2.25500011
   12.88583279    1.54200006    2.25500011
   12.88666630    1.54200006    2.25500011
   12.88749981    1.54200006    2.25500011
   12.88833332    1.54200006    2.25500011
   12.88916683    1.54200006    2.25500011
   12.88972187    1.54200006    2.25500011
   12.89805508    1.54200006    2.25500011
   12.89888859    1.54200006    2.25500011
   12.89944458    1.52199996    2.25500011
   12.89999962    1.52199996    2.25500011
   12.90055561    1.54200006    2.25500011
   12.90999985    1.52199996    2.25500011
   12.91305542    1.52199996    2.25500011
   12.91388893    1.52199996    2.25500011
   12.92083359    1.52199996    2.25500011
   12.92388916    1.52199996    2.27399993
   12.92444515    1.52199996    2.27399993
   12.93222237    1.50300002    2.27399993
   12.93527794    1.50300002    2.27399993
   12.93583298    1.50300002    2.27399993
   12.94277763    1.50300002    2.29399991
   12.94583321    1.50300002    2.27399993
   12.94638920    1.50300002    2.27399993
   12.95333290    1.48399997    2.27399993
   12.95638847    1.48399997    2.27399993
   12.95694447    1.48399997    2.27399993
   12.96472168    1.48399997    2.27399993
   12.96777725    1.46500003    2.29399991
   12.96833324    1.46500003    2.29399991
   12.97527695    1.46500003    2.29399991
   12.97833252    1.46500003    2.29399991
   12.97888851    1.46500003    2.29399991
   12.98611164    1.46500003    2.29399991
   12.98916721    1.46500003    2.29399991
   12.98972225    1.48399997    2.29399991
   12.99750042    1.48399997    2.29399991
   13.00055599    1.48399997    2.31299996
   13.00111103    1.46500003    2.31299996
   13.00916672    1.48399997    2.29399991
   13.01249981    1.46500003    2.31299996
   13.01305580    1.46500003    2.31299996
   13.01361084    1.46500003    2.31299996
   13.01416683    1.46500003    2.31299996
   13.01472187    1.46500003    2.31299996
   13.01527786    1.46500003    2.31299996
   13.01583290    1.46500003    2.31299996
   13.01638889    1.44500005    2.29399991
   13.01694393    1.46500003    2.31299996
   13.01749992    1.46500003    2.29399991
   13.01833344    1.46500003    2.31299996
   13.01861095    1.44500005    2.31299996
   13.01944447    1.46500003    2.31299996
   13.01999950    1.46500003    2.31299996
   13.02055550    1.44500005    2.31299996
   13.02111053    1.46500003    2.31299996
   13.02166653    1.44500005    2.31299996
   13.02222157    1.44500005    2.31299996
   13.02277756    1.44500005    2.31299996
   13.02361107    1.44500005    2.31299996
   13.02416611    1.44500005    2.31299996
   13.02472210    1.44500005    2.31299996
   13.02527714    1.44500005    2.31299996
   13.02583313    1.44500005    2.31299996
   13.02638817    1.44500005    2.31299996
   13.02694416    1.44500005    2.31299996
   13.02750015    1.44500005    2.31299996
   13.02805519    1.44500005    2.31299996
   13.02861118    1.44500005    2.31299996
   13.02916622    1.44500005    2.31299996
   13.02972221    1.44500005    2.31299996
   13.03027725    1.44500005    2.31299996
   13.03083324    1.46500003    2.31299996
   13.03166676    1.46500003    2.31299996
   13.03222179    1.44500005    2.31299996
   13.03277779    1.44500005    2.31299996
   13.03333378    1.44500005    2.31299996
   13.03388977    1.44500005    2.31299996
   13.03444481    1.46500003    2.31299996
   13.03500080    1.44500005    2.31299996
   13.03555584    1.46500003    2.31299996
   13.03611183    1.44500005    2.31299996
   13.03694534    1.44500005    2.31299996
   13.03722286    1.44500005    2.31299996
   13.03777790    1.44500005    2.31299996
   13.03833389    1.44500005    2.33200002
   13.03916740    1.44500005    2.33200002
   13.03972244    1.44500005    2.31299996
   13.04000092    1.44500005    2.31299996
   13.04083347    1.44500005    2.31299996
   13.04138947    1.44500005    2.31299996
   13.04194450    1.42600000    2.31299996
   13.04250050    1.42600000    2.31299996
   13.05138874    1.42600000    2.31299996
   13.05472279    1.42600000    2.31299996
   13.06250000    1.42600000    2.33200002
   13.06833363    1.42600000    2.33200002
   13.06916618    1.42600000    2.33200002
   13.06999969    1.42600000    2.33200002
   13.07083321    1.42600000    2.31299996
   13.07138920    1.42600000    2.33200002
   13.07888889    1.42600000    2.33200002
   13.07972240    1.42600000    2.33200002
   13.08027744    1.42600000    2.33200002
   13.08083344    1.42600000    2.31299996
   13.08138847    1.42600000    2.33200002
   13.08194447    1.42600000    2.33200002
   13.08277798    1.42600000    2.33200002
   13.08972168    1.42600000    2.33200002
   13.09305477    1.42600000    2.33200002
   13.09333324    1.42600000    2.33200002
   13.10055637    1.42600000    2.33200002
   13.10361195    1.42600000    2.33200002
   13.10416698    1.42600000    2.33200002
   13.11222267    1.40699995    2.33200002
   13.11527824    1.42600000    2.33200002
   13.11583328    1.40699995    2.33200002
   13.12305546    1.40699995    2.33200002
   13.12611103    1.40699995    2.33200002
   13.12666702    1.42600000    2.35100007
   13.13361073    1.46500003    2.35100007
   13.13666630    1.56099999    2.35100007
   13.13694477    1.58000004    2.35100007
   13.14499950    1.69599998    2.35100007
   13.14555550    1.75399995    2.35100007
   13.14611053    1.85000002    2.35100007
   13.14666653    1.90799999    2.35100007
   13.15444374    1.67700005    2.35100007
   13.15499973    1.65699995    2.35100007
   13.15555477    1.63800001    2.35100007
   13.15611076    1.63800001    2.35100007
   13.15666676    1.60000002    2.35100007
   13.15722179    1.58000004    2.35100007
   13.15777779    1.56099999    2.35100007
   13.16555500    1.40699995    2.35100007
   13.16611099    1.40699995    2.35100007
   13.16694450    1.40699995    2.35100007
   13.16750050    1.38699996    2.35100007
   13.17527771    1.36800003    2.37100005
   13.17583370    1.36800003    2.37100005
   13.17638874    1.36800003    2.37100005
   13.17694473    1.36800003    2.37100005
   13.17777824    1.34899998    2.37100005
   13.17833328    1.36800003    2.37100005
   13.17888927    1.36800003    2.37100005
   13.18638897    1.42600000    2.35100007
   13.18722248    1.42600000    2.35100007
   13.18777752    1.42600000    2.37100005
   13.18833351    1.40699995    2.37100005
   13.19611073    1.73399997    2.37100005
   13.19666672    1.75399995    2.37100005
   13.19722271    1.69599998    2.37100005
   13.19805527    1.63800001    2.37100005
   13.19861126    1.60000002    2.37100005
   13.19916630    1.54200006    2.37100005
   13.19972229    1.52199996    2.37100005
   13.20749950    1.34899998    2.37100005
   13.20805550    1.34899998    2.37100005
   13.20861053    1.34899998    2.37100005
   13.20916653    1.36800003    2.37100005
   13.21694374    1.48399997    2.37100005
   13.21749973    1.48399997    2.37100005
   13.21805477    1.48399997    2.37100005
   13.21861076    1.46500003    2.37100005
   13.21916580    1.44500005    2.37100005
   13.21972179    1.42600000    2.37100005
   13.22027779    1.38699996    2.37100005
   13.22805500    1.33000004    2.37100005
   13.23111057    1.36800003    2.37100005
   13.23166656    1.36800003    2.39000010
   13.23888874    1.65699995    2.37100005
   13.24194431    1.75399995    2.37100005
   13.24250031    1.73399997    2.39000010
   13.25027752    2.10100007    2.37100005
   13.25083351    1.85000002    2.39000010
   13.25138855    1.61899996    2.39000010
   13.25194454    1.46500003    2.37100005
   13.25972176    1.40699995    2.35100007
   13.26027775    1.44500005    2.39000010
   13.26083374    1.50300002    2.39000010
   13.26138878    1.60000002    2.39000010
   13.26194477    1.65699995    2.39000010
   13.26249981    1.67700005    2.39000010
   13.26305580    1.65699995    2.39000010
   13.27083302    1.79200006    2.39000010
   13.27138901    1.85000002    2.39000010
   13.27194405    1.88900006    2.39000010
   13.27250004    1.86899996    2.39000010
   13.27972221    1.46500003    2.39000010
   13.29000092    1.71500003    2.39000010
   13.29055595    1.79200006    2.39000010
   13.29111195    1.88900006    2.39000010
   13.29166698    1.94700003    2.39000010
   13.29250050    1.96599996    2.39000010
   13.29305553    1.90799999    2.39000010
   13.29361153    1.85000002    2.39000010
   13.30138874    1.27199996    2.39000010
   13.30194473    1.29100001    2.39000010
   13.30249977    1.29100001    2.39000010
   13.30305576    1.27199996    2.39000010
   13.31083393    1.25300002    2.40899992
   13.31166649    1.25300002    2.40899992
   13.31222248    1.27199996    2.40899992
   13.31277752    1.25300002    2.40899992
   13.31333351    1.25300002    2.40899992
   13.31388950    1.25300002    2.40899992
   13.31444454    1.25300002    2.40899992
   13.32222176    1.25300002    2.40899992
   13.32527733    1.25300002    2.40899992
   13.32583332    1.25300002    2.40899992
   13.33361053    1.25300002    2.40899992
   13.33694458    1.25300002    2.40899992
   13.33749962    1.25300002    2.40899992
   13.33805561    1.25300002    2.40899992
   13.33861065    1.25300002    2.40899992
   13.33916664    1.25300002    2.40899992
   13.33972168    1.25300002    2.40899992
   13.34027767    1.25300002    2.40899992
   13.34083271    1.25300002    2.40899992
   13.34138870    1.25300002    2.40899992
   13.34194374    1.25300002    2.40899992
   13.34249973    1.25300002    2.40899992
   13.34305477    1.25300002    2.40899992
   13.34361076    1.25300002    2.40899992
   13.34416676    1.25300002    2.40899992
   13.34472179    1.25300002    2.40899992
   13.34555531    1.25300002    2.40899992
   13.34611034    1.25300002    2.40899992
   13.34666634    1.25300002    2.40899992
   13.34722233    1.25300002    2.40899992
   13.34777737    1.25300002    2.40899992
   13.34833336    1.25300002    2.40899992
   13.34888840    1.25300002    2.40899992
   13.34944439    1.25300002    2.40899992
   13.35027790    1.25300002    2.40899992
   13.35083389    1.25300002    2.40899992
   13.35138893    1.25300002    2.40899992
   13.35194492    1.25300002    2.40899992
   13.35249996    1.25300002    2.40899992
   13.35305595    1.25300002    2.40899992
   13.35361195    1.25300002    2.40899992
   13.35416698    1.25300002    2.40899992
   13.35472298    1.25300002    2.40899992
   13.35527802    1.25300002    2.40899992
   13.35555553    1.25300002    2.40899992
   13.35611153    1.23300004    2.40899992
   13.35666752    1.23300004    2.40899992
   13.35722256    1.25300002    2.40899992
   13.35805607    1.25300002    2.40899992
   13.35861111    1.25300002    2.40899992
   13.35916710    1.23300004    2.40899992
   13.35972214    1.23300004    2.40899992
   13.36027813    1.25300002    2.40899992
   13.36083412    1.23300004    2.40899992
   13.36138916    1.23300004    2.40899992
   13.36194515    1.23300004    2.40899992
   13.36250019    1.25300002    2.40899992
   13.36305618    1.23300004    2.40899992
   13.36361122    1.23300004    2.40899992
   13.36416721    1.25300002    2.40899992
   13.36500072    1.23300004    2.40899992
   13.36555576    1.23300004    2.40899992
   13.36611176    1.23300004    2.40899992
   13.36666679    1.23300004    2.40899992
   13.36722279    1.25300002    2.40899992
   13.37500000    1.21399999    2.40899992
   13.37555599    1.21399999    2.42799997
   13.37611103    1.21399999    2.42799997
   13.37666702    1.21399999    2.40899992
   13.37722206    1.21399999    2.40899992
   13.37805557    1.21399999    2.42799997
   13.37861156    1.21399999    2.42799997
   13.37888908    1.21399999    2.42799997
   13.37972260    1.21399999    2.42799997
   13.38027763    1.21399999    2.40899992
   13.38083363    1.21399999    2.42799997
   13.38138866    1.21399999    2.40899992
   13.38194466    1.21399999    2.42799997
   13.38249969    1.23300004    2.42799997
   13.38305569    1.21399999    2.40899992
   13.38361073    1.21399999    2.40899992
   13.38416672    1.21399999    2.42799997
   13.38500023    1.21399999    2.42799997
   13.38555527    1.21399999    2.42799997
   13.38611126    1.21399999    2.40899992
   13.38666630    1.21399999    2.40899992
   13.38722229    1.21399999    2.42799997
   13.38777733    1.21399999    2.40899992
   13.38833332    1.21399999    2.42799997
   13.38888836    1.21399999    2.40899992
   13.38944435    1.21399999    2.40899992
   13.39000034    1.21399999    2.42799997
   13.39055538    1.21399999    2.42799997
   13.39138889    1.21399999    2.42799997
   13.39194393    1.21399999    2.42799997
   13.40083313    1.19500005    2.42799997
   13.40388870    1.19500005    2.42799997
   13.41194439    1.19500005    2.42799997
   13.41750050    1.19500005    2.42799997
   13.41833401    1.19500005    2.42799997
   13.41916656    1.19500005    2.42799997
   13.42000008    1.19500005    2.42799997
   13.42083359    1.17499995    2.42799997
   13.42166710    1.19500005    2.42799997
   13.42250061    1.17499995    2.42799997
   13.42333412    1.17499995    2.42799997
   13.42416668    1.17499995    2.42799997
   13.42500019    1.17499995    2.42799997
   13.42583370    1.17499995    2.42799997
   13.42666721    1.17499995    2.42799997
   13.42750072    1.17499995    2.42799997
   13.42833328    1.15600002    2.44799995
   13.42916679    1.17499995    2.42799997
   13.43000031    1.17499995    2.42799997
   13.43083382    1.15600002    2.42799997
   13.43194485    1.17499995    2.42799997
   13.43277836    1.15600002    2.44799995
   13.43361092    1.15600002    2.42799997
   13.43444443    1.15600002    2.42799997
   13.43527794    1.15600002    2.44799995
   13.43611145    1.17499995    2.42799997
   13.43694496    1.15600002    2.42799997
   13.43777752    1.17499995    2.42799997
   13.43888855    1.17499995    2.42799997
   13.43972206    1.17499995    2.42799997
   13.44055557    1.15600002    2.44799995
   13.44138908    1.17499995    2.42799997
   13.44222260    1.17499995    2.42799997
   13.44333363    1.17499995    2.42799997
   13.44416714    1.17499995    2.42799997
   13.44499969    1.17499995    2.44799995
   13.44583321    1.17499995    2.44799995
   13.44666672    1.17499995    2.42799997
   13.44750023    1.17499995    2.42799997
   13.44833374    1.17499995    2.44799995
   13.44916630    1.17499995    2.42799997
   13.44999981    1.17499995    2.44799995
   13.45111084    1.15600002    2.42799997
   13.45194435    1.17499995    2.42799997
   13.45277786    1.17499995    2.42799997
   13.45361137    1.17499995    2.42799997
   13.45444393    1.17499995    2.42799997
   13.45527744    1.17499995    2.42799997
   13.45833302    1.17499995    2.44799995
   13.45916653    1.17499995    2.44799995
   13.46000004    1.17499995    2.44799995
   13.46083355    1.17499995    2.44799995
   13.46388912    1.17499995    2.42799997
   13.46444416    1.17499995    2.42799997
   13.47305489    1.25300002    2.44799995
   13.47361088    1.23300004    2.44799995
   13.47416592    1.21399999    2.42799997
   13.47472191    1.21399999    2.44799995
   13.47527695    1.19500005    2.44799995
   13.48249912    1.17499995    2.44799995
   13.48583317    1.15600002    2.44799995
   13.49305534    1.15600002    2.44799995
   13.49583340    1.13699996    2.44799995
   13.49666691    1.11800003    2.44799995
   13.50666714    1.09800005    2.44799995
   13.50972176    1.09800005    2.44799995
   13.51027775    1.09800005    2.46700001
   13.51722240    1.07900000    2.46700001
   13.52027798    1.07900000    2.44799995
   13.52083302    1.07900000    2.46700001
   13.52805519    1.07900000    2.44799995
   13.53083324    1.07900000    2.46700001
   13.53138828    1.07900000    2.46700001
   13.53916740    1.07900000    2.46700001
   13.54222298    1.07900000    2.46700001
   13.54305553    1.07900000    2.46700001
   13.55000019    1.11800003    2.46700001
   13.55305576    1.13699996    2.46700001
   13.55361176    1.11800003    2.46700001
   13.56083393    1.09800005    2.46700001
   13.56388950    1.09800005    2.46700001
   13.56444454    1.09800005    2.46700001
   13.57222176    1.11800003    2.46700001
   13.57527733    1.11800003    2.46700001
   13.57583332    1.11800003    2.46700001
   13.58388901    1.11800003    2.46700001
   13.58694458    1.13699996    2.46700001
   13.58749962    1.13699996    2.48600006
   13.58805561    1.13699996    2.46700001
   13.58861065    1.13699996    2.46700001
   13.58916664    1.13699996    2.46700001
   13.58972168    1.13699996    2.46700001
   13.59027767    1.13699996    2.46700001
   13.59083271    1.13699996    2.46700001
   13.59138870    1.13699996    2.46700001
   13.59194374    1.13699996    2.46700001
   13.59249973    1.13699996    2.46700001
   13.59305477    1.13699996    2.46700001
   13.59361076    1.13699996    2.46700001
   13.59416676    1.13699996    2.48600006
   13.59472179    1.13699996    2.46700001
   13.59527779    1.13699996    2.46700001
   13.59611034    1.13699996    2.46700001
   13.59666634    1.13699996    2.46700001
   13.59722233    1.13699996    2.46700001
   13.59777737    1.13699996    2.48600006
   13.59833336    1.13699996    2.46700001
   13.59888840    1.13699996    2.46700001
   13.59944439    1.11800003    2.46700001
   13.60000038    1.11800003    2.46700001
   13.60055637    1.11800003    2.46700001
   13.60972214    1.11800003    2.48600006
   13.61277771    1.11800003    2.46700001
   13.62083340    1.09800005    2.48600006
   13.62666702    1.09800005    2.46700001
   13.62777805    1.09800005    2.48600006
   13.62861156    1.09800005    2.46700001
   13.62916660    1.09800005    2.46700001
   13.63000011    1.09800005    2.46700001
   13.63083363    1.09800005    2.48600006
   13.63166714    1.09800005    2.46700001
   13.63249969    1.09800005    2.46700001
   13.63333321    1.09800005    2.46700001
   13.63416672    1.09800005    2.48600006
   13.63472176    1.09800005    2.46700001
   13.63555527    1.07900000    2.46700001
   13.63638878    1.09800005    2.48600006
   13.63722229    1.09800005    2.46700001
   13.63777733    1.07900000    2.46700001
   13.64638901    1.05999994    2.46700001
   13.64722252    1.05999994    2.48600006
   13.64777756    1.05999994    2.48600006
   13.64833355    1.05999994    2.48600006
   13.64888859    1.05999994    2.48600006
   13.65583324    1.05999994    2.48600006
   13.65888882    1.05999994    2.48600006
   13.65944386    1.05999994    2.48600006
   13.66666698    1.03999996    2.48600006
   13.66944504    1.11800003    2.48600006
   13.67000008    1.13699996    2.48600006
   13.67805576    2.52500010    2.48600006
   13.68111134    3.20000005    2.50600004
   13.68166733    3.14199996    2.48600006
   13.68333340    4.31799984    2.48600006
   13.68444443    4.91499996    2.50600004
   13.68555546    4.91499996    2.50600004
   13.68666649    4.91499996    2.50600004
   13.68805599    4.91499996    2.50600004
   13.68888855    4.91499996    2.50600004
   13.69027805    4.91499996    2.50600004
   13.69111156    4.60699987    2.50600004
   13.69250011    4.06699991    2.48600006
   13.69333363    3.27699995    2.50600004
   13.69444466    2.96799994    2.50600004
   13.69555569    3.33400011    2.50600004
   13.69666672    4.35599995    2.50600004
   13.69777775    4.91499996    2.50600004
   13.69888878    4.91499996    2.52500010
   13.69999981    4.91499996    2.52500010
   13.70111084    4.91499996    2.48600006
   13.70222187    4.91499996    2.46700001
   13.70333290    4.91499996    2.46700001
   13.70444393    4.91499996    2.37100005
   13.70555496    4.91499996    2.02399993
   13.70666695    4.91499996    2.42799997
   13.70777798    4.91499996    2.56299996
   13.70861053    4.91499996    2.56299996
   13.70972157    4.91499996    2.39000010
   13.71083355    4.91499996    2.42799997
   13.71194458    4.91499996    2.52500010
   13.71305561    4.91499996    2.17799997
   13.71416664    4.91499996    2.54399991
   13.71527767    4.91499996    1.90799999
   13.71638870    4.91499996    1.73399997
   13.71749973    4.91499996    1.94700003
   13.71861076    4.91499996    2.44799995
   13.71972179    4.91499996    2.23600006
   13.72083282    4.91499996    2.56299996
   13.72194386    4.91499996    2.06200004
   13.72305489    4.91499996    1.40699995
   13.72416592    4.91499996    2.46700001
   13.72527695    4.91499996    2.42799997
   13.72638798    4.91499996    2.39000010
   13.72749996    4.91499996    2.44799995
   13.72861099    4.91499996    2.44799995
   13.72972202    4.91499996    2.48600006
   13.73083305    4.91499996    2.42799997
   13.73194408    4.91499996    1.96599996
   13.73305511    4.91499996    2.08100009
   13.73416710    4.91499996    2.48600006
   13.73527813    4.91499996    2.40899992
   13.73638916    4.91499996    2.46700001
   13.73750019    4.91499996    2.52500010
   13.73861122    4.91499996    2.52500010
   13.73972225    4.60699987    2.52500010
   13.74111176    4.91499996    2.54399991
   13.74222279    4.91499996    2.56299996
   13.74333382    4.91499996    2.40899992
   13.74444485    4.91499996    2.35100007
   13.74527836    4.91499996    2.54399991
   13.74666691    4.91499996    2.04299998
   13.74777794    4.91499996    2.52500010
   13.74861145    4.91499996    2.52500010
   13.74972248    4.91499996    2.52500010
   13.75083351    2.75600004    2.52500010
   13.75194454    2.17799997    2.52500010
   13.75305557    2.11999989    2.52500010
   13.75416660    2.39000010    2.52500010
   13.75500011    2.79500008    2.50600004
   13.75583363    3.37299991    2.52500010
   13.75694466    3.87400007    2.52500010
   13.75805569    3.45000005    2.50600004
   13.75916672    2.66000009    2.52500010
   13.76027775    2.29399991    2.50600004
   13.76138878    2.67899990    2.52500010
   13.76222229    3.81599998    2.52500010
   13.76333332    4.16300011    2.50600004
   13.76444435    4.12500000    2.50600004
   13.76555538    4.91499996    2.52500010
   13.76666641    4.91499996    2.52500010
   13.76777744    4.91499996    2.52500010
   13.76888847    4.91499996    2.52500010
   13.76999950    4.91499996    1.58000004
   13.77111053    4.91499996    1.56099999
   13.77222157    4.91499996    2.23600006
   13.77333355    4.91499996    2.56299996
   13.77444458    4.91499996    2.54399991
   13.77555561    4.91499996    2.54399991
   13.77666664    4.91499996    2.46700001
   13.77750015    4.91499996    2.46700001
   13.77861118    4.06699991    2.27399993
   13.77972221    4.20200014    2.29399991
   13.78083324    4.91499996    2.44799995
   13.78194427    4.91499996    2.39000010
   13.78305531    4.91499996    2.48600006
   13.78416729    4.87699986    2.50600004
   13.78527832    4.43300009    2.52500010
   13.78638935    4.00899982    2.52500010
   13.78750038    3.56599998    2.42799997
   13.78861141    3.58500004    2.40899992
   13.78972244    4.49100018    2.42799997
   13.79083347    4.91499996    2.54399991
   13.79194450    4.91499996    2.37100005
   13.79305553    4.91499996    2.40899992
   13.79416752    4.91499996    2.56299996
   13.79527855    4.91499996    2.54399991
   13.79638958    4.91499996    2.54399991
   13.79750061    4.91499996    2.60200000
   13.79861164    4.91499996    2.17799997
   13.79972267    4.91499996    2.35100007
   13.80083370    4.91499996    2.54399991
   13.80194473    4.91499996    2.54399991
   13.80305576    4.91499996    2.54399991
   13.80416679    4.91499996    2.48600006
   13.80527782    4.91499996    2.52500010
   13.80638885    4.91499996    2.46700001
   13.80749989    4.91499996    2.42799997
   13.80861092    4.91499996    2.19700003
   13.80972195    4.91499996    2.11999989
   13.81083393    4.91499996    2.62100005
   13.81194496    4.91499996    2.15899992
   13.81305599    4.91499996    1.52199996
   13.81416702    4.91499996    2.19700003
   13.81527805    4.91499996    2.37100005
   13.81638908    4.91499996    2.42799997
   13.81750011    4.91499996    2.56299996
   13.81861115    4.91499996    2.56299996
   13.81972218    4.91499996    2.56299996
   13.82083321    4.91499996    2.52500010
   13.82194424    4.91499996    2.13899994
   13.82305527    4.91499996    2.40899992
   13.82416630    4.91499996    2.35100007
   13.82527733    4.91499996    1.40699995
   13.82638836    4.91499996    1.42600000
   13.82750034    4.91499996    2.37100005
   13.82861137    4.91499996    2.58299994
   13.82944393    4.91499996    2.56299996
   13.83055592    4.91499996    2.56299996
   13.83166695    4.91499996    2.42799997
   13.83277798    4.91499996    1.02100003
   13.83388901    4.91499996    1.23300004
   13.83527756    4.91499996    2.00399995
   13.83638859    4.91499996    1.88900006
   13.83749962    4.91499996    2.54399991
   13.83861065    4.54899979    2.52500010
   13.83972168    2.89100003    2.52500010
   13.84055519    2.08100009    2.50600004
   13.84166622    1.69599998    2.48600006
   13.84305477    1.52199996    2.50600004
   13.84388828    1.52199996    2.50600004
   13.84444427    1.44500005    2.52500010
   13.84527779    1.34899998    2.52500010
   13.84583282    1.29100001    2.50600004
   13.84638882    1.25300002    2.52500010
   13.84694386    1.25300002    2.52500010
   13.84777737    1.25300002    2.50600004
   13.84833336    1.25300002    2.52500010
   13.84888840    1.23300004    2.52500010
   13.84972191    1.19500005    2.52500010
   13.85138893    1.07900000    2.52500010
   13.85222244    1.07900000    2.52500010
   13.85527802    1.13699996    2.52500010
   13.85611153    1.07900000    2.52500010
   13.85944462    1.05999994    2.50600004
   13.86250019    1.07900000    2.52500010
   13.86333370    1.11800003    2.52500010
   13.86416721    1.11800003    2.52500010
   13.86527824    1.09800005    2.52500010
   13.86611176    1.05999994    2.52500010
   13.86694431    1.05999994    2.52500010
   13.86777782    1.09800005    2.52500010
   13.87083340    1.79200006    2.52500010
   13.87166691    1.75399995    2.52500010
   13.87250042    1.65699995    2.52500010
   13.87333393    1.58000004    2.52500010
   13.87416649    1.65699995    2.48600006
   13.87500000    1.94700003    2.52500010
   13.87555599    2.19700003    2.52500010
   13.87638855    2.04299998    2.52500010
   13.87722206    1.77300000    2.50600004
   13.88444424    1.17499995    2.52500010
   13.88777733    2.08100009    2.54399991
   13.88833332    1.90799999    2.52500010
   13.89611053    1.73399997    2.52500010
   13.89666653    1.81200004    2.52500010
   13.89722252    1.83099997    2.52500010
   13.89777756    1.81200004    2.52500010
   13.90555477    1.98500001    2.52500010
   13.90611076    2.13899994    2.52500010
   13.90666676    2.13899994    2.52500010
   13.90722179    2.00399995    2.52500010
   13.90777779    1.75399995    2.52500010
   13.90861034    1.61899996    2.52500010
   13.90888882    1.58000004    2.52500010
   13.91611099    1.05999994    2.52500010
   13.91888905    1.03999996    2.52500010
   13.91944504    1.05999994    2.52500010
   13.92722225    1.05999994    2.52500010
   13.93027782    1.05999994    2.52500010
   13.93083382    1.05999994    2.52500010
   13.93777752    1.05999994    2.52500010
   13.94083309    1.09800005    2.54399991
   13.94138908    1.11800003    2.52500010
   13.94833374    1.07900000    2.52500010
   13.95138836    1.15600002    2.54399991
   13.95194435    1.15600002    2.54399991
   13.96000004    1.29100001    2.54399991
   13.96277714    1.30999994    2.54399991
   13.96333313    1.29100001    2.54399991
   13.97111034    1.75399995    2.54399991
   13.97166634    1.86899996    2.54399991
   13.97222137    2.04299998    2.52500010
   13.97277737    2.37100005    2.52500010
   13.97361088    3.20000005    2.52500010
   13.97444439    4.51000023    2.54399991
   13.97666645    4.91499996    2.54399991
   13.97777748    4.91499996    2.54399991
   13.97888851    4.78000021    2.29399991
   13.97999954    4.91499996    2.52500010
   13.98111057    4.91499996    2.50600004
   13.98222160    4.91499996    2.52500010
   13.98333359    4.91499996    2.54399991
   13.98444462    4.58799982    2.56299996
   13.98527813    4.76100016    2.52500010
   13.98638916    4.62599993    2.52500010
   13.98750019    4.51000023    2.50600004
   13.98888874    4.91499996    2.52500010
   13.99000072    4.91499996    2.52500010
   13.99111176    4.91499996    2.52500010
   13.99222279    4.91499996    2.46700001
   13.99333382    4.91499996    2.21600008
   13.99444485    4.91499996    2.46700001
   13.99555588    4.91499996    2.48600006
   13.99666691    4.22100019    2.52500010
   13.99777794    3.66199994    2.54399991
   13.99888897    3.18000007    2.54399991
   14.00000000    2.25500011    2.52500010
   14.00111103    2.10100007    2.52500010
   14.00194454    2.42799997    2.54399991
   14.00277805    2.75600004    2.54399991
   14.00388908    3.29600000    2.54399991
   14.00500011    3.46900010    2.54399991
   14.00611115    2.77500010    2.52500010
   14.00722218    2.29399991    2.54399991
   14.00833321    2.15899992    2.54399991
   14.00916672    2.19700003    2.54399991
   14.01000023    1.94700003    2.54399991
   14.01138878    1.52199996    2.54399991
   14.01194477    1.44500005    2.54399991
   14.01277733    1.33000004    2.54399991
   14.01333332    1.25300002    2.54399991
   14.01388931    1.21399999    2.54399991
   14.01472187    1.17499995    2.54399991
   14.01527786    1.17499995    2.54399991
   14.01583290    1.13699996    2.54399991
   14.01638889    1.13699996    2.54399991
   14.01694393    1.13699996    2.54399991
   14.01777744    1.11800003    2.54399991
   14.01833344    1.13699996    2.54399991
   14.02027798    1.11800003    2.54399991
   14.02111053    1.11800003    2.56299996
   14.02194405    1.11800003    2.56299996
   14.02277756    1.09800005    2.54399991
   14.02361107    1.09800005    2.54399991
   14.02444458    1.11800003    2.54399991
   14.02527714    1.11800003    2.56299996
   14.02611065    1.11800003    2.54399991
   14.02694416    1.09800005    2.54399991
   14.02805519    1.09800005    2.54399991
   14.02861118    1.07900000    2.56299996
   14.02972221    1.09800005    2.54399991
   14.03055573    1.11800003    2.54399991
   14.03138828    1.17499995    2.54399991
   14.03944492    2.60200000    2.54399991
   14.04000092    3.23799992    2.54399991
   14.04194450    4.10599995    2.54399991
   14.04305553    4.20200014    2.54399991
   14.04416752    3.97099996    2.54399991
   14.04527855    4.04799986    2.54399991
   14.04611111    3.56599998    2.54399991
   14.04750061    2.91000009    2.54399991
   14.04833412    3.60400009    2.54399991
   14.04972267    4.29799986    2.54399991
   14.05055618    3.27699995    2.56299996
   14.05166721    2.64000010    2.56299996
   14.05277824    2.33200002    2.54399991
   14.05388927    2.08100009    2.54399991
   14.05500031    1.86899996    2.56299996
   14.05611134    1.30999994    2.56299996
   14.05694485    1.23300004    2.54399991
   14.05749989    1.19500005    2.54399991
   14.05833340    1.19500005    2.54399991
   14.05916691    1.23300004    2.54399991
   14.05972195    1.23300004    2.54399991
   14.06027794    1.21399999    2.54399991
   14.06083393    1.21399999    2.54399991
   14.06138897    1.23300004    2.56299996
   14.06222248    1.21399999    2.54399991
   14.06277752    1.17499995    2.54399991
   14.06333351    1.11800003    2.54399991
   14.06388950    1.07900000    2.54399991
   14.06444454    1.05999994    2.54399991
   14.06500053    1.03999996    2.54399991
   14.06694412    1.05999994    2.54399991
   14.06777763    1.03999996    2.54399991
   14.06861115    1.02100003    2.54399991
   14.06944466    1.02100003    2.54399991
   14.07027817    1.00199997    2.54399991
   14.07111073    1.02100003    2.54399991
   14.07194424    1.02100003    2.54399991
   14.07277775    1.00199997    2.54399991
   14.07361126    1.00199997    2.54399991
   14.07444477    1.00199997    2.54399991
   14.07527733    1.00199997    2.54399991
   14.07611084    1.00199997    2.56299996
   14.07694435    1.00199997    2.54399991
   14.07777786    1.00199997    2.54399991
   14.07861137    1.00199997    2.54399991
   14.08194447    1.02100003    2.56299996
   14.08500004    1.00199997    2.54399991
   14.08583260    1.02100003    2.54399991
   14.08694458    1.02100003    2.54399991
   14.09000015    1.02100003    2.56299996
   14.09083271    1.02100003    2.56299996
   14.09166622    1.02100003    2.56299996
   14.09249973    1.02100003    2.56299996
   14.09333324    1.02100003    2.54399991
   14.09444427    1.02100003    2.54399991
   14.09527779    1.02100003    2.54399991
   14.09833336    1.02100003    2.54399991
   14.09916592    1.03999996    2.56299996
   14.10027790    1.02100003    2.56299996
   14.10805607    4.60699987    2.58299994
   14.10861111    4.91499996    2.58299994
   14.10944462    4.91499996    2.58299994
   14.11166668    4.91499996    2.37100005
   14.11277771    4.91499996    2.37100005
   14.11388969    4.91499996    1.52199996
   14.11500072    4.91499996    2.15899992
   14.11611176    4.91499996    2.02399993
   14.11722279    4.91499996    1.63800001
   14.11861134    4.91499996    1.71500003
   14.11972237    4.91499996    2.11999989
   14.12083340    4.91499996    2.08100009
   14.12194443    4.91499996    2.64000010
   14.12305546    4.91499996    2.62100005
   14.12416649    4.91499996    2.60200000
   14.12527752    4.91499996    2.60200000
   14.12638855    4.91499996    2.54399991
   14.12750053    4.91499996    2.44799995
   14.12861156    4.91499996    2.50600004
   14.12972260    4.91499996    2.40899992
   14.13083363    4.91499996    2.37100005
   14.13194466    4.91499996    2.54399991
   14.13305569    4.91499996    2.62100005
   14.13416672    4.91499996    2.64000010
   14.13527775    4.91499996    2.37100005
   14.13638878    4.91499996    2.52500010
   14.13749981    4.91499996    2.52500010
   14.13861084    4.91499996    2.64000010
   14.13972187    4.91499996    2.64000010
   14.14083290    4.91499996    2.00399995
   14.14194393    4.91499996    1.34899998
   14.14305496    4.91499996    2.00399995
   14.14416695    4.91499996    2.25500011
   14.14527798    4.91499996    2.00399995
   14.14638901    4.91499996    1.67700005
   14.14750004    4.91499996    2.02399993
   14.14861107    4.91499996    1.33000004
   14.14972210    4.91499996    0.82800001
   14.15083313    4.91499996    0.46200001
   14.15194416    4.91499996    0.26899999
   14.15305519    4.91499996    0.40400001
   14.15416622    4.91499996    0.59700000
   14.15527725    4.91499996    0.44299999
   14.15638828    4.91499996    0.36600000
   14.15749931    4.91499996    1.11800003
   14.15861034    4.91499996    1.27199996
   14.15972137    4.91499996    1.81200004
   14.16083336    4.91499996    2.25500011
   14.16194439    4.91499996    1.86899996
   14.16305542    4.91499996    1.86899996
   14.16416645    4.91499996    1.85000002
   14.16527748    4.91499996    1.81200004
   14.16666698    4.91499996    2.19700003
   14.16777802    4.91499996    2.15899992
   14.16888905    4.91499996    2.39000010
   14.17000008    4.91499996    2.46700001
   14.17111111    4.91499996    1.88900006
   14.17194462    4.91499996    2.62100005
   14.17305565    4.91499996    2.54399991
   14.17416668    4.91499996    2.29399991
   14.17527771    4.91499996    1.90799999
   14.17638874    4.91499996    2.21600008
   14.17750072    4.91499996    2.25500011
   14.17861176    4.91499996    2.50600004
   14.17972279    4.91499996    2.54399991
   14.18083382    4.91499996    2.48600006
   14.18194485    4.91499996    2.11999989
   14.18305588    4.91499996    2.23600006
   14.18416691    4.91499996    2.31299996
   14.18527794    4.91499996    1.96599996
   14.18638897    4.91499996    1.81200004
   14.18777752    4.91499996    1.54200006
   14.18861103    4.91499996    2.06200004
   14.18972206    4.91499996    1.88900006
   14.19111156    4.91499996    1.13699996
   14.19222260    4.91499996    1.13699996
   14.19333363    4.91499996    1.23300004
   14.19444466    4.91499996    1.33000004
   14.19555569    4.91499996    1.27199996
   14.19666672    4.91499996    1.00199997
   14.19777775    4.91499996    0.61600000
   14.19888878    4.91499996    0.40400001
   14.19999981    4.91499996    0.32699999
   14.20111084    4.91499996    0.42399999
   14.20222187    4.91499996    0.57800001
   14.20333290    4.91499996    0.55900002
   14.20444393    4.91499996    0.61600000
   14.20555496    4.91499996    0.59700000
   14.20666695    4.91499996    0.53899997
   14.20777798    4.91499996    0.32699999
   14.20888901    4.91499996    0.57800001
   14.21000004    4.91499996    0.25000000
   14.21111107    4.91499996    0.26899999
   14.21222210    4.91499996    0.46200001
   14.21333313    4.91499996    0.65499997
   14.21444416    4.91499996    0.88599998
   14.21555519    4.91499996    1.27199996
   14.21666622    4.91499996    1.23300004
   14.21777725    4.91499996    1.09800005
   14.21888828    4.91499996    0.79000002
   14.21999931    4.91499996    1.33000004
   14.22111034    4.91499996    1.92700005
   14.22222137    4.91499996    2.11999989
   14.22333336    4.91499996    1.77300000
   14.22444439    4.91499996    1.63800001
   14.22555542    4.91499996    2.10100007
   14.22666645    4.91499996    1.50300002
   14.22777748    4.91499996    1.94700003
   14.22888851    4.91499996    1.21399999
   14.22999954    4.91499996    1.79200006
   14.23111057    4.91499996    2.33200002
   14.23222160    4.91499996    1.77300000
   14.23333359    4.91499996    0.65499997
   14.23444462    4.91499996    1.09800005
   14.23555565    4.91499996    1.48399997
   14.23666668    4.91499996    1.81200004
   14.23777771    4.91499996    1.13699996
   14.23888874    4.91499996    0.71300000
   14.24000072    4.91499996    0.57800001
   14.24111176    4.91499996    0.44299999
   14.24222279    4.91499996    0.92500001
   14.24333382    4.91499996    1.38699996
   14.24444485    4.91499996    1.27199996
   14.24555588    4.91499996    1.44500005
   14.24638939    4.91499996    2.00399995
   14.24777794    4.91499996    1.94700003
   14.24888897    4.91499996    1.56099999
   14.25000000    4.91499996    1.73399997
   14.25111103    4.91499996    2.31299996
   14.25222206    4.91499996    1.90799999
   14.25333309    4.91499996    1.81200004
   14.25444412    4.91499996    1.98500001
   14.25555515    4.91499996    1.77300000
   14.25666714    4.91499996    1.56099999
   14.25777817    4.91499996    1.40699995
   14.25888920    4.91499996    1.19500005
   14.26000023    4.91499996    1.27199996
   14.26083374    4.91499996    1.13699996
   14.26194477    4.91499996    1.05999994
   14.26305580    4.91499996    1.40699995
   14.26444435    4.91499996    1.50300002
   14.26527786    4.91499996    1.96599996
   14.26666641    4.91499996    2.27399993
   14.26777744    4.91499996    2.19700003
   14.26888847    4.91499996    2.54399991
   14.26999950    4.91499996    2.62100005
   14.27111053    4.91499996    2.66000009
   14.27222157    4.91499996    2.64000010
   14.27333355    4.91499996    2.58299994
   14.27444458    4.91499996    2.54399991
   14.27555561    4.91499996    2.29399991
   14.27666664    4.91499996    2.11999989
   14.28027725    4.91499996    1.11800003
   14.28083324    4.91499996    1.60000002
   14.28166676    4.91499996    2.06200004
   14.28194427    4.91499996    2.13899994
   14.28388977    4.91499996    0.88599998
   14.28555584    4.91499996    1.19500005
   14.28750038    4.91499996    2.23600006
   14.28916740    4.39499998    0.67400002
   14.29083347    2.48600006    0.57800001
   14.29250050    1.05999994    0.32699999
   14.29416752    0.61600000    0.09600000
   14.29583359    0.92500001    0.03800000
