    HOUR (UT)     SKY TESTER    SUN TESTER
   12.81388950    0.59700000    0.01900000
   12.81444454    0.67400002    0.01900000
   12.81500053    0.79000002    0.01900000
   12.81555557    0.92500001    0.01900000
   12.81611156    1.05999994    0.01900000
   12.81666660    1.21399999    0.03800000
   12.81722260    1.30999994    0.05700000
   12.81777763    1.34899998    0.05700000
   12.81833363    1.38699996    0.05700000
   12.81888866    1.44500005    0.07700000
   12.81916618    1.48399997    0.11500000
   12.81972218    1.52199996    0.13400000
   12.82027817    1.54200006    0.15400000
   12.82083321    1.54200006    0.19200000
   12.82138920    1.54200006    0.21200000
   12.82194424    1.56099999    0.23100001
   12.82250023    1.61899996    0.26899999
   12.82305527    1.67700005    0.28900000
   12.82361126    1.65699995    0.32699999
   12.82416630    1.63800001    0.32699999
   12.82472229    1.60000002    0.34599999
   12.82527733    1.56099999    0.34599999
   12.82583332    1.52199996    0.34599999
   12.82611084    1.48399997    0.34599999
   12.82666683    1.44500005    0.34599999
   12.82722187    1.36800003    0.36600000
   12.82777786    1.30999994    0.36600000
   12.82833290    1.25300002    0.38499999
   12.82888889    1.23300004    0.38499999
   12.82944393    1.21399999    0.38499999
   12.82999992    1.21399999    0.38499999
   12.83055592    1.23300004    0.36600000
   12.83111095    1.21399999    0.36600000
   12.83166695    1.19500005    0.36600000
   12.83222198    1.19500005    0.36600000
   12.83388901    1.13699996    0.36600000
   12.83472157    1.13699996    0.36600000
   12.83527756    1.09800005    0.36600000
   12.83833313    1.02100003    0.34599999
   12.83888817    0.98299998    0.36600000
   12.83972168    0.96300000    0.36600000
   12.84055519    0.96300000    0.36600000
   12.84111118    0.94400001    0.36600000
   12.84194374    0.94400001    0.34599999
   12.84249973    0.92500001    0.36600000
   12.84333324    0.90600002    0.36600000
   12.84388828    0.92500001    0.36600000
   12.84472179    0.90600002    0.36600000
   12.84555531    0.88599998    0.36600000
   12.84611034    0.88599998    0.36600000
   12.84694386    0.86699998    0.36600000
   12.84972191    0.75099999    0.40400001
   12.85055637    0.71300000    0.40400001
   12.85138893    0.67400002    0.40400001
   12.85194492    0.63599998    0.40400001
   12.85277843    0.59700000    0.40400001
   12.85333347    0.55900002    0.38499999
   12.85638905    0.44299999    0.36600000
   12.85722256    0.42399999    0.38499999
   12.85805607    0.40400001    0.38499999
   12.85861111    0.40400001    0.38499999
   12.86166668    0.34599999    0.40400001
   12.86472225    0.32699999    0.40400001
   12.86750031    0.28900000    0.38499999
   12.86833382    0.28900000    0.38499999
   12.86916637    0.28900000    0.38499999
   12.86999989    0.28900000    0.38499999
   12.87055588    0.28900000    0.38499999
   12.87138939    0.28900000    0.38499999
   12.87194443    0.28900000    0.38499999
   12.87277794    0.28900000    0.38499999
   12.87361145    0.28900000    0.38499999
   12.87416649    0.28900000    0.40400001
   12.87500000    0.28900000    0.38499999
   12.87555599    0.28900000    0.38499999
   12.87638855    0.28900000    0.36600000
   12.87722206    0.28900000    0.36600000
   12.87805557    0.28900000    0.34599999
   12.87861156    0.28900000    0.32699999
   12.87944412    0.28900000    0.32699999
   12.88027763    0.28900000    0.32699999
   12.88111115    0.28900000    0.32699999
   12.88166714    0.30800000    0.32699999
   12.88249969    0.30800000    0.32699999
   12.88305569    0.30800000    0.32699999
   12.88388920    0.30800000    0.32699999
   12.88472176    0.32699999    0.32699999
   12.88527775    0.30800000    0.34599999
   12.88611126    0.32699999    0.36600000
   12.88694477    0.32699999    0.38499999
   12.88972187    4.91499996    2.25500011
   12.89055538    4.91499996    2.23600006
   12.89138889    4.91499996    2.19700003
   12.89222240    4.91499996    0.98299998
   12.89305496    4.91499996    0.88599998
   12.89361095    4.91499996    2.15899992
   12.89444447    4.91499996    2.23600006
   12.89499950    4.91499996    2.27399993
   12.89583302    4.91499996    2.37100005
   12.89888859    0.61600000    0.55900002
   12.89972210    4.91499996    2.46700001
   12.90055561    4.91499996    2.52500010
   12.90111065    4.91499996    1.48399997
   12.90194416    4.91499996    0.55900002
   12.90277767    4.91499996    1.69599998
   12.90333271    4.91499996    1.44500005
   12.90416622    4.91499996    1.05999994
   12.90472221    4.91499996    2.31299996
   12.90555477    3.60400009    0.73199999
   12.90638828    4.91499996    2.39000010
   12.90916634    4.91499996    2.44799995
   12.90999985    4.91499996    2.48600006
   12.91083336    4.91499996    2.48600006
   12.91138840    4.91499996    2.50600004
   12.91222191    4.91499996    2.52500010
   12.91305542    4.91499996    2.54399991
   12.91361046    4.91499996    2.56299996
   12.91444397    4.91499996    2.58299994
   12.91527748    4.91499996    2.56299996
   12.91583252    4.91499996    2.58299994
   12.91666698    4.91499996    2.56299996
   12.91750050    4.91499996    2.56299996
   12.91805553    4.91499996    2.56299996
   12.91888905    4.91499996    2.54399991
   12.91972256    4.91499996    2.52500010
   12.92055607    4.91499996    2.50600004
   12.92111111    4.91499996    2.50600004
   12.92194462    4.91499996    2.50600004
   12.92277813    4.91499996    2.52500010
   12.92333412    4.91499996    2.54399991
   12.92416668    4.91499996    2.56299996
   12.92472267    4.91499996    2.56299996
   12.92555618    4.91499996    2.56299996
   12.92638874    4.91499996    2.56299996
   12.92694473    4.91499996    2.58299994
   12.92777824    4.91499996    2.56299996
   12.92861176    4.91499996    2.56299996
   12.92944431    4.91499996    2.54399991
   12.93000031    4.91499996    2.54399991
   12.93083382    4.91499996    2.54399991
   12.93138885    4.91499996    2.54399991
   12.93222237    4.91499996    2.54399991
   12.93305588    4.91499996    2.56299996
   12.93361092    4.91499996    2.56299996
   12.93444443    4.91499996    2.56299996
   12.93500042    4.91499996    2.56299996
   12.93583298    4.91499996    2.56299996
   12.93666649    4.91499996    2.58299994
   12.93750000    4.91499996    2.56299996
   12.94027805    4.91499996    2.56299996
   12.94111156    4.91499996    2.56299996
   12.94166660    4.91499996    2.56299996
   12.94250011    4.91499996    2.56299996
   12.94305515    4.91499996    2.56299996
   12.94388866    4.91499996    2.56299996
   12.94472218    4.91499996    2.56299996
   12.94527817    4.91499996    2.56299996
   12.94833374    4.91499996    2.58299994
   12.94916630    4.91499996    2.58299994
   12.94999981    4.91499996    2.58299994
   12.95083332    4.91499996    2.58299994
   12.95138836    4.91499996    2.58299994
   12.95222187    4.91499996    2.58299994
   12.95277786    4.91499996    2.56299996
   12.95361137    4.91499996    2.58299994
   12.95444393    4.91499996    2.58299994
   12.95527744    4.91499996    2.58299994
   12.95555496    4.91499996    2.58299994
   12.95722198    4.91499996    2.56299996
   12.95805550    4.91499996    2.56299996
   12.95916653    4.91499996    2.56299996
   12.96027756    4.91499996    2.58299994
   12.96111107    4.91499996    2.54399991
   12.96222210    4.91499996    2.54399991
   12.96333313    4.91499996    2.54399991
   12.96416664    4.91499996    2.50600004
   12.96527767    4.91499996    2.50600004
   12.96638870    4.91499996    2.50600004
   12.96722221    4.91499996    2.50600004
   12.96833324    4.91499996    2.50600004
   12.96944427    4.91499996    2.52500010
   12.97027779    4.91499996    2.50600004
   12.97138882    4.91499996    2.52500010
   12.97249985    4.91499996    2.52500010
   12.97333336    4.91499996    2.52500010
   12.97444439    4.91499996    2.54399991
   12.97555542    4.91499996    2.52500010
   12.97638798    4.91499996    2.50600004
   12.97749996    4.91499996    2.48600006
   12.97861099    4.91499996    2.48600006
   12.97944355    4.91499996    2.46700001
   12.98055553    4.91499996    2.46700001
   12.98166656    4.91499996    2.46700001
   12.98249912    4.91499996    2.46700001
   12.98361111    4.91499996    2.46700001
   12.98472214    4.91499996    2.46700001
   12.98555565    4.91499996    2.46700001
   12.98666668    4.91499996    2.46700001
   12.98777771    4.91499996    2.46700001
   12.98861122    4.91499996    2.48600006
   12.98972225    4.91499996    2.46700001
   12.99083328    4.91499996    2.46700001
   12.99166679    4.91499996    2.48600006
   12.99277782    4.91499996    2.48600006
   12.99361134    4.91499996    2.50600004
   12.99472237    4.91499996    2.50600004
   12.99583340    4.91499996    2.50600004
   12.99666691    4.91499996    2.50600004
   12.99777794    4.91499996    2.50600004
   12.99888897    4.91499996    2.46700001
   12.99972248    4.91499996    2.44799995
   13.00083351    4.91499996    2.40899992
   13.00166702    4.91499996    2.42799997
   13.00277805    4.91499996    2.40899992
   13.00388908    4.91499996    2.42799997
   13.00472260    4.91499996    2.39000010
   13.00583363    4.91499996    2.37100005
   13.00694466    4.91499996    2.35100007
   13.00777817    4.91499996    2.31299996
   13.01000023    4.91499996    2.25500011
   13.01111126    4.91499996    2.17799997
   13.01194477    4.91499996    2.08100009
   13.01305580    4.91499996    2.00399995
   13.01388931    4.91499996    1.96599996
   13.01500034    4.91499996    1.94700003
   13.01611137    4.91499996    2.02399993
   13.01694393    4.91499996    2.19700003
   13.01805496    4.91499996    2.35100007
   13.01916599    4.91499996    2.42799997
   13.01999950    4.91499996    2.48600006
   13.02111053    4.91499996    2.50600004
   13.02222157    4.91499996    2.52500010
   13.02305508    4.91499996    2.54399991
   13.02416611    4.91499996    2.56299996
   13.02527714    4.91499996    2.58299994
   13.02611065    4.91499996    2.58299994
   13.02722168    4.91499996    2.58299994
   13.02833271    4.91499996    2.58299994
   13.02916622    4.91499996    2.58299994
   13.03027725    4.91499996    2.58299994
   13.03138828    4.91499996    2.62100005
   13.03222179    4.91499996    2.62100005
   13.03333378    4.91499996    2.64000010
   13.03444481    4.91499996    2.62100005
   13.03527832    4.91499996    2.62100005
   13.03638935    4.91499996    2.62100005
   13.03750038    4.91499996    2.62100005
   13.03833389    4.91499996    2.64000010
   13.03944492    4.91499996    2.64000010
   13.04027843    4.91499996    2.64000010
   13.04138947    4.91499996    2.64000010
   13.04250050    4.91499996    2.64000010
   13.04333401    4.91499996    2.64000010
   13.04444504    4.91499996    2.62100005
   13.04555607    4.91499996    2.62100005
   13.04638958    4.91499996    2.62100005
   13.04750061    4.91499996    2.60200000
   13.04861164    4.91499996    2.60200000
   13.04944515    4.91499996    2.62100005
   13.05055618    4.91499996    2.62100005
   13.05166721    4.91499996    2.66000009
   13.05249977    4.91499996    2.67899990
   13.05361176    4.91499996    2.66000009
   13.05472279    4.91499996    2.66000009
   13.05555534    4.91499996    2.66000009
   13.05666733    4.91499996    2.66000009
   13.05777836    4.91499996    2.66000009
   13.05861092    4.91499996    2.66000009
   13.05972195    4.91499996    2.64000010
   13.06083393    4.91499996    2.62100005
   13.06166649    4.91499996    2.60200000
   13.06277752    4.91499996    2.60200000
   13.06388950    4.91499996    2.60200000
   13.06472206    4.91499996    2.60200000
   13.06583309    4.91499996    2.56299996
   13.06666660    4.91499996    2.54399991
   13.06777763    4.91499996    2.54399991
   13.06888866    4.91499996    2.58299994
   13.06972218    4.91499996    2.60200000
   13.07083321    4.91499996    2.62100005
   13.07194424    4.91499996    2.66000009
   13.07277775    4.91499996    2.67899990
   13.07388878    4.91499996    2.66000009
   13.07499981    4.91499996    2.67899990
   13.07611084    4.91499996    2.69799995
   13.07694435    4.91499996    2.69799995
   13.07805538    4.91499996    2.67899990
   13.07916641    4.91499996    2.69799995
   13.07999992    4.91499996    2.69799995
   13.08111095    4.91499996    2.71799994
   13.08222198    4.91499996    2.66000009
   13.08305550    4.91499996    2.62100005
   13.08416653    4.91499996    2.58299994
   13.08500004    4.91499996    2.56299996
   13.08611107    4.91499996    2.56299996
   13.08722210    4.91499996    2.56299996
   13.08805561    4.91499996    2.56299996
   13.08916664    4.91499996    2.54399991
   13.09027767    4.91499996    2.54399991
   13.09111118    4.91499996    2.54399991
   13.09222221    4.91499996    2.56299996
   13.09333324    4.91499996    2.58299994
   13.09416676    4.91499996    2.60200000
   13.09527779    4.91499996    2.64000010
   13.09638882    4.91499996    2.67899990
   13.09749985    4.91499996    2.71799994
   13.09833336    4.91499996    2.73699999
   13.09944439    4.60699987    2.75600004
   13.10055637    4.20200014    2.75600004
   13.10138893    3.79699993    2.75600004
   13.10249996    3.41199994    2.75600004
   13.10361195    3.06500006    2.75600004
   13.10444450    2.75600004    2.75600004
   13.10555553    2.50600004    2.75600004
   13.10666752    2.27399993    2.77500010
   13.10750008    2.06200004    2.75600004
   13.10833359    1.92700005    2.77500010
   13.10944462    1.77300000    2.77500010
   13.11000061    1.71500003    2.79500008
   13.11055565    1.46500003    2.79500008
   13.11138916    1.42600000    2.77500010
   13.11194515    1.38699996    2.77500010
   13.11250019    1.34899998    2.77500010
   13.11305618    1.30999994    2.79500008
   13.11361122    1.29100001    2.79500008
   13.11416721    1.25300002    2.79500008
   13.11472225    1.23300004    2.79500008
   13.11527824    1.21399999    2.79500008
   13.11583328    1.19500005    2.79500008
   13.11638927    1.15600002    2.77500010
   13.11694431    1.13699996    2.77500010
   13.11750031    1.11800003    2.79500008
   13.11805534    1.09800005    2.77500010
   13.11861134    1.05999994    2.79500008
   13.11916637    1.05999994    2.77500010
   13.11972237    1.03999996    2.77500010
   13.12027836    1.02100003    2.79500008
   13.12194443    0.96300000    2.75600004
   13.12277794    0.94400001    2.79500008
   13.12583351    0.94400001    2.79500008
   13.12666702    0.96300000    2.79500008
   13.12722206    0.98299998    2.81399989
   13.12805557    0.98299998    2.79500008
   13.12888908    0.98299998    2.79500008
   13.12944412    1.00199997    2.79500008
   13.13027763    0.98299998    2.79500008
   13.13111115    1.00199997    2.79500008
   13.13333321    1.09800005    2.79500008
   13.13388920    1.11800003    2.79500008
   13.13444424    1.13699996    2.79500008
   13.13722229    1.38699996    2.79500008
   13.14249992    1.73399997    2.81399989
   13.14888859    2.13899994    2.81399989
   13.15138817    2.42799997    2.83299994
   13.15222168    2.60200000    2.83299994
   13.15416622    3.37299991    2.83299994
   13.15527725    3.99000001    2.83299994
   13.15611076    4.60699987    2.81399989
   13.15722179    4.91499996    2.83299994
   13.15805531    4.91499996    2.81399989
   13.15916634    4.91499996    2.81399989
   13.16027737    4.91499996    2.79500008
   13.16111088    4.91499996    2.75600004
   13.16222191    4.91499996    2.73699999
   13.16333294    4.91499996    2.66000009
   13.16416645    4.91499996    2.54399991
   13.16527748    4.91499996    2.42799997
   13.16638851    4.91499996    2.46700001
   13.16722298    4.91499996    2.44799995
   13.16833401    4.91499996    2.31299996
   13.16944504    4.91499996    2.27399993
   13.17027855    4.91499996    2.29399991
   13.17138958    4.91499996    2.25500011
   13.17250061    4.91499996    2.15899992
   13.17361164    4.91499996    2.17799997
   13.17444515    4.91499996    2.25500011
   13.17555618    4.91499996    2.29399991
   13.17638874    4.91499996    2.29399991
   13.17750072    4.91499996    2.27399993
   13.17861176    4.91499996    2.29399991
   13.17944431    4.91499996    2.35100007
   13.18055630    4.91499996    2.39000010
   13.18166733    4.91499996    2.35100007
   13.18249989    4.91499996    2.23600006
   13.18361092    4.91499996    2.21600008
   13.18472195    4.91499996    2.25500011
   13.18555546    4.91499996    2.27399993
   13.18666649    4.91499996    2.31299996
   13.18777752    4.91499996    2.25500011
   13.18861103    4.91499996    2.19700003
   13.18972206    4.91499996    2.11999989
   13.19083309    4.91499996    2.02399993
   13.19166660    4.91499996    1.88900006
   13.19277763    4.91499996    1.86899996
   13.19388866    4.91499996    1.92700005
   13.19472218    4.91499996    2.00399995
   13.19583321    4.91499996    1.98500001
   13.19694424    4.91499996    1.92700005
   13.19777775    4.91499996    1.90799999
   13.19888878    4.91499996    1.88900006
   13.19999981    4.91499996    1.86899996
   13.20083332    4.91499996    1.86899996
   13.20194435    4.91499996    1.75399995
   13.20305538    4.91499996    1.65699995
   13.20388889    4.91499996    1.63800001
   13.20499992    4.91499996    1.65699995
   13.20611095    4.91499996    1.69599998
   13.20694447    4.91499996    1.67700005
   13.20805550    4.91499996    1.60000002
   13.20916653    4.91499996    1.61899996
   13.21000004    4.91499996    1.65699995
   13.21111107    4.91499996    1.63800001
   13.21222210    4.91499996    1.56099999
   13.21305561    4.91499996    1.52199996
   13.21416664    4.91499996    1.52199996
   13.21527767    4.91499996    1.50300002
   13.21611118    4.91499996    1.44500005
   13.21722221    4.91499996    1.46500003
   13.21833324    4.91499996    1.54200006
   13.21916580    4.91499996    1.63800001
   13.22027779    4.91499996    1.69599998
   13.22138882    4.91499996    1.77300000
   13.22222137    4.91499996    1.85000002
   13.22333336    4.91499996    1.88900006
   13.22444439    4.91499996    1.92700005
   13.22527695    4.91499996    1.98500001
   13.22638798    4.91499996    2.00399995
   13.22749996    4.91499996    2.02399993
   13.22833252    4.91499996    2.06200004
   13.22944355    4.91499996    2.10100007
   13.23027706    4.91499996    2.13899994
   13.23138809    4.91499996    2.17799997
   13.23249912    4.91499996    2.13899994
   13.23361111    4.91499996    2.06200004
   13.23444462    4.91499996    2.04299998
   13.23555565    4.91499996    2.08100009
   13.23666668    4.91499996    2.13899994
   13.23750019    4.91499996    2.15899992
   13.23861122    4.91499996    2.19700003
   13.23972225    4.91499996    2.19700003
   13.24055576    4.91499996    2.25500011
   13.24166679    4.91499996    2.35100007
   13.24277782    4.91499996    2.40899992
   13.24361134    4.91499996    2.33200002
   13.24472237    4.91499996    2.21600008
   13.24555588    4.91499996    2.10100007
   13.24666691    4.91499996    2.08100009
   13.24777794    4.91499996    2.13899994
   13.24861145    4.91499996    2.13899994
   13.24972248    4.91499996    2.13899994
   13.25083351    4.91499996    2.10100007
   13.25166702    4.91499996    2.02399993
   13.25277805    4.91499996    1.94700003
   13.25388908    4.91499996    1.96599996
   13.25472260    4.91499996    2.02399993
   13.25583363    4.91499996    1.98500001
   13.25694466    4.91499996    1.90799999
   13.25777817    4.91499996    1.81200004
   13.25888920    4.91499996    1.81200004
   13.26000023    4.91499996    1.85000002
   13.26083374    4.91499996    1.96599996
   13.26194477    4.91499996    2.02399993
   13.26305580    4.91499996    2.06200004
   13.26388931    4.91499996    2.10100007
   13.26500034    4.91499996    2.17799997
   13.26611137    4.91499996    2.23600006
   13.26722240    4.91499996    2.21600008
   13.26805496    4.91499996    2.19700003
   13.26916599    4.91499996    2.15899992
   13.26999950    4.91499996    2.10100007
   13.27111053    4.91499996    2.02399993
   13.27222157    4.91499996    1.92700005
   13.27305508    4.91499996    1.92700005
   13.27416611    4.91499996    2.00399995
   13.27527714    4.91499996    2.04299998
   13.27611065    4.91499996    2.02399993
   13.27722168    4.91499996    2.00399995
   13.27833271    4.91499996    2.00399995
   13.27916622    4.91499996    2.00399995
   13.28027725    4.91499996    1.96599996
   13.28138828    4.91499996    1.90799999
   13.28222179    4.91499996    1.83099997
   13.28333378    4.91499996    1.81200004
   13.28444481    4.91499996    1.77300000
   13.28527832    4.91499996    1.71500003
   13.28638935    4.91499996    1.69599998
   13.28750038    4.91499996    1.71500003
   13.28833389    4.91499996    1.75399995
   13.28944492    4.91499996    1.79200006
   13.29055595    4.91499996    1.77300000
   13.29138947    4.91499996    1.69599998
   13.29250050    4.91499996    1.61899996
   13.29361153    4.91499996    1.58000004
   13.29444504    4.91499996    1.58000004
   13.29555607    4.91499996    1.67700005
   13.29666710    4.91499996    1.75399995
   13.29750061    4.91499996    1.71500003
   13.29861164    4.91499996    1.65699995
   13.29972267    4.91499996    1.63800001
   13.30055618    4.91499996    1.67700005
   13.30166721    4.91499996    1.73399997
   13.30277824    4.91499996    1.73399997
   13.30361176    4.91499996    1.69599998
   13.30472279    4.91499996    1.60000002
   13.30583382    4.91499996    1.50300002
   13.30666733    4.91499996    1.46500003
   13.30777836    4.91499996    1.50300002
   13.30861092    4.91499996    1.56099999
   13.30972195    4.91499996    1.67700005
   13.31083393    4.91499996    1.79200006
   13.31166649    4.91499996    1.85000002
   13.31277752    4.91499996    1.79200006
   13.31388950    4.91499996    1.85000002
   13.31472206    4.91499996    1.92700005
   13.31583309    4.91499996    1.92700005
   13.31694412    4.91499996    1.85000002
   13.31777763    4.91499996    1.86899996
   13.31888866    4.91499996    1.90799999
   13.31999969    4.91499996    1.92700005
   13.32083321    4.91499996    1.94700003
   13.32194424    4.91499996    1.92700005
   13.32305527    4.91499996    1.88900006
   13.32388878    4.91499996    1.85000002
   13.32499981    4.91499996    1.83099997
   13.32583332    4.91499996    1.86899996
   13.32694435    4.91499996    1.90799999
   13.32805538    4.91499996    1.90799999
   13.32888889    4.91499996    1.90799999
   13.32999992    4.91499996    1.94700003
   13.33111095    4.91499996    1.94700003
   13.33194447    4.91499996    1.94700003
   13.33305550    4.91499996    1.96599996
   13.33388901    4.91499996    1.94700003
   13.33500004    4.91499996    1.90799999
   13.33611107    4.91499996    1.88900006
   13.33694458    4.91499996    1.88900006
   13.33805561    4.91499996    1.92700005
   13.33916664    4.91499996    2.00399995
   13.34000015    4.91499996    2.11999989
   13.34111118    4.91499996    2.19700003
   13.34222221    4.91499996    2.19700003
   13.34305477    4.91499996    2.11999989
   13.34416676    4.91499996    1.96599996
   13.34527779    4.91499996    1.86899996
   13.34638882    4.91499996    1.85000002
   13.34722233    4.91499996    1.92700005
   13.34833336    4.91499996    2.06200004
   13.34944439    4.91499996    2.23600006
   13.35027790    4.91499996    2.37100005
   13.35138893    4.91499996    2.42799997
   13.35222244    4.91499996    2.39000010
   13.35333347    4.91499996    2.25500011
   13.35444450    4.91499996    2.11999989
   13.35527802    4.91499996    2.04299998
   13.35638905    4.91499996    1.98500001
   13.35750008    4.91499996    1.94700003
   13.35833359    4.91499996    1.94700003
   13.35944462    4.91499996    1.98500001
   13.36055565    4.91499996    2.06200004
   13.36138916    4.91499996    2.06200004
   13.36250019    4.91499996    2.06200004
   13.36361122    4.91499996    2.13899994
   13.36444473    4.91499996    2.11999989
   13.36555576    4.91499996    2.08100009
   13.36666679    4.91499996    2.10100007
   13.36750031    4.91499996    2.15899992
   13.36861134    4.91499996    2.13899994
   13.36972237    4.91499996    2.13899994
   13.37055588    4.91499996    2.15899992
   13.37166691    4.91499996    2.23600006
   13.37250042    4.91499996    2.25500011
   13.37361145    4.91499996    2.23600006
   13.37472248    4.91499996    2.25500011
   13.37555599    4.91499996    2.37100005
   13.37666702    4.91499996    2.46700001
   13.37777805    4.91499996    2.50600004
   13.37888908    4.91499996    2.56299996
   13.37972260    4.91499996    2.58299994
   13.38083363    4.91499996    2.62100005
   13.38194466    4.91499996    2.66000009
   13.38277817    4.91499996    2.69799995
   13.38388920    4.91499996    2.71799994
   13.38500023    4.91499996    2.69799995
   13.38583279    4.91499996    2.67899990
   13.38694477    4.91499996    2.66000009
   13.38805580    4.91499996    2.66000009
   13.38888836    4.91499996    2.66000009
   13.39000034    4.91499996    2.67899990
   13.39111137    4.91499996    2.69799995
   13.39194393    4.91499996    2.69799995
   13.39305496    4.91499996    2.69799995
   13.39416695    4.91499996    2.71799994
   13.39499950    4.91499996    2.71799994
   13.39611053    4.91499996    2.69799995
   13.39722252    4.91499996    2.71799994
   13.39805508    4.91499996    2.71799994
   13.39916611    4.91499996    2.69799995
   13.40027714    4.91499996    2.71799994
   13.40111065    4.91499996    2.69799995
   13.40222168    4.91499996    2.71799994
   13.40333271    4.91499996    2.71799994
   13.40416622    4.91499996    2.71799994
   13.40527725    4.91499996    2.67899990
   13.40638828    4.91499996    2.69799995
   13.40722179    4.91499996    2.69799995
   13.40833282    4.91499996    2.67899990
   13.40944386    4.91499996    2.69799995
   13.41027737    4.91499996    2.69799995
   13.41138840    4.91499996    2.69799995
   13.41249943    4.91499996    2.69799995
   13.41333294    4.91499996    2.69799995
   13.41444397    4.91499996    2.69799995
   13.41527748    4.91499996    2.67899990
   13.41638851    4.91499996    2.69799995
   13.41750050    4.91499996    2.67899990
   13.41861153    4.91499996    2.64000010
   13.41944504    4.91499996    2.64000010
   13.42055607    4.91499996    2.64000010
   13.42138958    4.91499996    2.66000009
   13.42250061    4.91499996    2.66000009
   13.42361164    4.91499996    2.66000009
   13.42444515    4.91499996    2.67899990
   13.42555618    4.91499996    2.67899990
   13.42666721    4.91499996    2.67899990
   13.42750072    4.91499996    2.67899990
   13.42861176    4.91499996    2.67899990
   13.42972279    4.91499996    2.66000009
   13.43055630    4.91499996    2.66000009
   13.43166733    4.91499996    2.67899990
   13.43277836    4.91499996    2.67899990
   13.43361092    4.91499996    2.64000010
   13.43472195    4.91499996    2.62100005
   13.43583298    4.91499996    2.66000009
   13.43666649    4.91499996    2.67899990
   13.43777752    4.91499996    2.67899990
   13.43861103    4.91499996    2.67899990
   13.43972206    4.91499996    2.64000010
   13.44083309    4.91499996    2.52500010
   13.44166660    4.91499996    2.37100005
   13.44277763    4.91499996    2.27399993
   13.44388866    4.91499996    2.27399993
   13.44472218    4.91499996    2.31299996
   13.44583321    4.91499996    2.33200002
   13.44666672    4.91499996    2.35100007
   13.44777775    4.91499996    2.39000010
   13.44888878    4.91499996    2.42799997
   13.44972229    4.91499996    2.48600006
   13.45083332    4.91499996    2.52500010
   13.45194435    4.91499996    2.56299996
   13.45277786    4.91499996    2.56299996
   13.45388889    4.91499996    2.56299996
   13.45499992    4.91499996    2.58299994
   13.45583344    4.91499996    2.60200000
   13.45694447    4.91499996    2.62100005
   13.45805550    4.91499996    2.62100005
   13.45888901    4.91499996    2.60200000
   13.46000004    4.91499996    2.58299994
   13.46111107    4.91499996    2.58299994
   13.46194458    4.91499996    2.56299996
   13.46305561    4.91499996    2.56299996
   13.46388912    4.91499996    2.54399991
   13.46500015    4.91499996    2.50600004
   13.46611118    4.91499996    2.50600004
   13.46694374    4.91499996    2.48600006
   13.46805477    4.91499996    2.46700001
   13.46916580    4.91499996    2.42799997
   13.46999931    4.91499996    2.40899992
   13.47111034    4.91499996    2.42799997
   13.47222137    4.91499996    2.44799995
   13.47305489    4.91499996    2.44799995
   13.47416592    4.91499996    2.42799997
   13.47527695    4.91499996    2.46700001
   13.47611046    4.91499996    2.48600006
   13.47722149    4.91499996    2.50600004
   13.47805500    4.91499996    2.52500010
   13.47916603    4.91499996    2.54399991
   13.48027706    4.91499996    2.56299996
   13.48138809    4.91499996    2.58299994
   13.48222160    4.91499996    2.58299994
   13.48333359    4.91499996    2.58299994
   13.48444462    4.91499996    2.56299996
   13.48527813    4.91499996    2.54399991
   13.48638916    4.91499996    2.52500010
   13.48750019    4.91499996    2.48600006
   13.48833370    4.91499996    2.48600006
   13.48944473    4.91499996    2.48600006
   13.49027824    4.91499996    2.50600004
   13.49138927    4.91499996    2.52500010
   13.49250031    4.91499996    2.56299996
   13.49333382    4.91499996    2.58299994
   13.49444485    4.91499996    2.58299994
   13.49555588    4.91499996    2.58299994
   13.49638939    4.91499996    2.58299994
   13.49750042    4.91499996    2.60200000
   13.49861145    4.91499996    2.58299994
   13.49944496    4.91499996    2.60200000
   13.50055599    4.91499996    2.58299994
   13.50166702    4.91499996    2.60200000
   13.50249958    4.91499996    2.60200000
   13.50361156    4.91499996    2.60200000
   13.50472260    4.91499996    2.60200000
   13.50555515    4.91499996    2.62100005
   13.50666714    4.91499996    2.64000010
   13.50777817    4.91499996    2.64000010
   13.50861073    4.91499996    2.66000009
   13.50972176    4.91499996    2.67899990
   13.51055527    4.91499996    2.67899990
   13.51166630    4.91499996    2.69799995
   13.51277733    4.91499996    2.67899990
   13.51361084    4.91499996    2.69799995
   13.51472187    4.91499996    2.69799995
   13.51583290    4.91499996    2.69799995
   13.51666641    4.91499996    2.71799994
   13.51777744    4.91499996    2.71799994
   13.51888847    4.91499996    2.73699999
   13.51972198    4.85699987    2.73699999
   13.52083302    4.74200010    2.73699999
   13.52194405    4.58799982    2.73699999
   13.52277756    4.43300009    2.73699999
   13.52388859    4.27899981    2.75600004
   13.52499962    4.12500000    2.77500010
   13.52583313    4.00899982    2.77500010
   13.52694416    3.91300011    2.77500010
   13.52805519    3.85500002    2.79500008
   13.52888870    3.81599998    2.79500008
   13.52999973    3.81599998    2.79500008
   13.53111076    3.81599998    2.79500008
   13.53194427    3.89400005    2.79500008
   13.53305531    4.02799988    2.79500008
   13.53416729    4.20200014    2.79500008
   13.53500080    4.33699989    2.77500010
   13.53611183    4.45300007    2.75600004
   13.53722286    4.64499998    2.73699999
   13.53805637    4.83799982    2.71799994
   13.53916740    4.91499996    2.71799994
   13.54027843    4.91499996    2.75600004
   13.54111195    4.91499996    2.69799995
   13.54222298    4.91499996    2.58299994
   13.54305553    4.91499996    2.58299994
   13.54416752    4.91499996    2.66000009
   13.54527855    4.91499996    2.66000009
   13.54611111    4.91499996    2.54399991
   13.54722309    4.91499996    2.52500010
   13.54833412    4.91499996    2.60200000
   13.54916668    4.91499996    2.62100005
   13.55027771    4.91499996    2.62100005
   13.55138874    4.91499996    2.50600004
   13.55222225    4.91499996    2.25500011
   13.55333328    4.91499996    2.02399993
   13.55444431    4.91499996    1.98500001
   13.55527782    4.91499996    2.15899992
   13.55638885    4.91499996    2.13899994
   13.55749989    4.91499996    2.00399995
   13.55833340    4.91499996    1.94700003
   13.55944443    4.91499996    1.94700003
   13.56055546    4.91499996    2.00399995
   13.56138897    4.91499996    2.21600008
   13.56250000    4.91499996    2.33200002
   13.56361103    4.91499996    2.35100007
   13.56444454    4.91499996    2.31299996
   13.56555557    4.91499996    2.23600006
   13.56666660    4.91499996    2.17799997
   13.56777763    4.91499996    2.15899992
   13.56861115    4.91499996    2.19700003
   13.56972218    4.91499996    2.21600008
   13.57055569    4.91499996    2.21600008
   13.57166672    4.91499996    2.17799997
   13.57277775    4.91499996    2.17799997
   13.57361126    4.91499996    2.11999989
   13.57472229    4.91499996    2.08100009
   13.57583332    4.91499996    2.11999989
   13.57666683    4.91499996    2.23600006
   13.57777786    4.91499996    2.29399991
   13.57888889    4.91499996    2.37100005
   13.57972240    4.91499996    2.35100007
   13.58083344    4.91499996    2.27399993
   13.58194447    4.91499996    2.25500011
   13.58277798    4.91499996    2.29399991
   13.58388901    4.91499996    2.37100005
   13.58500004    4.91499996    2.44799995
   13.58583260    4.91499996    2.50600004
   13.58694458    4.91499996    2.60200000
   13.58805561    4.91499996    2.66000009
   13.58888817    4.91499996    2.69799995
   13.59000015    4.91499996    2.73699999
   13.59111118    4.91499996    2.75600004
   13.59194374    4.91499996    2.75600004
   13.59305477    4.91499996    2.71799994
   13.59416676    4.91499996    2.69799995
   13.59499931    4.91499996    2.64000010
   13.59611034    4.91499996    2.62100005
   13.59722233    4.91499996    2.62100005
   13.59805489    4.91499996    2.62100005
   13.59916592    4.91499996    2.66000009
   13.60027790    4.91499996    2.67899990
   13.60111141    4.91499996    2.69799995
   13.60222244    4.91499996    2.69799995
   13.60333347    4.91499996    2.71799994
   13.60416698    4.91499996    2.71799994
   13.60527802    4.91499996    2.73699999
   13.60638905    4.91499996    2.75600004
   13.60722256    4.91499996    2.77500010
   13.60833359    4.85699987    2.77500010
   13.60944462    4.68400002    2.77500010
   13.61027813    4.51000023    2.77500010
   13.61138916    4.29799986    2.77500010
   13.61250019    4.08599997    2.79500008
   13.61333370    3.85500002    2.79500008
   13.61444473    3.66199994    2.77500010
   13.61527824    3.48900008    2.77500010
   13.61638927    3.33400011    2.75600004
   13.61750031    3.20000005    2.77500010
   13.61861134    3.08400011    2.79500008
   13.61944485    2.96799994    2.79500008
   13.62055588    2.85299993    2.81399989
   13.62166691    2.75600004    2.81399989
   13.62250042    2.64000010    2.81399989
   13.62361145    2.56299996    2.81399989
   13.62444496    2.46700001    2.81399989
   13.62555599    2.37100005    2.81399989
   13.62666702    2.25500011    2.83299994
   13.62750053    2.15899992    2.83299994
   13.62833309    2.08100009    2.83299994
   13.62916660    1.96599996    2.83299994
   13.63027763    1.85000002    2.83299994
   13.63083363    1.65699995    2.81399989
   13.63138866    1.61899996    2.81399989
   13.63222218    1.60000002    2.83299994
   13.63388920    1.42600000    2.83299994
   13.63472176    1.36800003    2.81399989
   13.63527775    1.30999994    2.83299994
   13.63611126    1.27199996    2.83299994
   13.63694477    1.21399999    2.83299994
   13.63749981    1.19500005    2.83299994
   13.63833332    1.15600002    2.83299994
   13.63888836    1.13699996    2.85299993
   13.63972187    1.09800005    2.85299993
   13.64055538    1.07900000    2.83299994
   13.64138889    1.03999996    2.85299993
   13.64194393    1.02100003    2.85299993
   13.64277744    1.02100003    2.85299993
   13.64361095    0.98299998    2.83299994
   13.64416695    0.90600002    2.83299994
   13.64499950    0.86699998    2.83299994
   13.64555550    0.82800001    2.85299993
   13.64638901    0.79000002    2.85299993
   13.64722252    0.77100003    2.83299994
   13.64805508    0.73199999    2.85299993
   13.64861107    0.71300000    2.85299993
   13.64944458    0.71300000    2.85299993
   13.64999962    0.69300002    2.85299993
   13.65472221    0.59700000    2.83299994
   13.65722179    0.57800001    2.85299993
   13.65749931    0.55900002    2.85299993
   13.65805531    0.55900002    2.83299994
   13.66027737    0.53899997    2.85299993
   13.66555500    0.51999998    2.85299993
   13.67111111    0.51999998    2.85299993
   13.67333412    0.51999998    2.85299993
   13.67388916    0.51999998    2.85299993
   13.67444515    0.51999998    2.83299994
   13.67472267    0.53899997    2.83299994
   13.67527771    0.51999998    2.85299993
   13.67583370    0.51999998    2.85299993
   13.67638874    0.51999998    2.85299993
   13.67666721    0.51999998    2.87199998
   13.67722225    0.51999998    2.83299994
   13.67777824    0.51999998    2.85299993
   13.67833328    0.51999998    2.85299993
   13.67888927    0.51999998    2.85299993
   13.67944431    0.51999998    2.87199998
   13.67972279    0.50099999    2.83299994
   13.68027782    0.51999998    2.85299993
   13.68083382    0.51999998    2.85299993
   13.68138885    0.50099999    2.85299993
   13.68194485    0.51999998    2.85299993
   13.68222237    0.51999998    2.85299993
   13.68444443    0.51999998    2.85299993
   13.68527794    0.51999998    2.85299993
   13.68583298    0.50099999    2.85299993
   13.68638897    0.50099999    2.85299993
   13.68805599    0.50099999    2.87199998
   13.68861103    0.51999998    2.85299993
   13.69055557    0.51999998    2.85299993
   13.69416714    0.51999998    2.85299993
   13.69777775    0.51999998    2.83299994
   13.70138836    0.51999998    2.87199998
   13.70722198    0.50099999    2.85299993
   13.71111107    0.50099999    2.85299993
   13.71444416    0.51999998    2.85299993
   13.71805477    0.57800001    2.85299993
   13.72194386    0.67400002    2.87199998
   13.72638798    1.33000004    2.85299993
   13.72861099    0.75099999    2.83299994
   13.72916603    0.75099999    2.81399989
   13.72944355    0.75099999    2.83299994
   13.72999954    0.75099999    2.85299993
   13.73222160    0.73199999    2.85299993
   13.73666668    0.71300000    2.85299993
   13.74083328    0.69300002    2.83299994
   13.74166679    0.67400002    2.83299994
   13.74194431    0.67400002    2.85299993
   13.74416733    0.67400002    2.87199998
   13.74472237    0.67400002    2.85299993
   13.74527836    0.67400002    2.85299993
   13.74694443    0.65499997    2.85299993
   13.75055599    0.61600000    2.85299993
   13.75444412    0.57800001    2.85299993
   13.75805569    0.55900002    2.85299993
   13.76166630    0.53899997    2.85299993
   13.76555538    0.53899997    2.87199998
   13.76888847    0.51999998    2.85299993
   13.77250004    0.51999998    2.85299993
   13.77638817    0.51999998    2.85299993
   13.78083324    0.50099999    2.87199998
   13.78305531    0.50099999    2.87199998
   13.78333378    0.50099999    2.87199998
   13.78388977    0.51999998    2.85299993
   13.78444481    0.51999998    2.87199998
   13.78666687    0.51999998    2.87199998
   13.79138947    0.51999998    2.85299993
   13.79527855    0.50099999    2.85299993
   13.79583359    0.50099999    2.85299993
   13.79805565    0.50099999    2.87199998
   13.79861164    0.50099999    2.85299993
   13.79944515    0.50099999    2.87199998
   13.80000019    0.50099999    2.85299993
   13.80083370    0.50099999    2.85299993
   13.80138874    0.50099999    2.83299994
   13.80222225    0.50099999    2.85299993
   13.80527782    0.48100001    2.87199998
   13.80805588    0.48100001    2.85299993
   13.80888939    0.48100001    2.85299993
   13.80944443    0.48100001    2.83299994
   13.81000042    0.48100001    2.87199998
   13.81222248    0.50099999    2.87199998
   13.81277752    0.48100001    2.87199998
   13.81472206    0.48100001    2.87199998
   13.81833363    0.50099999    2.87199998
   13.82222176    0.50099999    2.85299993
   13.82555580    0.48100001    2.87199998
   13.82944393    0.48100001    2.87199998
   13.83333302    0.48100001    2.87199998
   13.83666611    0.50099999    2.85299993
   13.84027767    0.48100001    2.87199998
   13.84416676    0.48100001    2.85299993
   13.84888840    0.48100001    2.87199998
   13.85111141    0.48100001    2.87199998
   13.85166740    0.48100001    2.87199998
   13.85194492    0.48100001    2.87199998
   13.85249996    0.48100001    2.87199998
   13.85500050    0.48100001    2.87199998
   13.85944462    0.48100001    2.87199998
   13.86333370    0.48100001    2.87199998
   13.86388969    0.48100001    2.87199998
   13.86444473    0.48100001    2.87199998
   13.86666679    0.48100001    2.85299993
   13.86694431    0.48100001    2.85299993
   13.87111092    0.48100001    2.87199998
   13.87472248    0.46200001    2.87199998
   13.87861156    0.48100001    2.87199998
   13.88222218    0.48100001    2.85299993
   13.88555527    0.48100001    2.87199998
   13.88944435    0.46200001    2.87199998
   13.89305496    0.46200001    2.87199998
   13.89638901    0.48100001    2.87199998
   13.90055561    0.48100001    2.87199998
   13.90499973    0.48100001    2.87199998
   13.90722179    0.46200001    2.87199998
   13.90777779    0.48100001    2.87199998
   13.90805531    0.46200001    2.87199998
   13.90861034    0.46200001    2.87199998
   13.91111088    0.46200001    2.87199998
   13.91555500    0.48100001    2.87199998
   13.91916656    0.48100001    2.87199998
   13.92000008    0.46200001    2.87199998
   13.92083359    0.48100001    2.89100003
   13.92138958    0.48100001    2.87199998
   13.92222214    0.48100001    2.87199998
   13.92305565    0.48100001    2.87199998
   13.92361164    0.48100001    2.87199998
   13.92638874    0.48100001    2.87199998
   13.92722225    0.48100001    2.87199998
   13.92805576    0.48100001    2.87199998
   13.92861176    0.48100001    2.87199998
   13.92944431    0.48100001    2.87199998
   13.93027782    0.48100001    2.87199998
   13.93083382    0.48100001    2.87199998
   13.93166733    0.48100001    2.87199998
   13.93222237    0.48100001    2.87199998
   13.93305588    0.48100001    2.87199998
   13.93611145    0.48100001    2.87199998
   13.93888855    0.48100001    2.87199998
   13.93972206    0.48100001    2.87199998
   13.94027805    0.48100001    2.87199998
   13.94111156    0.48100001    2.87199998
   13.94166660    0.48100001    2.87199998
   13.94250011    0.48100001    2.87199998
   13.94333363    0.48100001    2.87199998
   13.94361115    0.48100001    2.87199998
   13.94583321    0.46200001    2.87199998
   13.94638920    0.48100001    2.87199998
   13.94694424    0.48100001    2.87199998
   13.94861126    0.48100001    2.87199998
   13.95222187    0.48100001    2.87199998
   13.95583344    0.48100001    2.87199998
   13.95972157    0.48100001    2.87199998
   13.96305561    0.48100001    2.87199998
   13.96694374    0.48100001    2.89100003
   13.97055531    0.48100001    2.87199998
   13.97388840    0.48100001    2.87199998
   13.97777748    0.48100001    2.87199998
   13.98222160    0.50099999    2.87199998
   13.98444462    0.55900002    2.87199998
   13.98500061    0.55900002    2.87199998
   13.98555565    0.57800001    2.89100003
   13.98583317    0.59700000    2.87199998
   13.98833370    0.69300002    2.87199998
   13.99277782    0.75099999    2.87199998
   13.99666691    0.77100003    2.87199998
   13.99750042    0.77100003    2.87199998
   13.99805546    0.75099999    2.87199998
   13.99888897    0.75099999    2.87199998
   13.99944496    0.75099999    2.85299993
   14.00027752    0.75099999    2.87199998
   14.00111103    0.77100003    2.87199998
   14.00166702    0.77100003    2.85299993
   14.00249958    0.75099999    2.87199998
   14.00333309    0.75099999    2.87199998
   14.00388908    0.71300000    2.85299993
   14.00472260    0.69300002    2.87199998
   14.00555515    0.63599998    2.87199998
   14.00833321    0.59700000    2.87199998
   14.00916672    0.57800001    2.87199998
   14.01000023    0.55900002    2.87199998
   14.01055527    0.55900002    2.87199998
   14.01138878    0.55900002    2.87199998
   14.01222229    0.53899997    2.87199998
   14.01277733    0.51999998    2.87199998
   14.01361084    0.53899997    2.87199998
   14.01666641    0.65499997    2.87199998
   14.01749992    0.77100003    2.87199998
   14.01805496    0.94400001    2.87199998
   14.01888847    1.11800003    2.87199998
   14.01944447    1.30999994    2.87199998
   14.02027798    1.48399997    2.87199998
   14.02083302    1.60000002    2.87199998
   14.02305508    2.10100007    2.87199998
   14.02361107    2.21600008    2.81399989
   14.02388859    2.33200002    2.79500008
   14.02444458    2.48600006    2.79500008
   14.02555561    2.73699999    2.85299993
   14.02722168    3.64299989    2.87199998
   14.02833271    4.66499996    2.87199998
   14.02944374    4.91499996    2.87199998
   14.03027725    4.91499996    2.87199998
   14.03138828    4.91499996    2.89100003
   14.03249931    4.91499996    2.87199998
   14.03333378    4.91499996    2.87199998
   14.03444481    4.91499996    2.89100003
   14.03555584    4.91499996    2.87199998
   14.03638935    4.91499996    2.48600006
   14.03750038    4.91499996    2.23600006
   14.03861141    4.91499996    2.29399991
   14.03944492    4.91499996    2.44799995
   14.04055595    4.91499996    2.40899992
   14.04166698    4.91499996    2.25500011
   14.04250050    4.91499996    2.08100009
   14.04361153    4.91499996    2.33200002
   14.04472256    4.91499996    2.79500008
   14.04555607    4.91499996    2.89100003
   14.04666710    4.91499996    2.89100003
   14.04750061    4.91499996    2.89100003
   14.04861164    4.91499996    2.87199998
   14.04972267    4.91499996    2.87199998
   14.05055618    4.91499996    2.87199998
   14.05166721    4.45300007    2.87199998
   14.05277824    2.96799994    2.87199998
   14.05361176    1.81200004    2.85299993
   14.05500031    1.07900000    2.87199998
   14.05555534    0.98299998    2.89100003
   14.05611134    0.84799999    2.87199998
   14.05666733    0.77100003    2.87199998
   14.05749989    0.73199999    2.87199998
   14.05916691    0.65499997    2.87199998
   14.06000042    0.61600000    2.87199998
   14.06055546    0.61600000    2.87199998
   14.06138897    0.59700000    2.87199998
   14.06222248    0.59700000    2.85299993
   14.06277752    0.59700000    2.85299993
   14.06361103    0.59700000    2.87199998
   14.06444454    0.61600000    2.85299993
   14.06500053    0.59700000    2.87199998
   14.06583309    0.61600000    2.87199998
   14.06666660    0.63599998    2.87199998
   14.06750011    0.65499997    2.85299993
   14.06805515    0.67400002    2.85299993
   14.06888866    0.67400002    2.87199998
   14.06944466    0.69300002    2.87199998
   14.07027817    0.73199999    2.85299993
   14.07111073    0.75099999    2.87199998
   14.07166672    0.77100003    2.87199998
   14.07250023    0.79000002    2.85299993
   14.07333374    0.80900002    2.87199998
   14.07388878    0.82800001    2.87199998
   14.07472229    0.82800001    2.87199998
   14.07555580    0.82800001    2.87199998
   14.07611084    0.82800001    2.85299993
   14.07694435    0.82800001    2.85299993
   14.07777786    0.80900002    2.87199998
   14.07833290    0.82800001    2.87199998
   14.07916641    0.80900002    2.87199998
   14.07972240    0.79000002    2.87199998
   14.08055592    0.79000002    2.85299993
   14.08138847    0.77100003    2.87199998
   14.08194447    0.75099999    2.85299993
   14.08277798    0.73199999    2.87199998
   14.08361053    0.75099999    2.85299993
   14.08416653    0.73199999    2.87199998
   14.08500004    0.73199999    2.85299993
   14.08555508    0.75099999    2.87199998
   14.08638859    0.73199999    2.87199998
   14.08722210    0.73199999    2.87199998
   14.08805561    0.73199999    2.85299993
   14.08888817    0.73199999    2.87199998
   14.08944416    0.73199999    2.87199998
   14.09027767    0.73199999    2.87199998
   14.09111118    0.71300000    2.87199998
   14.09805489    0.59700000    2.87199998
   14.09861088    0.59700000    2.87199998
   14.10277843    0.53899997    2.87199998
   14.10333347    0.55900002    2.87199998
   14.10527802    0.53899997    2.87199998
   14.10888958    0.53899997    2.87199998
   14.11305618    0.51999998    2.87199998
   14.11638927    0.51999998    2.87199998
   14.11999989    0.51999998    2.87199998
   14.12388897    0.51999998    2.87199998
   14.12750053    0.50099999    2.87199998
   14.13111115    0.50099999    2.87199998
   14.13472176    0.50099999    2.87199998
   14.13916683    0.50099999    2.89100003
   14.14138889    0.50099999    2.87199998
   14.14194393    0.50099999    2.87199998
   14.14249992    0.50099999    2.87199998
   14.14305496    0.50099999    2.87199998
   14.14527798    0.48100001    2.89100003
   14.14999962    0.48100001    2.87199998
   14.15388870    0.48100001    2.87199998
   14.15444374    0.48100001    2.87199998
   14.15527725    0.48100001    2.89100003
   14.15611076    0.48100001    2.87199998
   14.15888882    0.48100001    2.87199998
   14.15972137    0.48100001    2.87199998
   14.16055489    0.48100001    2.87199998
   14.16111088    0.48100001    2.87199998
   14.16194439    0.48100001    2.87199998
   14.16249943    0.48100001    2.87199998
   14.16333294    0.48100001    2.87199998
   14.16416645    0.48100001    2.87199998
   14.16472149    0.48100001    2.87199998
   14.16555500    0.48100001    2.89100003
   14.16638851    0.50099999    2.89100003
   14.16694450    0.50099999    2.87199998
   14.16777802    0.48100001    2.87199998
   14.16833401    0.48100001    2.87199998
   14.16916656    0.48100001    2.87199998
   14.17000008    0.50099999    2.87199998
   14.17055607    0.50099999    2.87199998
   14.17138958    0.48100001    2.87199998
   14.17222214    0.50099999    2.89100003
   14.17500019    0.50099999    2.87199998
   14.17583370    0.50099999    2.89100003
   14.17666721    0.48100001    2.89100003
   14.17750072    0.50099999    2.87199998
   14.17805576    0.50099999    2.87199998
   14.17861176    0.50099999    2.87199998
   14.18083382    0.50099999    2.87199998
   14.18111134    0.50099999    2.87199998
   14.18166733    0.50099999    2.87199998
   14.18361092    0.48100001    2.87199998
   14.18722248    0.50099999    2.87199998
   14.19083309    0.50099999    2.87199998
   14.19444466    0.50099999    2.87199998
   14.19805527    0.51999998    2.87199998
   14.20194435    0.51999998    2.87199998
   14.20555496    0.55900002    2.89100003
   14.20916653    0.55900002    2.87199998
   14.21305561    0.55900002    2.87199998
   14.21749973    0.51999998    2.89100003
   14.21972179    0.51999998    2.89100003
   14.21999931    0.50099999    2.89100003
   14.22055531    0.50099999    2.87199998
   14.22111034    0.51999998    2.87199998
   14.22361088    0.50099999    2.89100003
   14.22777748    0.50099999    2.87199998
   14.23194408    0.48100001    2.89100003
   14.23277760    0.48100001    2.87199998
   14.23555565    0.48100001    2.89100003
   14.23638916    0.48100001    2.87199998
   14.23694515    0.48100001    2.87199998
   14.23777771    0.48100001    2.87199998
   14.23861122    0.48100001    2.87199998
   14.23916721    0.48100001    2.87199998
   14.24000072    0.48100001    2.89100003
   14.24055576    0.48100001    2.87199998
   14.24138927    0.48100001    2.87199998
   14.24194431    0.48100001    2.89100003
   14.24277782    0.48100001    2.87199998
   14.24333382    0.50099999    2.89100003
   14.24555588    0.48100001    2.89100003
   14.24583340    0.48100001    2.87199998
   14.24638939    0.48100001    2.89100003
   14.24833393    0.48100001    2.87199998
   14.25166702    0.48100001    2.89100003
   14.25555515    0.48100001    2.87199998
   14.25916672    0.48100001    2.87199998
   14.26277733    0.48100001    2.91000009
   14.26666641    0.46200001    2.87199998
   14.27027798    0.46200001    2.87199998
   14.27388859    0.48100001    2.91000009
   14.27777767    0.48100001    2.89100003
   14.27833271    0.48100001    2.91000009
   14.28027725    0.48100001    2.89100003
   14.28416729    0.46200001    2.89100003
   14.28472233    0.46200001    2.89100003
   14.28750038    0.46200001    2.89100003
   14.28972244    0.46200001    2.89100003
   14.29027843    0.46200001    2.87199998
   14.29055595    0.46200001    2.89100003
   14.29111195    0.46200001    2.89100003
   14.29361153    0.46200001    2.89100003
   14.29833412    0.46200001    2.89100003
   14.30222225    0.46200001    2.89100003
   14.30277824    0.46200001    2.89100003
   14.30361176    0.46200001    2.89100003
   14.30444431    0.46200001    2.89100003
   14.30500031    0.46200001    2.89100003
   14.30583382    0.46200001    2.89100003
   14.30666733    0.46200001    2.89100003
   14.30722237    0.46200001    2.89100003
   14.30805588    0.46200001    2.89100003
   14.30888939    0.46200001    2.89100003
   14.30972195    0.46200001    2.91000009
   14.31027794    0.46200001    2.89100003
   14.31111145    0.46200001    2.91000009
   14.31194496    0.46200001    2.89100003
   14.31472206    0.46200001    2.89100003
   14.31555557    0.46200001    2.91000009
   14.31638908    0.46200001    2.87199998
   14.31694412    0.48100001    2.89100003
   14.31777763    0.48100001    2.89100003
   14.31833363    0.46200001    2.89100003
   14.31916618    0.48100001    2.87199998
   14.31972218    0.46200001    2.89100003
   14.32055569    0.48100001    2.87199998
   14.32138920    0.46200001    2.87199998
   14.32222176    0.46200001    2.89100003
   14.32277775    0.46200001    2.87199998
   14.32361126    0.48100001    2.87199998
   14.32416630    0.46200001    2.89100003
   14.32499981    0.46200001    2.89100003
   14.32583332    0.46200001    2.89100003
   14.32666683    0.46200001    2.89100003
   14.32694435    0.48100001    2.87199998
   14.32944393    0.48100001    2.89100003
   14.32972240    0.48100001    2.89100003
   14.33027744    0.48100001    2.89100003
   14.33222198    0.48100001    2.89100003
   14.33583260    0.48100001    2.89100003
   14.34000015    0.48100001    2.91000009
   14.34333324    0.46200001    2.89100003
   14.34694386    0.46200001    2.87199998
   14.35111141    0.46200001    2.91000009
   14.35472298    0.48100001    2.89100003
   14.35833359    0.48100001    2.89100003
   14.36222267    0.48100001    2.87199998
   14.36694431    0.48100001    2.87199998
   14.36888885    0.48100001    2.89100003
   14.36944485    0.48100001    2.87199998
   14.36999989    0.48100001    2.87199998
   14.37055588    0.48100001    2.89100003
   14.37277794    0.48100001    2.89100003
   14.37750053    0.48100001    2.89100003
   14.38138866    0.48100001    2.87199998
   14.38194466    0.48100001    2.89100003
   14.38277817    0.48100001    2.89100003
   14.38361073    0.48100001    2.87199998
   14.38416672    0.48100001    2.87199998
   14.38500023    0.48100001    2.87199998
   14.38583279    0.48100001    2.87199998
   14.38638878    0.48100001    2.89100003
   14.38722229    0.48100001    2.87199998
   14.39027786    0.46200001    2.89100003
   14.39083290    0.46200001    2.87199998
   14.39166641    0.48100001    2.87199998
   14.39249992    0.46200001    2.89100003
   14.39527798    0.48100001    2.87199998
   14.39611053    0.48100001    2.87199998
   14.39666653    0.48100001    2.87199998
   14.39750004    0.48100001    2.89100003
   14.39833355    0.48100001    2.87199998
   14.39916611    0.48100001    2.89100003
   14.39972210    0.48100001    2.87199998
   14.40055561    0.48100001    2.89100003
   14.40111065    0.48100001    2.87199998
   14.40194416    0.48100001    2.87199998
   14.40277767    0.48100001    2.89100003
   14.40333271    0.48100001    2.87199998
   14.40416622    0.48100001    2.89100003
   14.40472221    0.48100001    2.87199998
   14.40555477    0.48100001    2.87199998
   14.40638828    0.48100001    2.87199998
   14.40694427    0.48100001    2.89100003
   14.40777779    0.48100001    2.87199998
   14.40833282    0.48100001    2.87199998
   14.40916634    0.48100001    2.87199998
   14.40999985    0.48100001    2.87199998
   14.41083336    0.48100001    2.87199998
   14.41111088    0.48100001    2.89100003
   14.41361046    0.50099999    2.89100003
   14.41416645    0.48100001    2.87199998
   14.41583252    0.48100001    2.89100003
   14.41944504    0.48100001    2.87199998
   14.42305565    0.48100001    2.87199998
   14.42694473    0.48100001    2.87199998
   14.43055630    0.48100001    2.87199998
   14.43444443    0.48100001    2.87199998
   14.43777752    0.48100001    2.89100003
   14.44138908    0.46200001    2.89100003
   14.44527817    0.46200001    2.89100003
   14.44999981    0.46200001    2.87199998
   14.45194435    0.46200001    2.89100003
   14.45249939    0.46200001    2.89100003
   14.45305538    0.48100001    2.89100003
   14.45333290    0.46200001    2.87199998
   14.45583344    0.46200001    2.87199998
   14.46027756    0.48100001    2.87199998
   14.46416664    0.48100001    2.89100003
   14.46500015    0.48100001    2.89100003
   14.46583271    0.48100001    2.89100003
   14.46861076    0.48100001    2.89100003
   14.46944427    0.48100001    2.89100003
   14.47027779    0.48100001    2.91000009
   14.47083282    0.48100001    2.89100003
   14.47305489    0.50099999    2.89100003
   14.47361088    0.50099999    2.87199998
   14.47555542    0.50099999    2.87199998
   14.47888851    0.50099999    2.89100003
   14.48500061    0.57800001    2.87199998
   14.48861122    0.69300002    2.87199998
   14.49194431    1.00199997    2.87199998
   14.49583340    1.58000004    2.87199998
   14.50194454    3.52699995    2.83299994
   14.50249958    3.73900008    2.81399989
   14.50416660    4.33699989    2.81399989
   14.50500011    4.70300007    2.81399989
   14.50611115    4.91499996    2.79500008
   14.50722218    4.91499996    2.75600004
   14.50805569    4.91499996    2.73699999
   14.50916672    4.91499996    2.75600004
   14.51027775    4.91499996    2.75600004
   14.51111126    4.91499996    2.77500010
   14.51222229    4.91499996    2.75600004
   14.51333332    4.91499996    2.75600004
   14.51416683    4.91499996    2.75600004
   14.51527786    4.91499996    2.69799995
   14.51638889    4.91499996    2.67899990
   14.51722240    4.91499996    2.66000009
   14.51833344    4.91499996    2.71799994
   14.51944447    4.91499996    2.73699999
   14.52027798    4.91499996    2.66000009
   14.52138901    4.91499996    2.56299996
   14.52222157    4.91499996    2.54399991
   14.52333355    4.91499996    2.48600006
   14.52444458    4.91499996    2.48600006
   14.52527714    4.91499996    2.44799995
   14.52638817    4.91499996    2.50600004
   14.52750015    4.91499996    2.62100005
   14.52833271    4.91499996    2.64000010
   14.52944374    4.91499996    2.64000010
   14.53055573    4.91499996    2.62100005
   14.53138828    4.91499996    2.64000010
   14.53249931    4.91499996    2.60200000
   14.53361130    4.91499996    2.66000009
   14.53444481    4.91499996    2.69799995
   14.53555584    4.91499996    2.69799995
   14.53666687    4.91499996    2.71799994
   14.53750038    4.91499996    2.75600004
   14.53861141    4.91499996    2.75600004
   14.53972244    4.91499996    2.77500010
   14.54055595    4.91499996    2.77500010
   14.54166698    4.91499996    2.73699999
   14.54277802    4.91499996    2.67899990
   14.54361153    4.91499996    2.67899990
   14.54472256    4.91499996    2.64000010
   14.54583359    4.91499996    2.69799995
   14.54666710    4.91499996    2.71799994
   14.54777813    4.91499996    2.69799995
   14.54888916    4.91499996    2.67899990
   14.54972267    4.91499996    2.67899990
   14.55083370    4.91499996    2.64000010
   14.55194473    4.91499996    2.64000010
   14.55277824    4.91499996    2.71799994
   14.55388927    4.91499996    2.67899990
   14.55472279    4.91499996    2.64000010
   14.55583382    4.91499996    2.64000010
   14.55694485    4.91499996    2.62100005
   14.55777836    4.91499996    2.64000010
   14.55888939    4.91499996    2.66000009
   14.56000042    4.91499996    2.62100005
   14.56083393    4.91499996    2.64000010
   14.56194496    4.91499996    2.67899990
   14.56305599    4.91499996    2.67899990
   14.56388950    4.91499996    2.69799995
   14.56500053    4.91499996    2.67899990
   14.56611156    4.91499996    2.67899990
   14.56722260    4.91499996    2.69799995
   14.56805515    4.91499996    2.66000009
   14.56916618    4.91499996    2.67899990
   14.57027817    4.91499996    2.71799994
   14.57111073    4.91499996    2.69799995
   14.57222176    4.91499996    2.69799995
   14.57333374    4.91499996    2.69799995
   14.57416630    4.91499996    2.67899990
   14.57527733    4.91499996    2.69799995
   14.57638836    4.91499996    2.69799995
   14.57722187    4.91499996    2.66000009
   14.57833290    4.91499996    2.64000010
   14.57944393    4.91499996    2.64000010
   14.58027744    4.91499996    2.66000009
   14.58138847    4.91499996    2.66000009
   14.58249950    4.91499996    2.66000009
   14.58333302    4.91499996    2.66000009
   14.58444405    4.91499996    2.66000009
   14.58555508    4.91499996    2.66000009
   14.58638859    4.91499996    2.67899990
   14.58749962    4.91499996    2.71799994
   14.58833313    4.91499996    2.73699999
   14.58944416    4.91499996    2.75600004
   14.59055519    4.91499996    2.75600004
   14.59138870    4.91499996    2.71799994
   14.59249973    4.91499996    2.71799994
   14.59361076    4.91499996    2.73699999
   14.59444427    4.91499996    2.71799994
   14.59555531    4.91499996    2.67899990
   14.59666634    4.91499996    2.67899990
   14.59749985    4.91499996    2.71799994
   14.59861088    4.91499996    2.71799994
   14.59944439    4.91499996    2.75600004
   14.60055637    4.91499996    2.79500008
   14.60166740    4.89599991    2.81399989
   14.60277843    4.85699987    2.79500008
   14.60361195    4.87699986    2.79500008
   14.60472298    4.91499996    2.83299994
   14.60555553    4.91499996    2.83299994
   14.60666752    4.91499996    2.79500008
   14.60777855    4.91499996    2.79500008
   14.60861111    4.91499996    2.79500008
   14.60972214    4.91499996    2.67899990
   14.61083412    4.91499996    2.60200000
   14.61166668    4.91499996    2.46700001
   14.61277771    4.91499996    2.46700001
   14.61388969    4.91499996    2.46700001
   14.61472225    4.91499996    2.37100005
   14.61583328    4.91499996    2.37100005
   14.61694431    4.91499996    2.23600006
   14.61777782    4.91499996    2.21600008
   14.61888885    4.91499996    2.19700003
   14.61999989    4.91499996    2.15899992
   14.62111092    4.91499996    2.08100009
   14.62194443    4.91499996    2.08100009
   14.62305546    4.91499996    2.19700003
   14.62416649    4.91499996    2.25500011
   14.62500000    4.91499996    2.19700003
   14.62611103    4.91499996    2.08100009
   14.62722206    4.91499996    2.10100007
   14.62805557    4.91499996    2.17799997
   14.62916660    4.91499996    2.25500011
   14.63027763    4.91499996    2.29399991
   14.63111115    4.91499996    2.31299996
   14.63222218    4.91499996    2.33200002
   14.63333321    4.91499996    2.37100005
   14.63416672    4.91499996    2.33200002
   14.63527775    4.91499996    2.35100007
   14.63638878    4.91499996    2.29399991
   14.63722229    4.91499996    2.23600006
   14.63833332    4.91499996    2.31299996
   14.63944435    4.91499996    2.33200002
   14.64027786    4.91499996    2.37100005
   14.64138889    4.91499996    2.40899992
   14.64249992    4.91499996    2.40899992
   14.64333344    4.91499996    2.39000010
   14.64444447    4.91499996    2.37100005
   14.64555550    4.91499996    2.35100007
   14.64638901    4.91499996    2.39000010
   14.64750004    4.91499996    2.42799997
   14.64833355    4.91499996    2.46700001
   14.64944458    4.91499996    2.46700001
   14.65055561    4.91499996    2.40899992
   14.65138817    4.91499996    2.33200002
   14.65249920    4.91499996    2.31299996
   14.65361118    4.91499996    2.29399991
   14.65444374    4.91499996    2.29399991
   14.65555477    4.91499996    2.27399993
   14.65666676    4.91499996    2.23600006
   14.65777779    4.91499996    2.19700003
   14.65861034    4.91499996    2.15899992
   14.65972137    4.91499996    2.10100007
   14.66083336    4.91499996    2.06200004
   14.66166592    4.91499996    1.98500001
   14.66277695    4.91499996    1.94700003
   14.66361046    4.91499996    1.92700005
   14.66472149    4.91499996    1.94700003
   14.66583252    4.91499996    1.92700005
   14.66666698    4.91499996    1.85000002
   14.66777802    4.91499996    1.85000002
   14.66888905    4.91499996    1.86899996
   14.66972256    4.91499996    1.90799999
   14.67083359    4.91499996    1.90799999
   14.67194462    4.91499996    1.83099997
   14.67277813    4.91499996    1.90799999
   14.67388916    4.91499996    1.92700005
   14.67500019    4.91499996    1.92700005
   14.67583370    4.91499996    1.90799999
   14.67694473    4.91499996    1.81200004
   14.67805576    4.91499996    1.69599998
   14.67888927    4.91499996    1.73399997
   14.68000031    4.91499996    1.69599998
   14.68083382    4.91499996    1.65699995
   14.68194485    4.91499996    1.58000004
   14.68305588    4.91499996    1.50300002
   14.68388939    4.91499996    1.50300002
   14.68500042    4.91499996    1.48399997
   14.68611145    4.91499996    1.52199996
   14.68694496    4.91499996    1.54200006
   14.68805599    4.91499996    1.50300002
   14.68916702    4.91499996    1.44500005
   14.69000053    4.91499996    1.42600000
   14.69111156    4.91499996    1.46500003
   14.69222260    4.91499996    1.46500003
   14.69305515    4.91499996    1.50300002
   14.69416714    4.91499996    1.52199996
   14.69499969    4.91499996    1.54200006
   14.69611073    4.91499996    1.60000002
   14.69722271    4.91499996    1.52199996
   14.69805527    4.91499996    1.61899996
   14.69916630    4.91499996    1.67700005
   14.70027733    4.91499996    1.69599998
   14.70111084    4.91499996    1.71500003
   14.70222187    4.91499996    1.69599998
   14.70333290    4.91499996    1.67700005
   14.70416641    4.91499996    1.71500003
   14.70527744    4.91499996    1.79200006
   14.70638847    4.91499996    1.83099997
   14.70749950    4.91499996    1.90799999
   14.70833302    4.91499996    1.90799999
   14.70944405    4.91499996    1.85000002
   14.71055508    4.91499996    1.71500003
   14.71138859    4.91499996    1.79200006
   14.71249962    4.91499996    1.79200006
   14.71361065    4.91499996    1.75399995
   14.71444416    4.91499996    1.71500003
   14.71555519    4.91499996    1.65699995
   14.71666622    4.91499996    1.65699995
   14.71749973    4.91499996    1.48399997
   14.71861076    4.91499996    1.61899996
   14.71972179    4.91499996    1.71500003
   14.72055531    4.91499996    1.77300000
   14.72166634    4.91499996    1.85000002
   14.72277737    4.91499996    1.88900006
   14.72361088    4.91499996    1.94700003
   14.72472191    4.91499996    1.94700003
   14.72555542    4.91499996    1.92700005
   14.72666645    4.91499996    1.90799999
   14.72777748    4.91499996    1.88900006
   14.72861099    4.91499996    1.85000002
   14.72972202    4.91499996    1.88900006
   14.73083305    4.91499996    1.90799999
   14.73194408    4.91499996    1.69599998
   14.73277760    4.91499996    1.67700005
   14.73388958    4.91499996    1.75399995
   14.73472214    4.91499996    1.81200004
   14.73583317    4.91499996    1.83099997
   14.73694515    4.91499996    1.86899996
   14.73777771    4.91499996    1.86899996
   14.73888874    4.91499996    1.92700005
   14.74000072    4.91499996    1.90799999
   14.74083328    4.91499996    1.90799999
   14.74194431    4.91499996    1.81200004
   14.74305534    4.91499996    1.77300000
   14.74416733    4.91499996    1.69599998
   14.74499989    4.91499996    1.69599998
   14.74611092    4.91499996    1.65699995
   14.74694443    4.91499996    1.42600000
   14.74805546    4.91499996    1.42600000
   14.74916649    4.91499996    1.40699995
   14.75000000    4.91499996    1.38699996
   14.75111103    4.91499996    1.36800003
   14.75222206    4.91499996    1.42600000
   14.75305557    4.91499996    1.46500003
   14.75416660    4.91499996    1.50300002
   14.75527763    4.91499996    1.58000004
   14.75611115    4.91499996    1.60000002
   14.75722218    4.91499996    1.63800001
   14.75833321    4.91499996    1.69599998
   14.75916672    4.91499996    1.75399995
   14.76027775    4.91499996    1.67700005
   14.76138878    4.91499996    1.69599998
   14.76222229    4.91499996    1.69599998
   14.76333332    4.91499996    1.69599998
   14.76444435    4.91499996    1.69599998
   14.76527786    4.91499996    1.67700005
   14.76638889    4.91499996    1.67700005
   14.76749992    4.91499996    1.61899996
   14.76833344    4.91499996    1.54200006
   14.76944447    4.91499996    1.58000004
   14.77055550    4.91499996    1.60000002
   14.77138901    4.91499996    1.79200006
   14.77250004    4.91499996    1.90799999
   14.77361107    4.91499996    1.83099997
   14.77444458    4.91499996    1.75399995
   14.77555561    4.91499996    1.81200004
   14.77666664    4.91499996    1.75399995
   14.77750015    4.91499996    1.69599998
   14.77861118    4.91499996    1.69599998
   14.77972221    4.91499996    1.65699995
   14.78055573    4.91499996    1.75399995
   14.78166676    4.91499996    1.83099997
   14.78277779    4.91499996    1.81200004
   14.78361130    4.91499996    1.79200006
   14.78472233    4.91499996    1.77300000
   14.78583336    4.91499996    1.73399997
   14.78666687    4.91499996    1.73399997
   14.78777790    4.91499996    1.73399997
   14.78888893    4.91499996    1.77300000
   14.79000092    4.91499996    1.75399995
   14.79083347    4.91499996    1.77300000
   14.79194450    4.91499996    1.83099997
   14.79277802    4.91499996    1.77300000
   14.79388905    4.91499996    1.67700005
   14.79500008    4.91499996    1.63800001
   14.79583359    4.91499996    1.67700005
   14.79694462    4.91499996    1.85000002
   14.79805565    4.91499996    1.90799999
   14.79888916    4.91499996    1.86899996
   14.80000019    4.91499996    1.94700003
   14.80111122    4.91499996    1.85000002
   14.80194473    4.91499996    1.67700005
   14.80305576    4.91499996    1.58000004
   14.80388927    4.91499996    1.40699995
   14.80500031    4.91499996    1.40699995
   14.80611134    4.91499996    1.50300002
   14.80694485    4.91499996    1.48399997
   14.80805588    4.91499996    1.50300002
   14.80916691    4.91499996    1.38699996
   14.81000042    4.91499996    1.38699996
   14.81111145    4.91499996    1.21399999
   14.81222248    4.91499996    1.17499995
   14.81305599    4.91499996    1.23300004
   14.81416702    4.91499996    1.23300004
   14.81527805    4.91499996    1.13699996
   14.81611156    4.91499996    1.07900000
   14.81722260    4.91499996    1.11800003
   14.81833363    4.91499996    1.25300002
   14.81916618    4.91499996    1.40699995
   14.82027817    4.91499996    1.40699995
   14.82138920    4.91499996    1.46500003
   14.82222176    4.91499996    1.46500003
   14.82333374    4.91499996    1.46500003
   14.82444477    4.91499996    1.36800003
   14.82527733    4.91499996    1.38699996
   14.82638836    4.91499996    1.46500003
   14.82722187    4.91499996    1.58000004
   14.82833290    4.91499996    1.73399997
   14.82944393    4.91499996    1.73399997
   14.83027744    4.91499996    1.67700005
   14.83138847    4.91499996    1.69599998
   14.83249950    4.91499996    1.77300000
   14.83333302    4.91499996    1.73399997
   14.83444405    4.91499996    1.67700005
   14.83555508    4.91499996    1.52199996
   14.83638859    4.91499996    1.56099999
   14.83749962    4.91499996    1.58000004
   14.83861065    4.91499996    1.48399997
   14.83944416    4.91499996    1.48399997
   14.84055519    4.91499996    1.60000002
   14.84166622    4.91499996    1.73399997
   14.84249973    4.91499996    1.77300000
   14.84361076    4.91499996    1.60000002
   14.84472179    4.91499996    1.58000004
   14.84555531    4.91499996    1.52199996
   14.84666634    4.91499996    1.46500003
   14.84777737    4.91499996    1.50300002
   14.84861088    4.91499996    1.52199996
   14.84972191    4.91499996    1.48399997
   14.85083389    4.91499996    1.44500005
   14.85166740    4.91499996    1.46500003
   14.85277843    4.91499996    1.54200006
   14.85388947    4.91499996    1.52199996
   14.85472298    4.91499996    1.63800001
   14.85583401    4.91499996    1.56099999
   14.85694504    4.91499996    1.54200006
   14.85777855    4.91499996    1.50300002
   14.85888958    4.91499996    1.38699996
   14.86000061    4.91499996    1.48399997
   14.86083412    4.91499996    1.50300002
   14.86194515    4.91499996    1.46500003
   14.86305618    4.91499996    1.46500003
   14.86388969    4.91499996    1.44500005
   14.86500072    4.91499996    1.61899996
   14.86611176    4.91499996    1.56099999
   14.86694431    4.91499996    1.58000004
   14.86805534    4.91499996    1.48399997
   14.86916637    4.91499996    1.33000004
   14.86999989    4.91499996    1.34899998
   14.87111092    4.91499996    1.42600000
   14.87194443    4.91499996    1.48399997
   14.87305546    4.91499996    1.52199996
   14.87416649    4.91499996    1.52199996
   14.87500000    4.91499996    1.52199996
   14.87611103    4.91499996    1.48399997
   14.87722206    4.91499996    1.48399997
   14.87833309    4.91499996    1.44500005
   14.87916660    4.91499996    1.46500003
   14.88027763    4.91499996    1.54200006
   14.88138866    4.91499996    1.56099999
   14.88222218    4.91499996    1.56099999
   14.88333321    4.91499996    1.67700005
   14.88416672    4.91499996    1.77300000
   14.88527775    4.91499996    1.71500003
   14.88638878    4.91499996    1.75399995
   14.88722229    4.91499996    1.71500003
   14.88833332    4.91499996    1.65699995
   14.88944435    4.91499996    1.60000002
   14.89027786    4.91499996    1.60000002
   14.89138889    4.91499996    1.60000002
   14.89249992    4.91499996    1.56099999
   14.89333344    4.91499996    1.52199996
   14.89444447    4.91499996    1.52199996
   14.89527798    4.91499996    1.61899996
   14.89638901    4.91499996    1.67700005
   14.89750004    4.91499996    1.65699995
   14.89833355    4.91499996    1.71500003
   14.89944458    4.91499996    1.77300000
   14.90055561    4.91499996    1.77300000
   14.90138817    4.91499996    1.69599998
   14.90249920    4.91499996    1.60000002
   14.90361118    4.91499996    1.67700005
   14.90444374    4.91499996    1.73399997
   14.90555477    4.91499996    1.67700005
   14.90666676    4.91499996    1.71500003
   14.90749931    4.91499996    1.67700005
   14.90861034    4.91499996    1.65699995
   14.90972137    4.91499996    1.69599998
   14.91055489    4.91499996    1.69599998
   14.91166592    4.91499996    1.65699995
   14.91277695    4.91499996    1.67700005
   14.91361046    4.91499996    1.67700005
   14.91472149    4.91499996    1.73399997
   14.91583252    4.91499996    1.77300000
   14.91666698    4.91499996    1.81200004
   14.91777802    4.91499996    1.88900006
   14.91861153    4.91499996    1.92700005
   14.91972256    4.91499996    1.86899996
   14.92083359    4.91499996    1.88900006
   14.92166710    4.91499996    1.88900006
   14.92277813    4.91499996    1.96599996
   14.92388916    4.91499996    1.92700005
   14.92472267    4.91499996    1.88900006
   14.92583370    4.91499996    1.81200004
   14.92694473    4.91499996    1.86899996
   14.92777824    4.91499996    1.83099997
   14.92888927    4.91499996    1.79200006
   14.93000031    4.91499996    1.85000002
   14.93083382    4.91499996    1.88900006
   14.93194485    4.91499996    1.88900006
   14.93305588    4.91499996    1.85000002
   14.93388939    4.91499996    1.85000002
   14.93500042    4.91499996    1.88900006
   14.93583298    4.91499996    1.88900006
   14.93694496    4.91499996    1.83099997
   14.93805599    4.91499996    1.83099997
   14.93888855    4.91499996    1.88900006
   14.94000053    4.91499996    1.98500001
   14.94111156    4.91499996    2.08100009
   14.94194412    4.91499996    2.13899994
   14.94305515    4.91499996    2.10100007
   14.94416714    4.91499996    1.98500001
   14.94499969    4.91499996    1.94700003
   14.94611073    4.91499996    1.98500001
   14.94694424    4.91499996    2.08100009
   14.94805527    4.91499996    2.10100007
   14.94916630    4.91499996    2.13899994
   14.94999981    4.91499996    2.17799997
   14.95111084    4.91499996    2.08100009
   14.95222187    4.91499996    2.08100009
   14.95305538    4.91499996    2.10100007
   14.95416641    4.91499996    2.11999989
   14.95527744    4.91499996    2.15899992
   14.95611095    4.91499996    2.10100007
   14.95722198    4.91499996    2.13899994
   14.95805550    4.91499996    2.19700003
   14.95916653    4.91499996    2.21600008
   14.96027756    4.91499996    2.17799997
   14.96111107    4.91499996    2.11999989
   14.96222210    4.91499996    2.06200004
   14.96333313    4.91499996    2.08100009
   14.96416664    4.91499996    2.13899994
   14.96527767    4.91499996    2.27399993
   14.96638870    4.91499996    2.31299996
   14.96722221    4.91499996    2.31299996
   14.96833324    4.91499996    2.25500011
   14.96944427    4.91499996    2.23600006
   14.97027779    4.91499996    2.31299996
   14.97138882    4.91499996    2.23600006
   14.97249985    4.91499996    2.17799997
   14.97333336    4.91499996    2.33200002
   14.97444439    4.91499996    2.33200002
   14.97555542    4.91499996    2.29399991
   14.97638798    4.91499996    2.31299996
   14.97749996    4.91499996    2.33200002
   14.97861099    4.91499996    2.33200002
   14.97944355    4.91499996    2.33200002
   14.98055553    4.91499996    2.35100007
   14.98166656    4.91499996    2.35100007
   14.98249912    4.91499996    2.31299996
   14.98361111    4.91499996    2.29399991
   14.98444462    4.91499996    1.75399995
   14.98555565    4.91499996    1.09800005
   14.98666668    4.91499996    1.25300002
   14.98750019    4.91499996    1.40699995
   14.98861122    4.91499996    1.83099997
   14.98972225    4.91499996    2.25500011
   14.99055576    4.91499996    2.27399993
   14.99166679    4.91499996    1.69599998
   14.99277782    4.91499996    0.96300000
   14.99361134    4.91499996    0.65499997
   14.99472237    4.91499996    1.25300002
   14.99583340    4.91499996    2.00399995
   14.99666691    4.91499996    1.36800003
   14.99777794    4.91499996    2.00399995
   14.99888897    4.91499996    1.98500001
   14.99972248    4.91499996    2.25500011
   15.00083351    4.91499996    2.25500011
   15.00194454    4.91499996    2.13899994
   15.00277805    4.91499996    1.79200006
   15.00388908    4.91499996    1.88900006
   15.00500011    4.91499996    1.75399995
   15.00583363    4.91499996    1.92700005
   15.00694466    4.91499996    2.06200004
   15.00805569    4.91499996    2.11999989
   15.00888920    4.91499996    2.15899992
   15.01000023    4.91499996    2.19700003
   15.01083374    4.91499996    2.21600008
   15.01194477    4.91499996    2.17799997
   15.01305580    4.91499996    2.21600008
   15.01388931    4.91499996    2.21600008
   15.01500034    4.91499996    2.19700003
   15.01611137    4.91499996    2.29399991
   15.01694393    4.91499996    2.39000010
   15.01805496    4.91499996    2.42799997
   15.01916599    4.91499996    2.48600006
   15.01999950    4.91499996    2.56299996
   15.02111053    4.91499996    2.56299996
   15.02222157    4.91499996    2.48600006
   15.02305508    4.91499996    2.40899992
   15.02416611    4.91499996    2.46700001
   15.02499962    4.91499996    2.39000010
   15.02611065    4.91499996    2.29399991
   15.02722168    4.91499996    2.25500011
   15.02805519    4.91499996    2.29399991
   15.02916622    4.91499996    2.27399993
   15.03027725    4.91499996    2.25500011
   15.03111076    4.91499996    2.13899994
   15.03222179    4.91499996    2.11999989
   15.03333378    4.91499996    2.17799997
   15.03444481    4.91499996    2.17799997
   15.03527832    4.91499996    2.08100009
   15.03638935    4.91499996    2.06200004
   15.03750038    4.91499996    2.02399993
   15.03833389    4.91499996    1.98500001
   15.03944492    4.91499996    1.94700003
   15.04055595    4.91499996    1.92700005
   15.04138947    4.91499996    1.92700005
   15.04250050    4.91499996    1.92700005
   15.04361153    4.91499996    1.85000002
   15.04444504    4.91499996    1.85000002
   15.04555607    4.91499996    1.90799999
   15.04666710    4.91499996    1.94700003
   15.04750061    4.91499996    1.92700005
   15.04861164    4.91499996    1.88900006
   15.04972267    4.91499996    1.86899996
   15.05055618    4.91499996    1.86899996
   15.05166721    4.91499996    1.79200006
   15.05249977    4.91499996    1.73399997
   15.05361176    4.91499996    1.71500003
   15.05472279    4.91499996    1.71500003
   15.05555534    4.91499996    1.69599998
   15.05666733    4.91499996    1.73399997
   15.05777836    4.91499996    1.67700005
   15.05861092    4.91499996    1.58000004
   15.05972195    4.91499996    1.52199996
   15.06083393    4.91499996    1.50300002
   15.06166649    4.91499996    1.58000004
   15.06277752    4.91499996    1.60000002
   15.06388950    4.91499996    1.65699995
   15.06472206    4.91499996    1.75399995
   15.06583309    4.91499996    1.81200004
   15.06694412    4.91499996    1.85000002
   15.06777763    4.91499996    1.81200004
   15.06888866    4.91499996    1.75399995
   15.06999969    4.91499996    1.77300000
   15.07083321    4.91499996    1.79200006
   15.07194424    4.91499996    1.71500003
   15.07305527    4.91499996    1.69599998
   15.07388878    4.91499996    1.42600000
   15.07499981    4.91499996    1.46500003
   15.07611084    4.91499996    1.33000004
   15.07694435    4.91499996    1.52199996
   15.07805538    4.91499996    1.40699995
   15.07916641    4.91499996    1.29100001
   15.07999992    4.91499996    1.50300002
   15.08111095    4.91499996    1.40699995
   15.08194447    4.91499996    1.02100003
   15.08305550    4.91499996    0.90600002
   15.08416653    4.91499996    0.79000002
   15.08527756    4.91499996    0.92500001
   15.08611107    4.91499996    1.46500003
   15.08722210    4.91499996    1.67700005
   15.08833313    4.91499996    1.56099999
   15.08916664    4.91499996    1.48399997
   15.09027767    4.91499996    1.42600000
   15.09138870    4.91499996    1.36800003
   15.09222221    4.91499996    1.36800003
   15.09333324    4.91499996    1.29100001
   15.09444427    4.91499996    1.33000004
   15.09527779    4.91499996    1.42600000
   15.09638882    4.91499996    1.42600000
   15.09749985    4.91499996    1.44500005
   15.09833336    4.91499996    1.48399997
   15.09944439    4.91499996    1.46500003
   15.10055637    4.91499996    1.44500005
   15.10138893    4.91499996    1.38699996
   15.10249996    4.91499996    1.46500003
   15.10333347    4.91499996    1.48399997
   15.10444450    4.91499996    1.46500003
   15.10555553    4.91499996    1.42600000
   15.10638905    4.91499996    1.38699996
   15.10750008    4.91499996    1.34899998
   15.10861111    4.91499996    1.33000004
   15.10972214    4.91499996    1.34899998
   15.11055565    4.91499996    1.36800003
   15.11166668    4.91499996    1.29100001
   15.11277771    4.91499996    1.34899998
   15.11361122    4.91499996    1.29100001
   15.11472225    4.91499996    1.17499995
   15.11555576    4.91499996    1.15600002
   15.11666679    4.91499996    1.13699996
   15.11777782    4.91499996    1.23300004
   15.11861134    4.91499996    1.30999994
   15.11972237    4.91499996    1.36800003
   15.12083340    4.91499996    1.33000004
   15.12166691    4.91499996    1.23300004
   15.12277794    4.91499996    1.17499995
   15.12388897    4.91499996    1.17499995
   15.12472248    4.91499996    1.30999994
   15.12583351    4.91499996    1.36800003
   15.12694454    4.91499996    1.38699996
   15.12777805    4.91499996    1.36800003
   15.12888908    4.91499996    1.34899998
   15.13000011    4.91499996    1.38699996
   15.13083363    4.91499996    1.38699996
   15.13194466    4.91499996    1.40699995
   15.13305569    4.91499996    1.33000004
   15.13388920    4.91499996    1.23300004
   15.13500023    4.91499996    1.09800005
   15.13583279    4.91499996    1.15600002
   15.13694477    4.91499996    1.19500005
   15.13805580    4.91499996    1.29100001
   15.13888836    4.91499996    1.34899998
   15.14000034    4.91499996    1.33000004
   15.14111137    4.91499996    1.27199996
   15.14194393    4.91499996    1.27199996
   15.14305496    4.91499996    1.34899998
   15.14416695    4.91499996    1.29100001
   15.14499950    4.91499996    1.23300004
   15.14611053    4.91499996    1.29100001
   15.14722252    4.91499996    1.42600000
   15.14833355    4.91499996    1.38699996
   15.14916611    4.91499996    1.42600000
   15.15027714    4.91499996    1.44500005
   15.15111065    4.91499996    1.48399997
   15.15222168    4.91499996    1.46500003
   15.15333271    4.91499996    1.44500005
   15.15416622    4.91499996    1.46500003
   15.15527725    4.91499996    1.44500005
   15.15638828    4.91499996    1.42600000
   15.15722179    4.91499996    1.38699996
   15.15833282    4.91499996    1.38699996
   15.15944386    4.91499996    1.38699996
   15.16027737    4.91499996    1.48399997
   15.16138840    4.91499996    1.65699995
   15.16249943    4.91499996    1.61899996
   15.16333294    4.91499996    1.54200006
   15.16444397    4.91499996    1.50300002
   15.16555500    4.91499996    1.38699996
   15.16638851    4.91499996    1.29100001
   15.16750050    4.91499996    1.25300002
   15.16861153    4.91499996    1.19500005
   15.16944504    4.91499996    1.23300004
   15.17055607    4.91499996    1.29100001
   15.17166710    4.91499996    1.33000004
   15.17250061    4.91499996    1.27199996
   15.17361164    4.91499996    1.27199996
   15.17472267    4.91499996    1.29100001
   15.17555618    4.91499996    1.30999994
   15.17666721    4.91499996    1.25300002
   15.17750072    4.91499996    1.19500005
   15.17861176    4.91499996    1.27199996
   15.17972279    4.91499996    1.23300004
   15.18083382    4.91499996    1.15600002
   15.18166733    4.91499996    1.02100003
   15.18277836    4.91499996    0.71300000
   15.18361092    4.91499996    0.48100001
   15.18472195    4.91499996    0.48100001
   15.18583298    4.91499996    0.32699999
   15.18694496    4.91499996    0.19200000
   15.18777752    4.91499996    0.19200000
   15.18888855    4.91499996    0.23100001
   15.18972206    4.91499996    0.36600000
   15.19083309    4.91499996    0.55900002
   15.19194412    4.91499996    0.51999998
   15.19277763    4.91499996    0.44299999
   15.19388866    4.91499996    0.42399999
   15.19499969    4.91499996    0.40400001
   15.19583321    4.91499996    0.38499999
   15.19694424    4.91499996    0.40400001
   15.19805527    4.91499996    0.34599999
   15.19888878    4.91499996    0.32699999
   15.19999981    4.91499996    0.32699999
   15.20111084    4.91499996    0.32699999
   15.20194435    4.91499996    0.30800000
   15.20305538    4.91499996    0.28900000
   15.20416641    4.91499996    0.25000000
   15.20499992    4.91499996    0.25000000
   15.20611095    4.91499996    0.26899999
   15.20722198    4.91499996    0.25000000
   15.20805550    4.91499996    0.25000000
   15.20916653    4.91499996    0.26899999
   15.21000004    4.91499996    0.26899999
   15.21111107    4.91499996    0.28900000
   15.21222210    4.91499996    0.28900000
   15.21333313    4.91499996    0.28900000
   15.21416664    4.91499996    0.26899999
   15.21527767    4.91499996    0.26899999
   15.21638870    4.91499996    0.26899999
   15.21722221    4.91499996    0.26899999
   15.21833324    4.91499996    0.25000000
   15.21944427    4.91499996    0.25000000
   15.22055531    4.91499996    0.23100001
   15.22138882    4.91499996    0.23100001
   15.22249985    4.91499996    0.23100001
   15.22361088    4.91499996    0.23100001
   15.22444439    4.91499996    0.23100001
   15.22555542    4.91499996    0.23100001
   15.22666645    4.91499996    0.23100001
   15.22749996    4.91499996    0.23100001
   15.22861099    4.91499996    0.23100001
   15.22944355    4.91499996    0.21200000
   15.23055553    4.91499996    0.21200000
   15.23166656    4.91499996    0.19200000
   15.23249912    4.91499996    0.15400000
   15.23361111    4.91499996    0.13400000
   15.23472214    4.91499996    0.13400000
   15.23583317    4.91499996    0.11500000
   15.23666668    4.91499996    0.11500000
   15.23777771    4.91499996    0.09600000
   15.23888874    4.91499996    0.09600000
   15.23972225    4.91499996    0.07700000
   15.24083328    4.91499996    0.07700000
   15.24166679    4.91499996    0.07700000
   15.24277782    4.91499996    0.07700000
   15.24388885    4.91499996    0.07700000
   15.24472237    4.91499996    0.07700000
   15.24583340    4.91499996    0.05700000
   15.24694443    4.91499996    0.05700000
   15.24777794    4.91499996    0.05700000
   15.24888897    4.91499996    0.05700000
   15.25000000    4.91499996    0.05700000
   15.25083351    4.91499996    0.05700000
   15.25194454    4.91499996    0.07700000
   15.25305557    4.91499996    0.07700000
   15.25388908    4.91499996    0.07700000
   15.25500011    4.91499996    0.07700000
   15.25611115    4.91499996    0.07700000
   15.25694466    4.91499996    0.07700000
   15.25805569    4.91499996    0.09600000
   15.25916672    4.91499996    0.09600000
   15.26000023    4.91499996    0.09600000
   15.26111126    4.91499996    0.07700000
   15.26222229    4.91499996    0.09600000
   15.26305580    4.91499996    0.09600000
   15.26416683    4.91499996    0.09600000
   15.26500034    4.91499996    0.09600000
   15.26611137    4.91499996    0.09600000
   15.26722240    4.91499996    0.09600000
   15.26805496    4.91499996    0.11500000
   15.26916599    4.91499996    0.13400000
   15.27027798    4.91499996    0.13400000
   15.27111053    4.91499996    0.13400000
   15.27222157    4.91499996    0.15400000
   15.27333355    4.91499996    0.15400000
   15.27416611    4.91499996    0.17299999
   15.27527714    4.91499996    0.19200000
   15.27638817    4.91499996    0.21200000
   15.27722168    4.91499996    0.23100001
   15.27833271    4.91499996    0.25000000
   15.27944374    4.91499996    0.26899999
   15.28027725    4.91499996    0.26899999
   15.28138828    4.91499996    0.28900000
   15.28222179    4.91499996    0.34599999
   15.28333378    4.91499996    0.42399999
   15.28444481    4.91499996    0.48100001
   15.28527832    4.91499996    0.51999998
   15.28638935    4.91499996    0.67400002
   15.28750038    4.91499996    0.75099999
   15.28833389    4.91499996    0.69300002
   15.28944492    4.91499996    0.67400002
   15.29055595    4.91499996    0.67400002
   15.29138947    4.91499996    0.65499997
   15.29250050    4.91499996    0.61600000
   15.29361153    4.91499996    0.65499997
   15.29444504    4.91499996    0.69300002
   15.29555607    4.91499996    0.63599998
   15.29666710    4.91499996    0.63599998
   15.29750061    4.91499996    0.73199999
   15.29861164    4.91499996    0.77100003
   15.29972267    4.91499996    0.69300002
   15.30055618    4.91499996    0.71300000
   15.30166721    4.91499996    0.69300002
   15.30277824    4.91499996    0.53899997
   15.30361176    4.91499996    0.48100001
   15.30472279    4.91499996    0.50099999
   15.30583382    4.91499996    0.48100001
   15.30666733    4.91499996    0.46200001
   15.30777836    4.91499996    0.48100001
   15.30861092    4.91499996    0.48100001
   15.30972195    4.91499996    0.53899997
   15.31083393    4.91499996    0.63599998
   15.31166649    4.91499996    0.67400002
   15.31277752    4.91499996    0.63599998
   15.31388950    4.91499996    0.61600000
   15.31472206    4.91499996    0.67400002
   15.31583309    4.91499996    0.73199999
   15.31694412    4.91499996    0.88599998
   15.31777763    4.91499996    0.98299998
   15.31888866    4.91499996    1.05999994
   15.31999969    4.91499996    1.25300002
   15.32083321    4.91499996    1.50300002
   15.32194424    4.91499996    1.79200006
   15.32305527    4.91499996    1.85000002
   15.32388878    4.91499996    1.77300000
   15.32499981    4.91499996    1.71500003
   15.32611084    4.91499996    1.44500005
   15.32694435    4.91499996    1.17499995
   15.32805538    4.91499996    1.11800003
   15.32916641    4.91499996    1.27199996
   15.32999992    4.91499996    1.50300002
   15.33111095    4.91499996    1.46500003
   15.33222198    4.91499996    1.36800003
   15.33305550    4.91499996    1.46500003
   15.33416653    4.91499996    1.63800001
   15.33527756    4.91499996    1.67700005
   15.33611107    4.91499996    1.56099999
   15.33722210    4.91499996    1.85000002
   15.33833313    4.91499996    1.63800001
   15.33916664    4.91499996    1.30999994
   15.34027767    4.91499996    1.44500005
   15.34138870    4.91499996    1.46500003
   15.34222221    4.91499996    1.38699996
   15.34333324    4.91499996    1.09800005
   15.34444427    4.91499996    0.94400001
   15.34527779    4.91499996    0.92500001
   15.34638882    4.91499996    1.05999994
   15.34749985    4.91499996    1.13699996
   15.34833336    4.91499996    1.11800003
   15.34944439    4.91499996    1.00199997
   15.35055637    4.91499996    0.86699998
   15.35138893    4.91499996    0.75099999
   15.35249996    4.91499996    0.73199999
   15.35361195    4.91499996    0.75099999
   15.35444450    4.91499996    0.65499997
   15.35555553    4.91499996    0.55900002
   15.35638905    4.91499996    0.55900002
   15.35750008    4.91499996    0.53899997
   15.35861111    4.91499996    0.55900002
   15.35944462    4.91499996    0.59700000
   15.36055565    4.91499996    0.59700000
   15.36166668    4.91499996    0.55900002
   15.36250019    4.91499996    0.65499997
   15.36361122    4.91499996    0.80900002
   15.36472225    4.91499996    0.86699998
   15.36555576    4.91499996    1.02100003
   15.36666679    4.91499996    1.42600000
   15.36777782    4.91499996    1.67700005
   15.36861134    4.91499996    1.46500003
   15.36972237    4.91499996    1.33000004
   15.37083340    4.91499996    1.19500005
   15.37166691    4.91499996    1.11800003
   15.37277794    4.91499996    1.02100003
   15.37388897    4.91499996    0.90600002
   15.37472248    4.91499996    0.84799999
   15.37583351    4.91499996    0.82800001
   15.37666702    4.91499996    0.84799999
   15.37777805    4.91499996    0.82800001
   15.37888908    4.91499996    0.77100003
   15.37972260    4.91499996    0.69300002
   15.38083363    4.91499996    0.63599998
   15.38194466    4.91499996    0.61600000
   15.38305569    4.91499996    0.69300002
   15.38388920    4.91499996    0.75099999
   15.38500023    4.91499996    0.80900002
   15.38611126    4.91499996    0.82800001
   15.38694477    4.91499996    0.80900002
   15.38805580    4.91499996    0.80900002
   15.38888836    4.91499996    0.86699998
   15.39000034    4.91499996    0.94400001
   15.39111137    4.91499996    1.02100003
   15.39194393    4.91499996    1.05999994
   15.39305496    4.91499996    1.09800005
   15.39416695    4.91499996    0.96300000
   15.39527798    4.91499996    0.73199999
   15.39611053    4.91499996    0.86699998
   15.39722252    4.91499996    0.77100003
   15.39833355    4.91499996    0.51999998
   15.39916611    4.91499996    0.38499999
   15.40027714    4.91499996    0.32699999
   15.40138817    4.91499996    0.23100001
   15.40222168    4.91499996    0.19200000
   15.40333271    4.91499996    0.19200000
   15.40444374    4.91499996    0.17299999
   15.40527725    4.91499996    0.15400000
   15.40638828    4.91499996    0.11500000
   15.40749931    4.91499996    0.09600000
   15.40833282    4.91499996    0.07700000
   15.40944386    4.91499996    0.05700000
   15.41055489    4.91499996    0.03800000
   15.41138840    4.91499996    0.01900000
