    HOUR (UT)     SKY TESTER    SUN TESTER
   14.75138855    0.07700000    0.01900000
   14.75305557    0.07700000    0.01900000
   14.75472260    0.07700000    0.05700000
   14.75638866    0.09600000    0.11500000
   14.75805569    0.11500000    0.21200000
   14.75972176    0.11500000    0.30800000
   14.76138878    0.13400000    0.38499999
   14.76305580    0.11500000    0.42399999
   14.76472187    0.09600000    0.44299999
   14.76611137    0.09600000    0.42399999
   14.76805496    0.09600000    0.42399999
   14.76944447    1.09800005    2.67899990
   14.77111053    1.54200006    2.67899990
   14.77277756    1.19500005    2.67899990
   14.77444458    0.98299998    2.67899990
   14.77611065    0.69300002    2.69799995
   14.77805519    0.59700000    2.69799995
   14.77972221    0.67400002    2.69799995
   14.78138828    0.79000002    2.67899990
   14.78305531    0.88599998    2.67899990
   14.78500080    0.92500001    2.66000009
   14.78638935    0.82800001    2.67899990
   14.78861141    0.84799999    2.66000009
   14.79055595    0.80900002    2.67899990
   14.79222298    0.90600002    2.67899990
   14.79388905    0.88599998    2.67899990
   14.79555607    0.84799999    2.67899990
   14.79722309    0.80900002    2.67899990
   14.79750061    0.79000002    2.66000009
   14.79916668    0.75099999    2.66000009
   14.86250019    0.59700000    2.69799995
   14.86444473    0.59700000    2.69799995
   14.86555576    0.57800001    2.69799995
   14.86611176    0.57800001    2.67899990
   14.86666679    0.57800001    2.67899990
   14.86861134    0.57800001    2.69799995
   14.86916637    0.57800001    2.69799995
   14.86999989    0.57800001    2.67899990
   14.87055588    0.57800001    2.69799995
   14.87138939    0.59700000    2.69799995
   14.87222195    0.59700000    2.69799995
   14.87277794    0.59700000    2.71799994
   14.87361145    0.61600000    2.69799995
   14.87444496    0.61600000    2.69799995
   14.87500000    0.63599998    2.69799995
   14.87583351    0.61600000    2.69799995
   14.87666702    0.63599998    2.69799995
   14.87722206    0.67400002    2.69799995
   14.87805557    0.71300000    2.67899990
   14.87888908    0.75099999    2.67899990
   14.87944412    0.75099999    2.69799995
   14.88027763    0.77100003    2.69799995
   14.88083363    0.79000002    2.69799995
   14.88138866    0.80900002    2.69799995
   14.88361073    0.86699998    2.67899990
   14.88388920    0.86699998    2.69799995
   14.88444424    0.80900002    2.69799995
   14.88722229    0.86699998    2.67899990
   14.89222240    1.03999996    2.69799995
   14.89444447    0.96300000    2.69799995
   14.89888859    0.71300000    2.69799995
   14.90138817    0.71300000    2.69799995
   14.90555477    0.69300002    2.69799995
   14.91166592    0.69300002    2.69799995
   14.91388893    0.73199999    2.69799995
   14.91444397    0.75099999    2.67899990
   14.91472149    0.75099999    2.69799995
   14.91527748    0.75099999    2.69799995
   14.91777802    0.84799999    2.69799995
   14.92277813    0.86699998    2.69799995
   14.92611122    0.88599998    2.69799995
   14.92861176    0.90600002    2.69799995
   14.92888927    0.92500001    2.69799995
   14.92944431    0.92500001    2.69799995
   14.93000031    0.92500001    2.69799995
   14.93055630    0.92500001    2.69799995
   14.93111134    0.94400001    2.69799995
   14.93138885    0.94400001    2.69799995
   14.93194485    0.96300000    2.69799995
   14.93249989    0.96300000    2.69799995
   14.93305588    0.98299998    2.69799995
   14.93361092    0.98299998    2.69799995
   14.93388939    1.00199997    2.69799995
   14.93444443    1.02100003    2.69799995
   14.93500042    1.02100003    2.69799995
   14.93527794    1.02100003    2.69799995
   14.93583298    1.02100003    2.67899990
   14.93638897    1.02100003    2.69799995
   14.93694496    1.02100003    2.69799995
   14.93750000    1.00199997    2.69799995
   14.93944454    0.98299998    2.69799995
   14.94055557    0.98299998    2.69799995
   14.94138908    1.00199997    2.69799995
   14.94194412    1.02100003    2.69799995
   14.94361115    1.11800003    2.69799995
   14.94750023    1.63800001    2.67899990
   14.94972229    2.02399993    2.66000009
   14.95027733    2.13899994    2.66000009
   14.95083332    2.29399991    2.66000009
   14.95138836    2.42799997    2.66000009
   14.95194435    2.56299996    2.66000009
   14.95222187    2.73699999    2.64000010
   14.95277786    2.93000007    2.64000010
   14.95333290    3.12199998    2.64000010
   14.95388889    3.33400011    2.64000010
   14.95416641    3.54699993    2.64000010
   14.95472240    3.83599997    2.64000010
   14.95555496    4.14400005    2.64000010
   14.95611095    4.45300007    2.62100005
   14.95638847    4.68400002    2.64000010
   14.95694447    4.83799982    2.62100005
   14.95749950    4.91499996    2.62100005
   14.95805550    4.91499996    2.62100005
   14.95861053    4.91499996    2.62100005
   14.95888901    4.91499996    2.62100005
   14.96055508    4.91499996    2.58299994
   14.96166611    4.91499996    2.60200000
   14.96249962    4.91499996    2.58299994
   14.96361065    4.91499996    2.62100005
   14.96472168    4.91499996    2.58299994
   14.96583271    4.91499996    2.52500010
   14.96666622    4.91499996    2.44799995
   14.96777725    4.91499996    2.40899992
   14.96888828    4.91499996    2.37100005
   14.96972179    4.91499996    2.33200002
   14.97083282    4.91499996    2.39000010
   14.97166634    4.91499996    2.46700001
   14.97277737    4.91499996    2.44799995
   14.97388840    4.91499996    2.42799997
   14.97472191    4.91499996    2.40899992
   14.97583294    4.91499996    2.40899992
   14.97694397    4.91499996    2.46700001
   14.97777748    4.91499996    2.42799997
   14.97888851    4.91499996    2.42799997
   14.97999954    4.91499996    2.44799995
   14.98083305    4.91499996    2.50600004
   14.98194408    4.91499996    2.54399991
   14.98305511    4.91499996    2.56299996
   14.98388958    4.91499996    2.60200000
   14.98500061    4.91499996    2.62100005
   14.98611164    4.91499996    2.64000010
   14.98694515    4.91499996    2.66000009
   14.98805618    4.91499996    2.64000010
   14.98916721    4.87699986    2.64000010
   14.99000072    4.66499996    2.64000010
   14.99111176    4.47200012    2.64000010
   14.99222279    4.29799986    2.64000010
   14.99305534    4.16300011    2.67899990
   14.99416733    4.02799988    2.67899990
   14.99527836    3.95099998    2.67899990
   14.99611092    3.93199992    2.67899990
   14.99722290    3.93199992    2.67899990
   14.99805546    3.97099996    2.67899990
   14.99916649    4.02799988    2.67899990
   15.00027752    4.04799986    2.69799995
   15.00111103    4.02799988    2.67899990
   15.00222206    3.99000001    2.67899990
   15.00305557    4.00899982    2.66000009
   15.00416660    4.00899982    2.67899990
   15.00527763    4.02799988    2.66000009
   15.00611115    4.00899982    2.66000009
   15.00722218    3.97099996    2.66000009
   15.00833321    3.89400005    2.67899990
   15.00944424    3.79699993    2.67899990
   15.01027775    3.66199994    2.67899990
   15.01138878    3.56599998    2.66000009
   15.01249981    3.48900008    2.64000010
   15.01333332    3.46900010    2.62100005
   15.01444435    3.45000005    2.62100005
   15.01555538    3.41199994    2.64000010
   15.01638889    3.29600000    2.64000010
   15.01749992    3.14199996    2.64000010
   15.01861095    2.94899988    2.64000010
   15.01944447    2.73699999    2.66000009
   15.02055550    2.50600004    2.66000009
   15.02166653    2.23600006    2.67899990
   15.02277756    1.98500001    2.67899990
   15.02388859    1.73399997    2.69799995
   15.02444458    1.58000004    2.69799995
   15.02499962    1.46500003    2.69799995
   15.02555561    1.38699996    2.69799995
   15.02611065    1.33000004    2.69799995
   15.02666664    1.27199996    2.69799995
   15.02722168    1.21399999    2.69799995
   15.02777767    1.17499995    2.69799995
   15.02833271    1.11800003    2.69799995
   15.02999973    0.96300000    2.69799995
   15.03083324    0.92500001    2.69799995
   15.03138828    0.88599998    2.67899990
   15.03222179    0.88599998    2.67899990
   15.03305531    0.86699998    2.67899990
   15.03361130    0.86699998    2.67899990
   15.03444481    0.86699998    2.69799995
   15.03500080    0.86699998    2.69799995
   15.03583336    0.84799999    2.69799995
   15.03666687    0.84799999    2.69799995
   15.03722286    0.84799999    2.69799995
   15.03805637    0.86699998    2.69799995
   15.04111195    0.90600002    2.69799995
   15.04194450    0.94400001    2.69799995
   15.04277802    0.94400001    2.71799994
   15.04333401    0.96300000    2.69799995
   15.04666710    0.98299998    2.69799995
   15.05111122    1.00199997    2.69799995
   15.05722237    0.86699998    2.69799995
   15.05944443    0.80900002    2.69799995
   15.06277752    0.79000002    2.71799994
   15.06500053    0.79000002    2.69799995
   15.06527805    0.79000002    2.69799995
   15.06583309    0.80900002    2.69799995
   15.06638908    0.80900002    2.71799994
   15.06916618    0.94400001    2.69799995
   15.07277775    1.44500005    2.69799995
   15.07638836    2.89100003    2.66000009
   15.07972240    4.91499996    2.64000010
   15.08083344    4.91499996    2.66000009
   15.08166695    4.91499996    2.60200000
   15.08277798    4.91499996    2.50600004
   15.08388901    4.91499996    2.54399991
   15.08472157    4.91499996    2.46700001
   15.08583260    4.91499996    2.40899992
   15.08694458    4.91499996    2.25500011
   15.08777714    4.91499996    2.11999989
   15.08888817    4.91499996    1.92700005
   15.08972168    4.91499996    1.77300000
   15.09083271    4.91499996    1.61899996
   15.09194374    4.91499996    1.52199996
   15.09277725    4.91499996    1.50300002
   15.09388828    4.91499996    1.61899996
   15.09499931    4.91499996    1.81200004
   15.09583282    4.91499996    1.83099997
   15.09694386    4.91499996    1.73399997
   15.09805489    4.91499996    1.63800001
   15.09888840    4.91499996    1.60000002
   15.10000038    4.91499996    1.56099999
   15.10111141    4.91499996    1.46500003
   15.10194492    4.91499996    1.40699995
   15.10305595    4.91499996    1.40699995
   15.10416698    4.91499996    1.48399997
   15.10500050    4.91499996    1.77300000
   15.10611153    4.91499996    2.17799997
   15.10722256    4.91499996    2.52500010
   15.10805607    4.91499996    2.60200000
   15.10916710    4.91499996    2.60200000
   15.11000061    4.91499996    2.58299994
   15.11111164    4.91499996    2.56299996
   15.11222267    4.91499996    2.54399991
   15.11305618    4.91499996    2.54399991
   15.11416721    4.91499996    2.56299996
   15.11527824    4.91499996    2.54399991
   15.11611176    4.91499996    2.58299994
   15.11722279    4.91499996    2.54399991
   15.11833382    4.91499996    2.58299994
   15.11916637    4.91499996    2.58299994
   15.12027836    4.91499996    2.60200000
   15.12111092    4.91499996    2.62100005
   15.12222195    4.91499996    2.60200000
   15.12333393    4.91499996    2.58299994
   15.12444496    4.91499996    2.60200000
   15.12527752    4.91499996    2.66000009
   15.12638855    4.91499996    2.64000010
   15.12722206    4.91499996    2.66000009
   15.12833309    4.91499996    2.69799995
   15.12944412    4.91499996    2.69799995
   15.13027763    4.91499996    2.69799995
   15.13138866    4.91499996    2.69799995
   15.13249969    4.91499996    2.67899990
   15.13333321    4.91499996    2.67899990
   15.13444424    4.91499996    2.66000009
   15.13555527    4.91499996    2.60200000
   15.13638878    4.91499996    2.48600006
   15.13749981    4.91499996    2.48600006
   15.13861084    4.91499996    2.44799995
   15.13944435    4.91499996    2.42799997
   15.14055538    4.91499996    2.42799997
   15.14138889    4.91499996    2.37100005
   15.14249992    4.91499996    2.35100007
   15.14361095    4.91499996    2.40899992
   15.14444447    4.91499996    2.46700001
   15.14555550    4.91499996    2.44799995
   15.14666653    4.91499996    2.39000010
   15.14750004    4.91499996    2.37100005
   15.14861107    4.91499996    2.39000010
   15.14972210    4.91499996    2.25500011
   15.15055561    4.91499996    2.11999989
   15.15166664    4.91499996    2.02399993
   15.15277767    4.91499996    1.94700003
   15.15361118    4.91499996    1.83099997
   15.15472221    4.91499996    1.77300000
   15.15583324    4.91499996    1.75399995
   15.15694427    4.91499996    1.71500003
   15.15777779    4.91499996    1.75399995
   15.15888882    4.91499996    1.73399997
   15.15972137    4.91499996    1.98500001
   15.16083336    4.91499996    2.33200002
   15.16194439    4.91499996    2.08100009
   15.16277695    4.91499996    1.96599996
   15.16388893    4.91499996    2.00399995
   15.16499996    4.91499996    1.90799999
   15.16583252    4.91499996    1.85000002
   15.16694450    4.91499996    2.00399995
   15.16805553    4.91499996    2.04299998
   15.16888905    4.91499996    2.08100009
   15.17000008    4.91499996    2.23600006
   15.17111111    4.91499996    2.31299996
   15.17194462    4.91499996    2.29399991
   15.17305565    4.91499996    2.25500011
   15.17416668    4.91499996    2.29399991
   15.17500019    4.91499996    2.44799995
   15.17611122    4.91499996    2.54399991
   15.17722225    4.91499996    2.62100005
   15.17805576    4.91499996    2.67899990
   15.17916679    4.91499996    2.67899990
   15.18027782    4.91499996    2.67899990
   15.18111134    4.87699986    2.67899990
   15.18222237    3.87400007    2.69799995
   15.18305588    3.39199996    2.66000009
   15.18416691    3.48900008    2.67899990
   15.18527794    3.95099998    2.69799995
   15.18638897    4.54899979    2.69799995
   15.18722248    4.91499996    2.66000009
   15.18833351    4.91499996    2.67899990
   15.18944454    4.91499996    2.69799995
   15.19027805    4.91499996    2.69799995
   15.19138908    4.91499996    2.69799995
   15.19222260    4.91499996    2.73699999
   15.19333363    4.91499996    2.71799994
   15.19444466    4.91499996    2.71799994
   15.19527817    4.89599991    2.71799994
   15.19638920    3.72000003    2.71799994
   15.19750023    2.52500010    2.71799994
   15.19833374    1.79200006    2.69799995
   15.19972229    1.19500005    2.69799995
   15.20027733    1.00199997    2.69799995
   15.20111084    0.88599998    2.69799995
   15.20166683    0.80900002    2.69799995
   15.20222187    0.80900002    2.69799995
   15.20277786    0.79000002    2.69799995
   15.20305538    0.77100003    2.69799995
   15.20388889    0.77100003    2.69799995
   15.20444393    0.79000002    2.69799995
   15.20611095    0.77100003    2.69799995
   15.20694447    0.77100003    2.67899990
   15.20749950    0.79000002    2.67899990
   15.20833302    0.80900002    2.69799995
   15.20888901    0.80900002    2.69799995
   15.20972157    0.84799999    2.69799995
   15.21055508    0.82800001    2.69799995
   15.21111107    0.84799999    2.69799995
   15.21194458    0.82800001    2.69799995
   15.21249962    0.86699998    2.71799994
   15.21333313    0.84799999    2.69799995
   15.21416664    0.84799999    2.69799995
   15.21472168    0.84799999    2.69799995
   15.21555519    0.84799999    2.69799995
   15.21638870    0.82800001    2.69799995
   15.21722221    0.82800001    2.71799994
   15.21777725    0.82800001    2.69799995
   15.21861076    0.82800001    2.69799995
   15.21916580    0.80900002    2.69799995
   15.21999931    0.79000002    2.69799995
   15.22083282    0.79000002    2.69799995
   15.22305489    0.77100003    2.69799995
   15.22361088    0.79000002    2.69799995
   15.22583294    0.77100003    2.71799994
   15.22611046    0.77100003    2.69799995
   15.22666645    0.77100003    2.69799995
   15.22833252    0.77100003    2.69799995
   15.23194408    0.80900002    2.71799994
   15.23583317    0.80900002    2.69799995
   15.23916721    0.88599998    2.69799995
   15.24277782    0.77100003    2.69799995
   15.24666691    0.77100003    2.71799994
   15.25027752    0.77100003    2.69799995
   15.25388908    0.71300000    2.69799995
   15.25777817    0.63599998    2.69799995
   15.26138878    0.57800001    2.71799994
   15.26472187    0.55900002    2.71799994
   15.26888847    0.42399999    2.71799994
   15.27222157    0.40400001    2.71799994
   15.27583313    0.40400001    2.71799994
   15.27972221    0.40400001    2.71799994
   15.28333378    0.40400001    2.71799994
   15.28694534    0.40400001    2.71799994
   15.29305553    0.40400001    2.71799994
   15.29666710    0.40400001    2.71799994
   15.30027771    0.44299999    2.71799994
   15.30388927    0.44299999    2.71799994
   15.30749989    0.48100001    2.71799994
   15.31111145    0.51999998    2.69799995
   15.31500053    0.57800001    2.71799994
   15.31833363    0.63599998    2.69799995
   15.32194424    0.65499997    2.71799994
   15.32583332    0.69300002    2.71799994
   15.32944393    0.67400002    2.71799994
   15.33305550    0.59700000    2.71799994
   15.33694458    0.57800001    2.69799995
   15.34027767    0.55900002    2.71799994
   15.34388828    0.57800001    2.71799994
   15.34777737    0.51999998    2.71799994
   15.35111141    0.53899997    2.71799994
   15.35472298    0.51999998    2.71799994
   15.35861111    0.50099999    2.71799994
   15.36222267    0.46200001    2.71799994
   15.36583328    0.44299999    2.71799994
   15.36972237    0.42399999    2.71799994
   15.37305546    0.40400001    2.71799994
   15.37666702    0.40400001    2.71799994
   15.38055611    0.36600000    2.71799994
   15.38472176    0.36600000    2.71799994
   15.38500023    0.38499999    2.71799994
   15.38555527    0.38499999    2.71799994
   15.38611126    0.36600000    2.71799994
   15.38777733    0.36600000    2.71799994
   15.39138889    0.36600000    2.71799994
   15.39722252    0.34599999    2.71799994
   15.40111065    0.34599999    2.71799994
   15.40444374    0.36600000    2.71799994
   15.40833282    0.36600000    2.71799994
   15.41194439    0.36600000    2.71799994
   15.41777802    0.36600000    2.71799994
   15.42166710    0.36600000    2.71799994
   15.42527771    0.36600000    2.71799994
   15.42861176    0.38499999    2.71799994
   15.43249989    0.36600000    2.71799994
   15.43638897    0.36600000    2.71799994
   15.43972206    0.34599999    2.71799994
   15.44361115    0.34599999    2.71799994
   15.44722271    0.34599999    2.71799994
   15.45083332    0.34599999    2.71799994
   15.45499992    0.34599999    2.71799994
   15.45833302    0.36600000    2.73699999
   15.46194458    0.36600000    2.71799994
   15.46583271    0.36600000    2.73699999
   15.46944427    0.38499999    2.71799994
   15.47277737    0.40400001    2.71799994
   15.47666645    0.44299999    2.71799994
   15.48027706    0.48100001    2.71799994
   15.48388958    0.51999998    2.71799994
   15.48777771    0.51999998    2.71799994
   15.49111176    0.53899997    2.71799994
   15.49499989    0.53899997    2.71799994
   15.49861145    0.55900002    2.71799994
   15.50222206    0.59700000    2.71799994
   15.50555515    0.65499997    2.71799994
   15.51166630    0.65499997    2.71799994
   15.51527786    0.65499997    2.71799994
   15.51888847    0.63599998    2.69799995
   15.52277756    0.61600000    2.71799994
   15.52638817    0.55900002    2.71799994
   15.52999973    0.53899997    2.71799994
   15.53388977    0.53899997    2.71799994
   15.53750038    0.53899997    2.71799994
   15.54111195    0.51999998    2.71799994
   15.54500008    0.50099999    2.71799994
   15.54861164    0.50099999    2.73699999
   15.55222225    0.51999998    2.71799994
   15.55611134    0.57800001    2.71799994
   15.55944443    0.61600000    2.71799994
   15.56305599    0.63599998    2.71799994
   15.56722260    0.63599998    2.71799994
   15.56750011    0.63599998    2.71799994
   15.56972218    0.63599998    2.71799994
   15.57027817    0.63599998    2.71799994
   15.57222176    0.61600000    2.71799994
   15.57583332    0.61600000    2.71799994
   15.57916641    0.61600000    2.71799994
   15.58305550    0.63599998    2.71799994
   15.58666611    0.63599998    2.71799994
   15.59027767    0.61600000    2.71799994
   15.59416676    0.59700000    2.71799994
   15.59777737    0.59700000    2.73699999
   15.60138893    0.57800001    2.71799994
   15.60500050    0.57800001    2.71799994
   15.60861111    0.57800001    2.71799994
   15.61222267    0.53899997    2.71799994
   15.61611176    0.51999998    2.71799994
   15.61972237    0.50099999    2.71799994
   15.62333393    0.50099999    2.71799994
   15.62694454    0.50099999    2.71799994
   15.63055611    0.48100001    2.71799994
   15.63444424    0.50099999    2.71799994
   15.63833332    0.53899997    2.71799994
   15.64194393    0.53899997    2.73699999
   15.64555550    0.53899997    2.73699999
   15.64944458    0.55900002    2.71799994
   15.65305519    0.55900002    2.71799994
   15.65638828    0.55900002    2.71799994
   15.66027737    0.57800001    2.71799994
   15.66388893    0.55900002    2.71799994
   15.66972256    0.57800001    2.71799994
   15.67361164    0.55900002    2.73699999
   15.67722225    0.55900002    2.73699999
   15.68055630    0.53899997    2.71799994
   15.68472195    0.51999998    2.73699999
   15.68805599    0.55900002    2.71799994
   15.69166660    0.55900002    2.71799994
   15.69527817    0.57800001    2.71799994
   15.69888878    0.57800001    2.71799994
   15.70249939    0.57800001    2.71799994
   15.70638847    0.55900002    2.71799994
   15.71000004    0.51999998    2.71799994
   15.71361065    0.51999998    2.71799994
   15.71722221    0.50099999    2.71799994
   15.72083282    0.51999998    2.71799994
   15.72444439    0.51999998    2.71799994
   15.72833252    0.50099999    2.73699999
   15.73222160    0.53899997    2.71799994
   15.73583317    0.53899997    2.73699999
   15.73972225    0.50099999    2.71799994
   15.74333382    0.50099999    2.73699999
   15.74694443    0.51999998    2.73699999
   15.75055599    0.55900002    2.73699999
   15.75416660    0.55900002    2.71799994
   15.75777817    0.55900002    2.71799994
   15.76166630    0.51999998    2.73699999
   15.76527786    0.48100001    2.73699999
   15.76888847    0.48100001    2.71799994
   15.77277756    0.48100001    2.73699999
   15.77611065    0.50099999    2.73699999
   15.77972221    0.50099999    2.73699999
   15.78361130    0.50099999    2.73699999
   15.78805637    0.51999998    2.73699999
   15.79027843    0.50099999    2.73699999
   15.79083347    0.50099999    2.73699999
   15.79111195    0.51999998    2.73699999
   15.79166698    0.51999998    2.73699999
   15.79555607    0.53899997    2.73699999
   15.79666710    0.53899997    2.73699999
   15.79833412    0.51999998    2.73699999
   15.80138874    0.51999998    2.73699999
   15.80222225    0.51999998    2.73699999
   15.80305576    0.50099999    2.73699999
   15.80361176    0.50099999    2.73699999
   15.80444431    0.48100001    2.73699999
   15.80500031    0.48100001    2.73699999
   15.80805588    0.48100001    2.73699999
   15.81083393    0.46200001    2.73699999
   15.81527805    0.51999998    2.73699999
   15.81944466    0.57800001    2.73699999
   15.82166672    0.57800001    2.73699999
   15.82222176    0.55900002    2.71799994
   15.82277775    0.55900002    2.73699999
   15.82333374    0.55900002    2.73699999
   15.82388878    0.55900002    2.73699999
   15.82416630    0.55900002    2.73699999
   15.82472229    0.55900002    2.73699999
   15.82527733    0.55900002    2.73699999
   15.82583332    0.55900002    2.71799994
   15.82638836    0.55900002    2.73699999
   15.82694435    0.55900002    2.73699999
   15.82722187    0.55900002    2.71799994
   15.82777786    0.55900002    2.73699999
   15.82833290    0.55900002    2.73699999
   15.82861137    0.55900002    2.73699999
   15.82916641    0.55900002    2.73699999
   15.82972240    0.55900002    2.73699999
   15.83027744    0.55900002    2.73699999
   15.83083344    0.55900002    2.73699999
   15.83388901    0.53899997    2.73699999
   15.83833313    0.51999998    2.73699999
   15.84222221    0.50099999    2.73699999
   15.84277725    0.50099999    2.75600004
   15.84611034    0.48100001    2.73699999
   15.84833336    0.46200001    2.73699999
   15.84888840    0.48100001    2.71799994
   15.84944439    0.48100001    2.75600004
   15.85194492    0.44299999    2.75600004
   15.85555553    0.44299999    2.73699999
   15.85916710    0.46200001    2.71799994
   15.86305618    0.48100001    2.73699999
   15.86638927    0.48100001    2.73699999
   15.86999989    0.44299999    2.73699999
   15.87361145    0.42399999    2.73699999
   15.87722206    0.44299999    2.73699999
   15.88111115    0.46200001    2.75600004
   15.88444424    0.46200001    2.73699999
   15.88805580    0.46200001    2.71799994
   15.89166641    0.48100001    2.73699999
   15.89527798    0.50099999    2.73699999
   15.89861107    0.51999998    2.73699999
   15.90249920    0.55900002    2.73699999
   15.90638828    0.57800001    2.73699999
   15.90972137    0.59700000    2.73699999
   15.91361046    0.59700000    2.73699999
   15.91944504    0.59700000    2.73699999
   15.92277813    0.57800001    2.73699999
   15.92694473    0.57800001    2.73699999
   15.93027782    0.59700000    2.71799994
   15.93388939    0.59700000    2.73699999
   15.93777752    0.57800001    2.71799994
   15.94138908    0.59700000    2.71799994
   15.94472218    0.59700000    2.71799994
   15.94861126    0.57800001    2.73699999
   15.95222187    0.57800001    2.73699999
   15.95805550    0.57800001    2.73699999
   15.96194458    0.59700000    2.73699999
   15.96555519    0.61600000    2.73699999
   15.96888828    0.61600000    2.71799994
   15.97277737    0.63599998    2.71799994
   15.97638798    0.63599998    2.75600004
   15.98194408    0.65499997    2.73699999
   15.98583317    0.67400002    2.71799994
   15.98944473    0.67400002    2.73699999
   15.99305534    0.65499997    2.71799994
   15.99694443    0.63599998    2.73699999
   16.00027847    0.65499997    2.71799994
   16.00388908    0.65499997    2.73699999
   16.00805473    0.65499997    2.75600004
   16.01166725    0.67400002    2.71799994
   16.01499939    0.67400002    2.73699999
   16.01888847    0.67400002    2.73699999
   16.02249908    0.65499997    2.75600004
   16.02583313    0.63599998    2.71799994
   16.02972221    0.63599998    2.73699999
   16.03333282    0.61600000    2.73699999
   16.03694344    0.59700000    2.73699999
   16.04083252    0.57800001    2.73699999
   16.04666710    0.55900002    2.73699999
   16.04999924    0.55900002    2.73699999
   16.05388832    0.51999998    2.73699999
   16.05749893    0.51999998    2.75600004
   16.06110954    0.50099999    2.73699999
   16.06472206    0.50099999    2.75600004
   16.06833458    0.50099999    2.71799994
   16.07416725    0.48100001    2.73699999
   16.07805634    0.46200001    2.73699999
   16.08166695    0.46200001    2.73699999
   16.08527756    0.46200001    2.73699999
   16.08916664    0.46200001    2.73699999
   16.09250069    0.46200001    2.73699999
   16.09833336    0.46200001    2.73699999
   16.10222244    0.46200001    2.73699999
   16.10583305    0.48100001    2.73699999
   16.10944557    0.48100001    2.73699999
   16.11555672    0.48100001    2.75600004
   16.11888885    0.48100001    2.73699999
   16.12249947    0.48100001    2.73699999
   16.12638855    0.48100001    2.75600004
   16.12972260    0.48100001    2.75600004
   16.13555527    0.50099999    2.75600004
   16.13972282    0.51999998    2.73699999
   16.14305496    0.51999998    2.73699999
   16.14666748    0.50099999    2.73699999
   16.15277672    0.50099999    2.73699999
   16.15611076    0.50099999    2.73699999
   16.15999985    0.50099999    2.73699999
   16.16388893    0.51999998    2.73699999
   16.16749954    0.50099999    2.73699999
   16.17333221    0.50099999    2.73699999
   16.17722130    0.50099999    2.73699999
   16.18055534    0.50099999    2.73699999
   16.18416595    0.50099999    2.73699999
   16.18805504    0.50099999    2.73699999
   16.19166565    0.50099999    2.73699999
   16.19527626    0.48100001    2.73699999
   16.19916534    0.48100001    2.73699999
   16.20250130    0.50099999    2.73699999
   16.20611191    0.50099999    2.75600004
   16.21000099    0.50099999    2.73699999
   16.21389008    0.53899997    2.73699999
   16.21722221    0.51999998    2.73699999
   16.22111130    0.55900002    2.73699999
   16.22472191    0.53899997    2.73699999
   16.22833443    0.53899997    2.73699999
   16.23222351    0.53899997    2.75600004
   16.23583412    0.51999998    2.73699999
   16.23944473    0.50099999    2.73699999
   16.24333382    0.50099999    2.75600004
   16.24666786    0.48100001    2.75600004
   16.25027847    0.50099999    2.73699999
   16.25416756    0.50099999    2.73699999
   16.25777817    0.48100001    2.73699999
   16.26138878    0.46200001    2.73699999
   16.26527786    0.46200001    2.73699999
   16.26888847    0.48100001    2.73699999
   16.27249908    0.48100001    2.73699999
   16.27638817    0.46200001    2.75600004
   16.28000069    0.44299999    2.75600004
   16.28583336    0.46200001    2.73699999
   16.28972244    0.46200001    2.73699999
   16.29333305    0.46200001    2.73699999
   16.29666710    0.46200001    2.73699999
   16.30055428    0.46200001    2.73699999
   16.30638885    0.46200001    2.73699999
   16.30999947    0.46200001    2.73699999
   16.31388855    0.48100001    2.73699999
   16.31750107    0.48100001    2.73699999
   16.32111168    0.48100001    2.73699999
   16.32500076    0.50099999    2.73699999
   16.32833481    0.50099999    2.73699999
   16.33194542    0.50099999    2.73699999
   16.33583450    0.50099999    2.73699999
   16.33944511    0.51999998    2.73699999
   16.34305573    0.53899997    2.73699999
   16.34666824    0.55900002    2.73699999
   16.35027885    0.57800001    2.73699999
   16.35611153    0.55900002    2.73699999
   16.36000061    0.57800001    2.73699999
   16.36361122    0.57800001    2.73699999
   16.36722183    0.55900002    2.73699999
   16.37083435    0.53899997    2.73699999
   16.37444496    0.50099999    2.73699999
   16.37805557    0.50099999    2.75600004
   16.38166618    0.48100001    2.73699999
   16.38527679    0.46200001    2.73699999
   16.38888931    0.44299999    2.75600004
   16.39277840    0.42399999    2.73699999
   16.39638901    0.44299999    2.73699999
   16.39999962    0.44299999    2.73699999
   16.40388870    0.46200001    2.73699999
   16.40749931    0.48100001    2.73699999
   16.41305542    0.50099999    2.73699999
   16.41694450    0.50099999    2.73699999
   16.42055511    0.50099999    2.73699999
   16.42416573    0.50099999    2.73699999
   16.42805481    0.50099999    2.73699999
   16.43277740    0.48100001    2.73699999
   16.43527603    0.48100001    2.73699999
   16.43555450    0.48100001    2.73699999
   16.43610954    0.48100001    2.73699999
   16.43972206    0.48100001    2.73699999
   16.44111061    0.48100001    2.73699999
   16.44277763    0.48100001    2.73699999
   16.44361115    0.48100001    2.73699999
   16.44416618    0.48100001    2.73699999
   16.44472122    0.48100001    2.73699999
   16.44666672    0.48100001    2.73699999
   16.44861031    0.48100001    2.73699999
   16.45083427    0.48100001    2.73699999
   16.45138931    0.48100001    2.73699999
   16.45166779    0.48100001    2.73699999
   16.45222282    0.48100001    2.75600004
   16.45277786    0.48100001    2.73699999
   16.45333481    0.48100001    2.73699999
   16.45388985    0.48100001    2.73699999
   16.45444489    0.48100001    2.73699999
   16.45499992    0.48100001    2.73699999
   16.45527840    0.48100001    2.73699999
   16.45583344    0.48100001    2.73699999
   16.45639038    0.48100001    2.73699999
   16.45666695    0.48100001    2.73699999
   16.45722389    0.48100001    2.73699999
   16.45777893    0.48100001    2.73699999
   16.45833397    0.48100001    2.73699999
   16.45861244    0.48100001    2.75600004
   16.45916748    0.48100001    2.73699999
   16.45972252    0.48100001    2.73699999
   16.46277809    0.48100001    2.73699999
   16.46722221    0.48100001    2.73699999
   16.47222328    0.48100001    2.73699999
   16.47444534    0.48100001    2.73699999
   16.47500038    0.48100001    2.73699999
   16.47527885    0.48100001    2.73699999
   16.47583389    0.48100001    2.73699999
   16.47861099    0.50099999    2.73699999
   16.48222351    0.50099999    2.73699999
   16.48583412    0.51999998    2.73699999
   16.48944473    0.53899997    2.73699999
   16.49305534    0.53899997    2.73699999
   16.49666786    0.53899997    2.73699999
   16.50027847    0.53899997    2.73699999
   16.50388908    0.51999998    2.73699999
   16.50749969    0.51999998    2.73699999
   16.51111031    0.53899997    2.73699999
   16.51472282    0.51999998    2.73699999
   16.51861000    0.51999998    2.73699999
   16.52194405    0.50099999    2.73699999
   16.52555466    0.50099999    2.73699999
   16.52944374    0.50099999    2.73699999
   16.53305435    0.50099999    2.75600004
   16.53666687    0.50099999    2.73699999
   16.54055595    0.50099999    2.73699999
   16.54611015    0.50099999    2.73699999
   16.54972076    0.50099999    2.73699999
   16.55360985    0.51999998    2.73699999
   16.55722237    0.51999998    2.73699999
   16.56110954    0.53899997    2.75600004
   16.56499863    0.51999998    2.73699999
   16.56833458    0.51999998    2.73699999
   16.57194519    0.51999998    2.73699999
   16.57583427    0.51999998    2.73699999
   16.58139038    0.51999998    2.73699999
   16.58500099    0.51999998    2.73699999
   16.58889008    0.51999998    2.73699999
   16.59250069    0.53899997    2.73699999
   16.59833336    0.53899997    2.71799994
   16.60194397    0.53899997    2.73699999
   16.60583305    0.53899997    2.73699999
   16.60944557    0.55900002    2.73699999
   16.61333466    0.55900002    2.71799994
   16.61888885    0.53899997    2.73699999
   16.62249947    0.55900002    2.71799994
   16.62638855    0.55900002    2.73699999
   16.63000107    0.55900002    2.73699999
   16.63333321    0.53899997    2.71799994
   16.63722229    0.55900002    2.73699999
   16.64083290    0.53899997    2.73699999
   16.64444351    0.53899997    2.73699999
   16.64833260    0.53899997    2.73699999
   16.65166664    0.51999998    2.73699999
   16.65527725    0.50099999    2.73699999
   16.65916634    0.50099999    2.73699999
   16.66499901    0.50099999    2.73699999
   16.66860962    0.50099999    2.73699999
   16.67249870    0.50099999    2.73699999
   16.67611122    0.50099999    2.73699999
   16.67944336    0.51999998    2.73699999
   16.68333244    0.50099999    2.73699999
   16.68694305    0.50099999    2.73699999
   16.69027710    0.51999998    2.73699999
   16.69416618    0.51999998    2.73699999
   16.69777679    0.51999998    2.73699999
   16.70138931    0.51999998    2.73699999
   16.70527840    0.51999998    2.73699999
   16.71111107    0.53899997    2.73699999
   16.71694565    0.55900002    2.73699999
   16.72055626    0.55900002    2.73699999
   16.72444534    0.57800001    2.73699999
   16.72777748    0.57800001    2.73699999
   16.73166656    0.57800001    2.73699999
   16.73527718    0.57800001    2.73699999
   16.74111176    0.57800001    2.73699999
   16.74500084    0.57800001    2.73699999
   16.74861145    0.55900002    2.73699999
   16.75194359    0.57800001    2.73699999
   16.75611115    0.55900002    2.71799994
   16.75972176    0.55900002    2.73699999
   16.76305580    0.55900002    2.73699999
   16.76694489    0.55900002    2.73699999
   16.77055550    0.55900002    2.73699999
   16.77611160    0.55900002    2.73699999
   16.78000069    0.55900002    2.73699999
   16.78388786    0.53899997    2.73699999
   16.78722191    0.53899997    2.73699999
   16.79111099    0.55900002    2.73699999
   16.79472160    0.55900002    2.73699999
   16.79833221    0.55900002    2.71799994
   16.80222130    0.55900002    2.73699999
   16.80555534    0.55900002    2.73699999
   16.80916595    0.55900002    2.73699999
   16.81527710    0.57800001    2.73699999
   16.81888962    0.55900002    2.71799994
   16.82250023    0.55900002    2.73699999
   16.82611275    0.55900002    2.73699999
   16.82972336    0.55900002    2.73699999
   16.83333397    0.55900002    2.73699999
   16.83944511    0.55900002    2.71799994
   16.84305573    0.55900002    2.73699999
   16.84666824    0.55900002    2.73699999
   16.85055542    0.55900002    2.73699999
   16.85416794    0.55900002    2.73699999
   16.85750008    0.53899997    2.73699999
   16.86138916    0.55900002    2.73699999
   16.86499977    0.55900002    2.73699999
   16.86861038    0.55900002    2.73699999
   16.87249947    0.57800001    2.73699999
   16.87583351    0.57800001    2.73699999
   16.87944412    0.57800001    2.71799994
   16.88361168    0.63599998    2.73699999
   16.88916588    0.63599998    2.71799994
   16.89277840    0.61600000    2.75600004
   16.89666748    0.57800001    2.73699999
   16.90027809    0.53899997    2.73699999
   16.90361023    0.53899997    2.73699999
   16.90999985    0.51999998    2.71799994
   16.91361046    0.50099999    2.73699999
   16.91694450    0.50099999    2.73699999
   16.92083359    0.50099999    2.73699999
   16.92444420    0.50099999    2.73699999
   16.92777634    0.50099999    2.73699999
   16.93166542    0.50099999    2.73699999
   16.93527603    0.48100001    2.73699999
   16.93888855    0.48100001    2.73699999
   16.94277763    0.48100001    2.71799994
   16.94638824    0.48100001    2.71799994
   16.95000076    0.48100001    2.73699999
   16.95361137    0.46200001    2.73699999
   16.95722389    0.48100001    2.73699999
   16.96083450    0.46200001    2.73699999
   16.96472359    0.46200001    2.73699999
   16.97055626    0.46200001    2.73699999
   16.97389030    0.46200001    2.73699999
   16.97777748    0.46200001    2.73699999
   16.98139000    0.46200001    2.71799994
   16.98500061    0.48100001    2.71799994
   16.98888969    0.48100001    2.73699999
   16.99250031    0.46200001    2.73699999
   16.99583435    0.48100001    2.73699999
   16.99972153    0.46200001    2.73699999
   17.00333405    0.46200001    2.73699999
   17.00694466    0.46200001    2.71799994
   17.01083374    0.46200001    2.73699999
   17.01444435    0.44299999    2.71799994
   17.01805496    0.46200001    2.73699999
   17.02194405    0.44299999    2.73699999
   17.02555466    0.44299999    2.75600004
   17.02916718    0.44299999    2.73699999
   17.03305435    0.44299999    2.73699999
   17.03666687    0.46200001    2.73699999
   17.03999901    0.46200001    2.73699999
   17.04416656    0.46200001    2.73699999
   17.04777718    0.46200001    2.73699999
   17.05333328    0.44299999    2.73699999
   17.05722237    0.44299999    2.73699999
   17.06194305    0.44299999    2.73699999
   17.06388855    0.44299999    2.75600004
   17.06444359    0.44299999    2.71799994
   17.06499863    0.44299999    2.71799994
   17.06527710    0.46200001    2.73699999
   17.06944466    0.46200001    2.73699999
   17.07055664    0.46200001    2.73699999
   17.07222366    0.46200001    2.73699999
   17.07305717    0.46200001    2.73699999
   17.07389069    0.46200001    2.73699999
   17.07444572    0.46200001    2.73699999
   17.07527924    0.46200001    2.73699999
   17.07611275    0.46200001    2.73699999
   17.07666779    0.46200001    2.73699999
   17.07750130    0.46200001    2.71799994
   17.07833481    0.46200001    2.73699999
   17.07888985    0.46200001    2.71799994
   17.07972336    0.46200001    2.73699999
   17.08055687    0.46200001    2.73699999
   17.08111191    0.46200001    2.71799994
   17.08194542    0.48100001    2.73699999
   17.08277893    0.46200001    2.73699999
   17.08361244    0.48100001    2.73699999
   17.08416748    0.46200001    2.73699999
   17.08500099    0.48100001    2.73699999
   17.08777809    0.46200001    2.71799994
   17.08861160    0.48100001    2.73699999
   17.08944511    0.48100001    2.73699999
   17.09000015    0.46200001    2.73699999
   17.09083366    0.48100001    2.73699999
   17.09138870    0.48100001    2.73699999
   17.09222221    0.48100001    2.71799994
   17.09305573    0.48100001    2.73699999
   17.09361267    0.48100001    2.71799994
   17.09666824    0.48100001    2.73699999
   17.09749985    0.48100001    2.73699999
   17.09805679    0.48100001    2.73699999
   17.09889030    0.48100001    2.73699999
   17.09972191    0.48100001    2.73699999
   17.10277748    0.48100001    2.73699999
   17.10333443    0.48100001    2.73699999
   17.10416794    0.48100001    2.73699999
   17.10722351    0.48100001    2.73699999
   17.10750008    0.48100001    2.71799994
   17.11000061    0.48100001    2.73699999
   17.11166763    0.48100001    2.71799994
   17.11416626    0.50099999    2.71799994
   17.11472321    0.50099999    2.73699999
   17.11527824    0.50099999    2.73699999
   17.11583328    0.50099999    2.73699999
   17.11611176    0.50099999    2.71799994
   17.11666679    0.50099999    2.71799994
   17.11722183    0.50099999    2.71799994
   17.11777878    0.50099999    2.71799994
   17.11805534    0.50099999    2.71799994
   17.11861038    0.50099999    2.71799994
   17.11916733    0.50099999    2.71799994
   17.11972237    0.50099999    2.71799994
   17.12000084    0.50099999    2.71799994
   17.12055588    0.50099999    2.71799994
   17.12111092    0.50099999    2.73699999
   17.12166595    0.50099999    2.73699999
   17.12222290    0.50099999    2.71799994
   17.12249947    0.50099999    2.73699999
   17.12305641    0.50099999    2.71799994
   17.12611198    0.50099999    2.73699999
   17.13027763    0.50099999    2.73699999
   17.13555527    0.50099999    2.71799994
   17.13777733    0.50099999    2.73699999
   17.13833237    0.50099999    2.73699999
   17.13861084    0.50099999    2.73699999
   17.13916588    0.50099999    2.73699999
   17.14194489    0.48100001    2.73699999
   17.14527702    0.48100001    2.71799994
   17.14916611    0.48100001    2.75600004
   17.15277672    0.48100001    2.73699999
   17.15638924    0.48100001    2.71799994
   17.15999985    0.48100001    2.73699999
   17.16361046    0.48100001    2.73699999
   17.16722107    0.48100001    2.71799994
   17.17111015    0.50099999    2.73699999
   17.17472076    0.50099999    2.73699999
   17.18055534    0.50099999    2.73699999
   17.18444443    0.48100001    2.71799994
   17.18777657    0.48100001    2.73699999
   17.19138718    0.48100001    2.73699999
   17.19527626    0.48100001    2.73699999
   17.19861031    0.48100001    2.73699999
   17.20222282    0.46200001    2.73699999
   17.20611191    0.46200001    2.73699999
   17.20944595    0.46200001    2.73699999
   17.21305656    0.48100001    2.71799994
   17.21722221    0.48100001    2.71799994
   17.22055626    0.48100001    2.73699999
   17.22416687    0.48100001    2.73699999
   17.22805595    0.46200001    2.71799994
   17.23139000    0.48100001    2.71799994
   17.23500061    0.46200001    2.73699999
   17.23888969    0.46200001    2.73699999
   17.24250031    0.48100001    2.73699999
   17.24583435    0.48100001    2.73699999
   17.25000000    0.46200001    2.73699999
   17.25333405    0.46200001    2.73699999
   17.25722313    0.46200001    2.73699999
   17.26083374    0.46200001    2.73699999
   17.26444435    0.46200001    2.73699999
   17.26805496    0.48100001    2.71799994
   17.27416611    0.48100001    2.73699999
   17.27777672    0.48100001    2.73699999
   17.28138924    0.48100001    2.73699999
   17.28499985    0.46200001    2.71799994
   17.28861046    0.46200001    2.73699999
   17.29222107    0.46200001    2.73699999
   17.29611015    0.50099999    2.73699999
   17.29944420    0.50099999    2.73699999
   17.30305481    0.48100001    2.73699999
   17.30694389    0.48100001    2.73699999
   17.31055450    0.48100001    2.75600004
   17.31416512    0.46200001    2.71799994
   17.31805611    0.46200001    2.71799994
   17.32361221    0.44299999    2.73699999
   17.32722282    0.44299999    2.73699999
   17.33111191    0.44299999    2.73699999
   17.33472252    0.44299999    2.73699999
   17.33805656    0.44299999    2.73699999
   17.34222221    0.44299999    2.73699999
   17.34583473    0.46200001    2.73699999
   17.34916687    0.48100001    2.73699999
   17.35305595    0.48100001    2.73699999
   17.35694504    0.50099999    2.71799994
   17.36055565    0.50099999    2.71799994
   17.36416626    0.50099999    2.71799994
   17.36805534    0.50099999    2.71799994
   17.37361145    0.50099999    2.69799995
   17.37750053    0.50099999    2.73699999
   17.38333321    0.50099999    2.73699999
   17.38694382    0.51999998    2.71799994
   17.39055634    0.51999998    2.71799994
   17.39416695    0.51999998    2.71799994
   17.39777756    0.51999998    2.71799994
   17.40166664    0.53899997    2.71799994
   17.40527725    0.51999998    2.73699999
   17.40888786    0.50099999    2.71799994
   17.41250038    0.50099999    2.71799994
   17.41611099    0.48100001    2.71799994
   17.41972160    0.48100001    2.71799994
   17.42388916    0.50099999    2.71799994
   17.42722130    0.48100001    2.71799994
   17.43305397    0.48100001    2.73699999
   17.43694305    0.48100001    2.73699999
   17.44055557    0.48100001    2.73699999
   17.44416618    0.50099999    2.73699999
   17.44777679    0.50099999    2.71799994
   17.45138931    0.48100001    2.73699999
   17.45499992    0.48100001    2.73699999
   17.45888901    0.48100001    2.73699999
   17.46222305    0.48100001    2.73699999
   17.46583366    0.50099999    2.73699999
   17.46972275    0.51999998    2.73699999
   17.47305679    0.51999998    2.71799994
   17.47666740    0.53899997    2.71799994
   17.48083305    0.57800001    2.73699999
   17.48416710    0.61600000    2.71799994
   17.48777771    0.59700000    2.71799994
   17.49166679    0.57800001    2.71799994
   17.49527740    0.59700000    2.71799994
   17.49888992    0.61600000    2.71799994
   17.50250053    0.61600000    2.71799994
   17.50611115    0.61600000    2.71799994
   17.50972176    0.59700000    2.73699999
   17.51361084    0.61600000    2.71799994
   17.51722145    0.59700000    2.73699999
   17.52083397    0.59700000    2.71799994
   17.52472115    0.57800001    2.71799994
   17.52833366    0.57800001    2.71799994
   17.53222275    0.55900002    2.71799994
   17.53583336    0.57800001    2.73699999
   17.54166603    0.55900002    2.73699999
   17.54527664    0.55900002    2.71799994
   17.54916573    0.55900002    2.73699999
   17.55277634    0.53899997    2.71799994
   17.55638885    0.53899997    2.73699999
   17.56027794    0.51999998    2.71799994
   17.56388855    0.53899997    2.73699999
   17.56750107    0.51999998    2.73699999
   17.57111168    0.53899997    2.73699999
   17.57500076    0.53899997    2.73699999
   17.57861137    0.51999998    2.71799994
   17.58250046    0.53899997    2.71799994
   17.58611107    0.53899997    2.73699999
   17.58972359    0.53899997    2.73699999
   17.59361267    0.53899997    2.73699999
   17.59722328    0.55900002    2.71799994
   17.60277748    0.55900002    2.71799994
   17.60666656    0.55900002    2.71799994
   17.61027908    0.57800001    2.71799994
   17.61611176    0.57800001    2.71799994
   17.62000084    0.55900002    2.71799994
   17.62361145    0.55900002    2.71799994
   17.62944412    0.55900002    2.71799994
   17.63333321    0.55900002    2.71799994
   17.63666725    0.55900002    2.71799994
   17.64055634    0.55900002    2.71799994
   17.64444351    0.55900002    2.71799994
   17.64805603    0.55900002    2.71799994
   17.65166664    0.53899997    2.71799994
   17.65555573    0.51999998    2.73699999
   17.65916634    0.51999998    2.71799994
   17.66277695    0.51999998    2.71799994
   17.66666603    0.51999998    2.71799994
   17.67000008    0.50099999    2.71799994
   17.67583275    0.50099999    2.71799994
   17.67972183    0.50099999    2.71799994
   17.68305397    0.51999998    2.73699999
   17.68666649    0.50099999    2.73699999
   17.69055557    0.55900002    2.71799994
   17.69444275    0.61600000    2.73699999
   17.69777679    0.57800001    2.71799994
   17.70166779    0.55900002    2.73699999
   17.70527840    0.53899997    2.71799994
   17.70888901    0.50099999    2.73699999
   17.71277809    0.50099999    2.71799994
   17.71722221    0.71300000    2.71799994
   17.71944427    0.79000002    2.69799995
   17.72000122    0.82800001    2.71799994
   17.72027779    0.90600002    2.71799994
   17.72083473    0.96300000    2.71799994
   17.72500038    1.15600002    2.71799994
   17.72611237    1.25300002    2.71799994
   17.72777748    1.29100001    2.71799994
   17.72861099    1.29100001    2.71799994
   17.72916794    1.25300002    2.71799994
   17.73000145    1.13699996    2.71799994
   17.73055649    1.07900000    2.71799994
   17.73277855    0.77100003    2.71799994
   17.73472214    0.75099999    2.71799994
   17.73694420    0.71300000    2.71799994
   17.73750114    0.69300002    2.71799994
   17.73777771    0.67400002    2.71799994
   17.73833275    0.63599998    2.71799994
   17.73888969    0.61600000    2.71799994
   17.73916626    0.61600000    2.71799994
   17.73972321    0.61600000    2.73699999
   17.74027824    0.61600000    2.71799994
   17.74083328    0.61600000    2.71799994
   17.74138832    0.61600000    2.71799994
   17.74166679    0.61600000    2.71799994
   17.74222183    0.59700000    2.71799994
   17.74250031    0.59700000    2.71799994
   17.74305534    0.59700000    2.71799994
   17.74361229    0.55900002    2.73699999
   17.74388885    0.55900002    2.71799994
   17.74444389    0.51999998    2.71799994
   17.74500084    0.50099999    2.73699999
   17.74555588    0.46200001    2.71799994
   17.74583435    0.44299999    2.71799994
   17.74944496    0.42399999    2.71799994
   17.75416756    0.44299999    2.71799994
   17.75944519    0.50099999    2.71799994
   17.76166725    0.51999998    2.71799994
   17.76222229    0.51999998    2.71799994
   17.76277733    0.51999998    2.71799994
   17.76555634    0.50099999    2.71799994
   17.76916695    0.50099999    2.71799994
   17.77305603    0.51999998    2.71799994
   17.77666664    0.51999998    2.71799994
   17.78027725    0.51999998    2.71799994
   17.78444481    0.51999998    2.71799994
   17.78805542    0.51999998    2.71799994
   17.79166603    0.53899997    2.71799994
   17.79555511    0.53899997    2.71799994
   17.79944420    0.53899997    2.71799994
   17.80527687    0.53899997    2.71799994
   17.80916595    0.53899997    2.71799994
   17.81277657    0.55900002    2.71799994
   17.81666756    0.57800001    2.71799994
   17.82055664    0.57800001    2.71799994
   17.82416725    0.57800001    2.71799994
   17.82805634    0.59700000    2.71799994
   17.83222389    0.57800001    2.71799994
   17.83583450    0.59700000    2.71799994
   17.84166718    0.57800001    2.71799994
   17.84583473    0.57800001    2.71799994
   17.84944534    0.57800001    2.73699999
   17.85305595    0.59700000    2.71799994
   17.85694504    0.59700000    2.71799994
   17.86055565    0.57800001    2.71799994
   17.86416626    0.57800001    2.71799994
   17.86805534    0.57800001    2.71799994
   17.87194443    0.57800001    2.71799994
   17.87555504    0.57800001    2.71799994
   17.87972260    0.55900002    2.71799994
   17.88333321    0.55900002    2.71799994
   17.88944435    0.55900002    2.71799994
   17.89333344    0.55900002    2.71799994
   17.89694405    0.57800001    2.71799994
   17.90083313    0.57800001    2.71799994
   17.90472221    0.57800001    2.71799994
   17.90833282    0.55900002    2.71799994
   17.91194344    0.55900002    2.71799994
   17.91583252    0.55900002    2.71799994
   17.91972160    0.55900002    2.71799994
   17.92333221    0.55900002    2.71799994
   17.92722130    0.55900002    2.71799994
   17.93111038    0.55900002    2.71799994
   17.93472099    0.55900002    2.71799994
   17.93861008    0.55900002    2.71799994
   17.94222069    0.55900002    2.71799994
   17.94583321    0.57800001    2.71799994
   17.94972038    0.57800001    2.71799994
   17.95361137    0.59700000    2.71799994
   17.95722389    0.59700000    2.71799994
   17.96111107    0.59700000    2.71799994
   17.96500015    0.59700000    2.71799994
   17.96861076    0.57800001    2.71799994
   17.97249985    0.57800001    2.71799994
   17.97611237    0.55900002    2.71799994
   17.97972298    0.57800001    2.71799994
   17.98388863    0.57800001    2.71799994
   17.98750114    0.57800001    2.71799994
   17.99111176    0.55900002    2.71799994
   17.99527740    0.57800001    2.71799994
   17.99888992    0.57800001    2.71799994
   18.00250053    0.55900002    2.71799994
   18.00666618    0.55900002    2.71799994
   18.01027870    0.55900002    2.71799994
   18.01388931    0.55900002    2.69799995
   18.01805496    0.55900002    2.71799994
   18.02166557    0.53899997    2.71799994
   18.02527809    0.53899997    2.71799994
   18.02916718    0.51999998    2.71799994
   18.03305435    0.51999998    2.71799994
   18.03666687    0.51999998    2.69799995
   18.04055595    0.53899997    2.71799994
   18.04444313    0.53899997    2.71799994
   18.05027771    0.53899997    2.69799995
   18.05444336    0.53899997    2.71799994
   18.05805397    0.53899997    2.71799994
   18.06166649    0.51999998    2.71799994
   18.06555557    0.51999998    2.71799994
   18.06944466    0.51999998    2.71799994
   18.07305717    0.51999998    2.71799994
   18.07694626    0.50099999    2.69799995
   18.08083344    0.51999998    2.71799994
   18.08444595    0.53899997    2.71799994
   18.08861160    0.55900002    2.71799994
   18.09222221    0.57800001    2.71799994
   18.09611130    0.51999998    2.71799994
   18.10000038    0.50099999    2.71799994
   18.10388947    0.50099999    2.71799994
   18.10750008    0.48100001    2.69799995
   18.11138916    0.48100001    2.71799994
   18.11527824    0.46200001    2.71799994
   18.11888885    0.46200001    2.69799995
   18.12277794    0.44299999    2.71799994
   18.12666702    0.44299999    2.71799994
   18.13027763    0.46200001    2.69799995
   18.13416672    0.44299999    2.71799994
   18.13805580    0.44299999    2.71799994
   18.14194489    0.44299999    2.71799994
   18.14555550    0.42399999    2.71799994
   18.14944458    0.44299999    2.71799994
   18.15333366    0.42399999    2.71799994
   18.15722275    0.42399999    2.71799994
   18.16083336    0.42399999    2.71799994
   18.16444397    0.42399999    2.71799994
   18.16833305    0.42399999    2.71799994
   18.17222214    0.42399999    2.71799994
   18.17611122    0.55900002    2.69799995
   18.18000031    0.53899997    2.69799995
   18.18361092    0.61600000    2.71799994
   18.18750000    0.55900002    2.69799995
   18.19138718    0.51999998    2.71799994
   18.19499969    0.61600000    2.69799995
   18.19861031    0.63599998    2.71799994
   18.20499992    0.59700000    2.69799995
   18.20861244    0.59700000    2.69799995
   18.21250153    0.59700000    2.69799995
   18.21638870    0.61600000    2.69799995
   18.22027779    0.67400002    2.69799995
   18.22389030    0.75099999    2.69799995
   18.22777748    0.69300002    2.69799995
   18.23166656    0.63599998    2.69799995
   18.23527718    0.55900002    2.69799995
   18.23916626    0.53899997    2.71799994
   18.24305534    0.50099999    2.71799994
   18.24666786    0.57800001    2.71799994
   18.25055504    0.57800001    2.69799995
   18.25416756    0.53899997    2.69799995
   18.25805473    0.50099999    2.69799995
   18.26416588    0.48100001    2.69799995
   18.26777840    0.48100001    2.69799995
   18.27388954    0.48100001    2.69799995
   18.27805519    0.50099999    2.69799995
   18.28166580    0.48100001    2.69799995
   18.28527641    0.48100001    2.69799995
   18.28944397    0.48100001    2.71799994
   18.29305458    0.48100001    2.69799995
   18.29666710    0.48100001    2.69799995
   18.30083275    0.50099999    2.69799995
   18.30666542    0.50099999    2.69799995
   18.31027794    0.51999998    2.69799995
   18.31416512    0.51999998    2.69799995
   18.31805611    0.53899997    2.69799995
   18.32194519    0.57800001    2.69799995
   18.32583427    0.55900002    2.69799995
   18.33166695    0.59700000    2.69799995
   18.33527756    0.57800001    2.69799995
   18.33944511    0.57800001    2.69799995
   18.34527779    0.67400002    2.69799995
   18.34889030    0.61600000    2.69799995
   18.35277748    0.55900002    2.69799995
   18.35722351    0.51999998    2.71799994
   18.35944557    0.51999998    2.69799995
   18.36000061    0.51999998    2.69799995
   18.36055565    0.51999998    2.69799995
   18.36111069    0.51999998    2.69799995
   18.36499977    0.53899997    2.69799995
   18.36611176    0.53899997    2.69799995
   18.36777878    0.55900002    2.69799995
   18.36861038    0.55900002    2.69799995
   18.36916733    0.53899997    2.69799995
   18.37000084    0.53899997    2.69799995
   18.37083435    0.53899997    2.69799995
   18.37138939    0.53899997    2.69799995
   18.37194443    0.51999998    2.69799995
   18.37388992    0.53899997    2.69799995
   18.37583351    0.53899997    2.71799994
   18.37805557    0.53899997    2.69799995
   18.37861061    0.53899997    2.69799995
   18.37888908    0.53899997    2.69799995
   18.37944412    0.53899997    2.69799995
   18.38000107    0.53899997    2.71799994
   18.38055611    0.53899997    2.69799995
   18.38083267    0.53899997    2.71799994
   18.38138962    0.53899997    2.69799995
   18.38194466    0.53899997    2.69799995
   18.38222313    0.51999998    2.69799995
   18.38277817    0.53899997    2.69799995
   18.38333321    0.53899997    2.69799995
   18.38361168    0.53899997    2.69799995
   18.38416672    0.53899997    2.69799995
   18.38472176    0.51999998    2.71799994
   18.38527679    0.51999998    2.69799995
   18.38583374    0.51999998    2.69799995
   18.38611031    0.53899997    2.69799995
   18.38694382    0.51999998    2.69799995
   18.38722229    0.51999998    2.71799994
   18.38999939    0.55900002    2.69799995
   18.39472198    0.73199999    2.69799995
   18.39999962    0.59700000    2.69799995
   18.40222168    0.55900002    2.69799995
   18.40250015    0.57800001    2.69799995
   18.40305519    0.59700000    2.69799995
   18.40361023    0.59700000    2.69799995
   18.40611076    0.59700000    2.69799995
   18.40972137    0.61600000    2.69799995
   18.41333389    0.57800001    2.69799995
   18.41694450    0.57800001    2.69799995
   18.42055511    0.57800001    2.69799995
   18.42416573    0.57800001    2.69799995
   18.43000031    0.57800001    2.69799995
   18.43361092    0.57800001    2.69799995
   18.43722153    0.59700000    2.69799995
   18.44083214    0.59700000    2.67899990
   18.44444275    0.61600000    2.69799995
   18.44833183    0.63599998    2.69799995
   18.45194435    0.65499997    2.69799995
   18.45777893    0.65499997    2.69799995
   18.46166801    0.69300002    2.69799995
   18.46722221    0.75099999    2.67899990
   18.47083473    0.71300000    2.69799995
   18.47472191    0.67400002    2.69799995
   18.47833443    0.63599998    2.67899990
   18.48194504    0.65499997    2.69799995
   18.48583412    0.65499997    2.67899990
   18.48944473    0.65499997    2.69799995
   18.49305534    0.65499997    2.69799995
   18.49694443    0.65499997    2.67899990
   18.50027847    0.69300002    2.69799995
   18.50388908    0.67400002    2.69799995
   18.50777817    0.69300002    2.67899990
   18.51138878    0.71300000    2.69799995
   18.51499939    0.71300000    2.67899990
   18.51888847    0.73199999    2.67899990
   18.52249908    0.73199999    2.67899990
   18.52611160    0.73199999    2.69799995
   18.53000069    0.71300000    2.67899990
   18.53333282    0.71300000    2.69799995
   18.53694344    0.71300000    2.67899990
   18.54083252    0.73199999    2.69799995
   18.54444313    0.73199999    2.67899990
   18.54777718    0.71300000    2.69799995
   18.55166626    0.71300000    2.69799995
   18.55527687    0.71300000    2.69799995
   18.55861092    0.71300000    2.69799995
   18.56277657    0.73199999    2.69799995
   18.56638718    0.75099999    2.67899990
   18.56972313    0.77100003    2.67899990
   18.57361221    0.79000002    2.69799995
   18.57722282    0.79000002    2.67899990
   18.58083344    0.79000002    2.67899990
   18.58472252    0.80900002    2.67899990
   18.58805656    0.79000002    2.67899990
   18.59388924    0.79000002    2.67899990
   18.59777832    0.80900002    2.67899990
   18.60138893    0.80900002    2.67899990
   18.60499954    0.80900002    2.67899990
   18.60888863    0.82800001    2.67899990
   18.61222267    0.86699998    2.67899990
   18.61583328    0.88599998    2.67899990
   18.61972237    0.90600002    2.67899990
   18.62333298    0.92500001    2.67899990
   18.62694550    0.96300000    2.67899990
   18.63083267    0.94400001    2.67899990
   18.63444519    0.94400001    2.67899990
   18.63805580    0.90600002    2.67899990
   18.64194489    0.86699998    2.67899990
   18.64555550    0.84799999    2.67899990
   18.64888954    0.80900002    2.66000009
   18.65499878    0.80900002    2.67899990
   18.65861130    0.79000002    2.67899990
   18.66194344    0.79000002    2.67899990
   18.66583252    0.79000002    2.67899990
   18.66944313    0.80900002    2.67899990
   18.67305565    0.80900002    2.67899990
   18.67694473    0.79000002    2.66000009
   18.68055534    0.77100003    2.67899990
   18.68388748    0.77100003    2.66000009
   18.68805504    0.77100003    2.67899990
   18.69138718    0.75099999    2.66000009
   18.69499969    0.75099999    2.66000009
   18.69888878    0.75099999    2.67899990
   18.70250130    0.75099999    2.67899990
   18.70611191    0.75099999    2.67899990
   18.71000099    0.75099999    2.66000009
   18.71333504    0.75099999    2.67899990
   18.71694565    0.75099999    2.67899990
   18.72111130    0.77100003    2.67899990
   18.72472191    1.46500003    2.67899990
   18.72833443    4.91499996    2.69799995
   18.73166656    4.91499996    2.73699999
   18.73277855    4.91499996    2.73699999
   18.73361206    4.91499996    2.48600006
   18.73472214    4.91499996    1.86899996
   18.73555565    4.91499996    1.61899996
   18.73666763    4.91499996    2.10100007
   18.73777771    4.91499996    2.64000010
   18.73861122    4.91499996    2.50600004
   18.73972321    4.91499996    2.21600008
   18.74083328    4.91499996    1.46500003
   18.74166679    4.91499996    1.17499995
   18.74277878    4.91499996    1.50300002
   18.74388885    4.91499996    1.69599998
   18.74472237    4.91499996    1.81200004
   18.74583435    4.91499996    2.23600006
   18.74694443    4.91499996    2.58299994
   18.74777794    4.91499996    2.62100005
   18.74888992    4.91499996    2.69799995
   18.75000000    4.91499996    2.75600004
   18.75083351    4.91499996    2.73699999
   18.75194359    4.91499996    2.73699999
   18.75305557    4.91499996    2.73699999
   18.75388908    4.91499996    2.71799994
   18.75499916    4.26000023    2.73699999
   18.75611115    2.48600006    2.71799994
   18.75694466    1.50300002    2.69799995
   18.75833321    0.94400001    2.71799994
   18.75888824    0.84799999    2.71799994
   18.75944519    0.79000002    2.69799995
   18.76000023    0.79000002    2.71799994
   18.76194382    0.82800001    2.69799995
   18.76250076    0.84799999    2.69799995
   18.76333427    0.82800001    2.69799995
   18.76416588    0.79000002    2.69799995
   18.76472282    0.77100003    2.69799995
   18.76555634    0.77100003    2.69799995
   18.76611137    0.77100003    2.69799995
   18.76694489    0.77100003    2.67899990
   18.76777840    0.73199999    2.69799995
   18.76833344    0.71300000    2.67899990
   18.76916695    0.71300000    2.69799995
   18.77000046    0.71300000    2.67899990
   18.77055550    0.71300000    2.67899990
   18.77138901    0.71300000    2.67899990
   18.77194405    0.71300000    2.67899990
   18.77277756    0.73199999    2.67899990
   18.77361107    0.71300000    2.67899990
   18.77416611    0.71300000    2.67899990
   18.77499962    0.71300000    2.69799995
   18.77583313    0.71300000    2.67899990
   18.77638817    0.71300000    2.67899990
   18.77722168    0.71300000    2.67899990
   18.77777672    0.71300000    2.67899990
   18.77861023    0.69300002    2.66000009
   18.77944374    0.69300002    2.67899990
   18.78000069    0.69300002    2.67899990
   18.78083229    0.69300002    2.67899990
   18.78138924    0.69300002    2.67899990
   18.78222275    0.71300000    2.67899990
   18.78444481    0.69300002    2.67899990
   18.78805542    0.69300002    2.67899990
   18.79166603    0.69300002    2.66000009
   18.79555511    0.67400002    2.66000009
   18.79916573    0.67400002    2.67899990
   18.80277634    0.67400002    2.66000009
   18.80666542    0.67400002    2.67899990
   18.80999947    0.67400002    2.66000009
   18.81361008    0.67400002    2.66000009
   18.81750107    0.67400002    2.67899990
   18.82111168    0.65499997    2.66000009
   18.82444572    0.65499997    2.67899990
   18.83055687    0.65499997    2.66000009
   18.83444595    0.67400002    2.66000009
   18.83805656    0.67400002    2.66000009
   18.84194565    0.69300002    2.66000009
   18.84749985    0.67400002    2.66000009
   18.85111237    0.67400002    2.66000009
   18.85499954    0.69300002    2.66000009
   18.85861206    0.69300002    2.66000009
   18.86222267    0.67400002    2.66000009
   18.86611176    0.67400002    2.66000009
   18.86972237    0.67400002    2.66000009
   18.87333298    0.67400002    2.66000009
   18.87694550    0.67400002    2.66000009
   18.88055611    0.67400002    2.67899990
   18.88416672    0.65499997    2.66000009
   18.88805580    0.67400002    2.67899990
   18.89166641    0.67400002    2.66000009
   18.89527702    0.67400002    2.67899990
   18.89916611    0.67400002    2.66000009
   18.90277672    0.67400002    2.66000009
   18.90638924    0.67400002    2.66000009
   18.91027832    0.67400002    2.66000009
   18.91388893    0.67400002    2.66000009
   18.91749954    0.67400002    2.67899990
   18.92138863    0.65499997    2.66000009
   18.92499924    0.67400002    2.66000009
   18.92833328    0.67400002    2.66000009
   18.93222237    0.65499997    2.66000009
   18.93583298    0.67400002    2.66000009
   18.93944359    0.67400002    2.66000009
   18.94333267    0.65499997    2.64000010
   18.94694328    0.65499997    2.66000009
   18.95055580    0.65499997    2.66000009
   18.95666695    0.65499997    2.66000009
   18.96027946    0.65499997    2.66000009
   18.96389008    0.65499997    2.66000009
   18.96777916    0.65499997    2.67899990
   18.97138977    0.65499997    2.66000009
   18.97500038    0.65499997    2.66000009
   18.97861099    0.65499997    2.66000009
   18.98222351    0.65499997    2.66000009
   18.98611069    0.67400002    2.66000009
   18.98999977    0.69300002    2.67899990
   18.99555588    0.69300002    2.66000009
   18.99916649    0.69300002    2.66000009
   19.00305557    0.69300002    2.67899990
   19.00666618    0.71300000    2.66000009
   19.01027870    0.69300002    2.66000009
   19.01416588    0.71300000    2.66000009
   19.01777840    0.69300002    2.66000009
   19.02138901    0.69300002    2.64000010
   19.02527809    0.69300002    2.66000009
   19.02944374    0.69300002    2.66000009
   19.03166580    0.69300002    2.66000009
   19.03222275    0.69300002    2.66000009
   19.03277779    0.69300002    2.66000009
   19.03333282    0.69300002    2.66000009
   19.03722191    0.71300000    2.66000009
   19.03833199    0.69300002    2.64000010
   19.03999901    0.71300000    2.64000010
   19.04083252    0.71300000    2.64000010
   19.04166603    0.71300000    2.66000009
   19.04222107    0.71300000    2.66000009
   19.04305458    0.71300000    2.66000009
   19.04388809    0.71300000    2.66000009
   19.04444313    0.69300002    2.66000009
   19.04527664    0.69300002    2.66000009
   19.04583359    0.71300000    2.64000010
   19.04666710    0.69300002    2.66000009
   19.04749870    0.69300002    2.66000009
   19.04805565    0.69300002    2.66000009
   19.04888916    0.69300002    2.66000009
   19.04944420    0.71300000    2.66000009
   19.05027771    0.71300000    2.66000009
   19.05111122    0.69300002    2.66000009
   19.05166626    0.71300000    2.64000010
   19.05249977    0.71300000    2.66000009
   19.05305481    0.71300000    2.64000010
   19.05388832    0.69300002    2.66000009
   19.05472183    0.69300002    2.66000009
   19.05527687    0.69300002    2.64000010
   19.05833244    0.69300002    2.66000009
   19.05916595    0.69300002    2.66000009
   19.05972099    0.69300002    2.64000010
   19.06055450    0.69300002    2.66000009
   19.06138802    0.69300002    2.67899990
   19.06222153    0.69300002    2.66000009
   19.06277657    0.71300000    2.66000009
   19.06361008    0.69300002    2.64000010
   19.06416512    0.71300000    2.64000010
   19.06499863    0.69300002    2.64000010
   19.06583214    0.69300002    2.66000009
   19.06611061    0.69300002    2.64000010
   19.06861115    0.69300002    2.64000010
   19.07027817    0.71300000    2.64000010
   19.07250023    0.69300002    2.64000010
   19.07305717    0.69300002    2.64000010
   19.07361221    0.69300002    2.64000010
   19.07416725    0.71300000    2.66000009
   19.07444572    0.71300000    2.64000010
   19.07500076    0.71300000    2.66000009
   19.07555580    0.71300000    2.64000010
   19.07611275    0.71300000    2.64000010
   19.07638931    0.71300000    2.66000009
   19.07694626    0.71300000    2.64000010
   19.07750130    0.71300000    2.64000010
   19.07805634    0.71300000    2.66000009
   19.07861137    0.71300000    2.66000009
   19.07888985    0.71300000    2.66000009
   19.07944489    0.71300000    2.64000010
   19.08000183    0.71300000    2.64000010
   19.08027840    0.73199999    2.64000010
   19.08083344    0.73199999    2.64000010
   19.08139038    0.73199999    2.64000010
   19.08472252    0.73199999    2.64000010
   19.08916664    0.73199999    2.64000010
   19.09416771    0.73199999    2.64000010
   19.09666824    0.73199999    2.64000010
   19.09694481    0.71300000    2.64000010
   19.09749985    0.71300000    2.64000010
   19.09805679    0.71300000    2.64000010
   19.10055542    0.73199999    2.64000010
   19.10444450    0.73199999    2.66000009
   19.10805511    0.77100003    2.64000010
   19.11166763    0.82800001    2.66000009
   19.11527824    0.82800001    2.64000010
   19.11916733    0.79000002    2.64000010
   19.12249947    0.79000002    2.64000010
   19.12611198    0.82800001    2.64000010
   19.13000107    0.82800001    2.64000010
   19.13361168    0.92500001    2.64000010
   19.13722229    0.92500001    2.64000010
   19.14111137    0.90600002    2.64000010
   19.14444351    0.86699998    2.64000010
   19.14805603    0.86699998    2.64000010
   19.15194321    0.88599998    2.62100005
   19.15555573    0.94400001    2.64000010
   19.15916634    0.92500001    2.62100005
   19.16305542    0.96300000    2.64000010
   19.16666603    0.90600002    2.62100005
   19.17027664    0.92500001    2.64000010
   19.17416573    0.90600002    2.64000010
   19.18000031    0.90600002    2.64000010
   19.18361092    0.90600002    2.64000010
   19.18750000    1.02100003    2.64000010
   19.19138718    1.02100003    2.64000010
   19.19499969    1.03999996    2.62100005
   19.19861031    1.05999994    2.64000010
   19.20222282    1.09800005    2.64000010
   19.20583344    1.17499995    2.64000010
   19.21000099    1.61899996    2.62100005
   19.21333504    3.35400009    2.62100005
   19.21666718    4.91499996    2.58299994
   19.21777916    4.91499996    2.58299994
   19.21888924    4.91499996    2.56299996
   19.21972275    4.91499996    2.56299996
   19.22083473    4.91499996    2.54399991
   19.22166634    4.91499996    2.52500010
   19.22277832    4.91499996    2.50600004
   19.22389030    4.91499996    2.50600004
   19.22472191    4.91499996    2.52500010
   19.22583389    4.91499996    2.56299996
   19.22694588    4.91499996    2.56299996
   19.22777748    4.91499996    2.58299994
   19.22888947    4.91499996    2.58299994
   19.22972298    4.91499996    2.58299994
   19.23083305    4.91499996    2.60200000
   19.23194504    4.91499996    2.60200000
   19.23277855    4.91499996    2.60200000
   19.23388863    4.91499996    2.60200000
   19.23500061    4.91499996    2.60200000
   19.23583412    4.91499996    2.56299996
   19.23694420    4.91499996    2.60200000
   19.23805618    4.91499996    2.60200000
   19.23916626    4.91499996    2.64000010
   19.23999977    4.91499996    2.64000010
   19.24111176    4.91499996    2.64000010
   19.24222183    4.91499996    2.64000010
   19.24305534    4.91499996    2.67899990
   19.24416733    4.91499996    2.66000009
   19.24527740    4.91499996    2.66000009
   19.24611092    4.91499996    2.67899990
   19.24722290    4.91499996    2.64000010
   19.24833298    4.91499996    2.54399991
   19.24916649    4.91499996    2.02399993
   19.25027847    4.91499996    1.03999996
   19.25111198    4.91499996    0.26899999
   19.25222206    4.91499996    0.15400000
   19.25333405    4.91499996    0.15400000
   19.25416756    4.91499996    0.13400000
   19.25527763    4.91499996    0.13400000
   19.25638962    4.91499996    0.11500000
   19.25722313    4.91499996    0.11500000
   19.25833321    4.91499996    0.09600000
   19.25944519    4.91499996    0.07700000
   19.26027870    4.91499996    0.07700000
   19.26138878    4.91499996    0.05700000
   19.26250076    3.46900010    0.05700000
   19.26333427    1.94700003    0.03800000
   19.26444435    1.27199996    0.03800000
   19.26527786    1.09800005    0.03800000
   19.26611137    1.03999996    0.03800000
   19.26694489    1.02100003    0.01900000
   19.26777840    1.00199997    0.01900000
   19.26861000    1.00199997    0.01900000
   19.26944351    0.98299998    0.01900000
   19.27027702    1.00199997    0.01900000
   19.27111053    1.02100003    0.01900000
   19.27194405    1.03999996    0.01900000
   19.27388954    1.07900000    0.01900000
   19.27472115    1.09800005    0.01900000
   19.27555466    1.11800003    0.01900000
   19.27638817    1.17499995    0.01900000
   19.27722168    1.23300004    0.01900000
   19.27805519    1.36800003    0.01900000
   19.28138924    2.56299996    0.01900000
   19.28333282    4.10599995    0.01900000
   19.28416634    4.91499996    0.01900000
   19.28527641    4.91499996    0.01900000
   19.28610992    4.91499996    0.01900000
   19.28722191    4.91499996    0.01900000
   19.28833199    4.91499996    0.01900000
   19.28916550    4.91499996    0.01900000
   19.29027748    4.91499996    0.01900000
   19.29138756    4.91499996    0.01900000
   19.29222107    4.91499996    0.01900000
   19.29333305    4.91499996    0.01900000
   19.29444313    4.91499996    0.01900000
   19.29527664    4.91499996    0.03800000
   19.29638863    4.91499996    0.03800000
   19.29749870    4.91499996    0.03800000
   19.29833221    4.91499996    0.03800000
   19.29944420    4.91499996    0.03800000
   19.30055428    4.91499996    0.03800000
   19.30138779    4.91499996    0.03800000
   19.30249977    4.91499996    0.03800000
   19.30360985    4.91499996    0.05700000
   19.30444336    4.91499996    0.05700000
   19.30555534    4.91499996    0.05700000
   19.30666542    4.91499996    0.05700000
   19.30749893    4.91499996    0.07700000
   19.30861092    4.91499996    0.07700000
   19.30972099    4.91499996    0.07700000
   19.31055450    4.91499996    0.09600000
   19.31166649    4.91499996    0.09600000
   19.31277657    4.91499996    0.09600000
   19.31361008    4.91499996    0.11500000
   19.31472206    4.91499996    0.13400000
   19.31583214    4.91499996    0.13400000
   19.31666756    4.91499996    0.15400000
   19.31777954    4.91499996    0.19200000
   19.31888962    4.91499996    0.23100001
   19.31972313    4.91499996    0.30800000
   19.32083511    4.91499996    0.40400001
   19.32194519    4.91499996    0.51999998
   19.32277870    4.91499996    0.69300002
   19.32389069    4.91499996    0.94400001
   19.32500076    4.91499996    1.29100001
   19.33111191    4.91499996    2.50600004
   19.33194542    4.91499996    2.54399991
   19.33305550    4.91499996    2.56299996
   19.33416748    4.91499996    2.48600006
   19.33500099    4.91499996    2.40899992
   19.33611107    4.91499996    2.42799997
   19.33722305    4.91499996    2.44799995
   19.33805656    4.91499996    2.48600006
   19.33916664    4.91499996    2.37100005
   19.34027863    4.91499996    2.31299996
   19.34111214    4.91499996    2.25500011
   19.34222221    4.91499996    2.29399991
   19.34333420    4.91499996    2.39000010
   19.34416771    4.91499996    2.44799995
   19.34527779    4.91499996    2.44799995
   19.34638977    4.91499996    2.48600006
   19.34722328    4.91499996    2.39000010
   19.34833336    4.91499996    2.33200002
   19.34944534    4.91499996    2.31299996
   19.35027885    4.91499996    2.27399993
   19.35138893    4.91499996    2.33200002
   19.35250092    4.91499996    2.23600006
   19.35333443    4.91499996    2.25500011
   19.35444450    4.91499996    2.23600006
   19.35555649    4.91499996    2.19700003
   19.35639000    4.91499996    2.10100007
   19.35750008    4.91499996    2.04299998
   19.35861206    4.91499996    2.10100007
   19.35944557    4.91499996    2.19700003
   19.36055565    4.91499996    2.21600008
   19.36166763    4.91499996    2.21600008
   19.36250114    4.91499996    2.23600006
   19.36361122    4.91499996    2.13899994
   19.36472321    4.91499996    2.17799997
   19.36555672    4.91499996    2.13899994
   19.36666679    4.91499996    2.10100007
   19.36777878    4.91499996    2.06200004
   19.36861038    4.91499996    2.04299998
   19.36972237    4.91499996    1.94700003
   19.37083435    4.91499996    2.04299998
   19.37166595    4.91499996    1.98500001
   19.37277794    4.91499996    2.00399995
   19.37361145    4.91499996    2.04299998
   19.37472153    4.91499996    2.00399995
   19.37583351    4.91499996    2.08100009
   19.37666702    4.91499996    2.10100007
   19.37777710    4.91499996    2.08100009
   19.37888908    4.91499996    2.10100007
   19.37972260    4.91499996    2.13899994
   19.38083267    4.91499996    2.11999989
   19.38194466    4.91499996    2.02399993
   19.38277817    4.91499996    2.17799997
   19.38388824    4.91499996    2.35100007
   19.38500023    4.91499996    2.40899992
   19.38583374    4.91499996    2.44799995
   19.38694382    4.91499996    2.44799995
   19.38805580    4.91499996    2.50600004
   19.38888931    4.91499996    2.50600004
   19.38999939    4.91499996    2.48600006
   19.39083290    4.91499996    2.48600006
   19.39194489    4.91499996    2.46700001
   19.39305496    4.91499996    2.50600004
   19.39416695    4.91499996    2.54399991
   19.39500046    4.91499996    2.52500010
   19.39611053    4.91499996    2.48600006
   19.39722252    4.91499996    2.46700001
   19.39805603    4.91499996    2.42799997
   19.39916611    4.91499996    2.40899992
   19.40027809    4.91499996    2.42799997
   19.40111160    4.91499996    2.42799997
   19.40222168    4.91499996    2.42799997
   19.40305519    4.91499996    2.42799997
   19.40416718    4.91499996    2.44799995
   19.40527725    4.91499996    2.44799995
   19.40638924    4.91499996    2.42799997
   19.40722275    4.91499996    2.40899992
   19.40833282    4.91499996    2.42799997
   19.40916634    4.91499996    2.40899992
   19.41027832    4.91499996    2.39000010
   19.41138840    4.91499996    2.39000010
   19.41250038    4.91499996    2.37100005
   19.41333389    4.91499996    2.39000010
   19.41444397    4.91499996    2.37100005
   19.41527748    4.91499996    2.39000010
   19.41638756    4.91499996    2.42799997
   19.41749954    4.91499996    2.40899992
   19.41833305    4.91499996    2.35100007
   19.41944313    4.91499996    2.37100005
   19.42055511    4.91499996    2.40899992
   19.42138863    4.91499996    2.40899992
   19.42249870    4.91499996    2.39000010
   19.42361069    4.91499996    2.37100005
   19.42444420    4.91499996    2.35100007
   19.42555428    4.91499996    2.39000010
   19.42666626    4.91499996    2.37100005
   19.42749977    4.91499996    2.37100005
   19.42860985    4.91499996    2.42799997
   19.42944336    4.91499996    2.42799997
   19.43055534    4.91499996    2.42799997
   19.43166542    4.91499996    2.44799995
   19.43249893    4.91499996    2.39000010
   19.43361092    4.91499996    2.39000010
   19.43472099    4.91499996    2.44799995
   19.43555450    4.91499996    2.39000010
   19.43666649    4.91499996    2.31299996
   19.43777657    4.91499996    2.19700003
   19.43861008    4.91499996    2.25500011
   19.43972206    4.91499996    2.25500011
   19.44083214    4.91499996    2.29399991
   19.44166565    4.91499996    2.19700003
   19.44277763    4.91499996    2.27399993
   19.44361115    4.91499996    2.29399991
   19.44472122    4.91499996    2.23600006
   19.44583321    4.91499996    2.23600006
   19.44666672    4.91499996    2.21600008
   19.44777679    4.91499996    2.27399993
   19.44888878    4.91499996    2.35100007
   19.45000076    4.91499996    2.29399991
   19.45083427    4.91499996    2.31299996
   19.45194435    4.91499996    2.33200002
   19.45305634    4.91499996    2.33200002
   19.45388985    4.91499996    2.35100007
   19.45499992    4.91499996    2.40899992
   19.45611191    4.91499996    2.39000010
   19.45694542    4.91499996    2.33200002
   19.45805550    4.91499996    2.33200002
   19.45916748    4.91499996    2.39000010
   19.46000099    4.91499996    2.40899992
   19.46111107    4.91499996    2.29399991
   19.46222305    4.91499996    2.27399993
   19.46305656    4.91499996    2.31299996
   19.46416664    4.91499996    2.39000010
   19.46500015    4.91499996    2.46700001
   19.46611214    4.91499996    2.44799995
   19.46722221    4.91499996    2.42799997
   19.46805573    4.91499996    2.44799995
   19.46916771    4.91499996    2.48600006
   19.47027779    4.91499996    2.46700001
   19.47111130    4.91499996    2.46700001
   19.47222328    4.91499996    2.46700001
   19.47333336    4.91499996    2.46700001
   19.47416687    4.91499996    2.50600004
   19.47527885    4.91499996    2.52500010
   19.47638893    4.91499996    2.46700001
   19.47750092    4.91499996    2.48600006
   19.47833443    4.91499996    2.46700001
   19.47944450    4.91499996    2.48600006
   19.48027802    4.91499996    2.48600006
   19.48139000    4.91499996    2.52500010
   19.48250008    4.91499996    2.46700001
   19.48333359    4.91499996    2.48600006
   19.48444557    4.91499996    2.46700001
   19.48555565    4.91499996    2.48600006
   19.48638916    4.91499996    2.50600004
   19.48750114    4.91499996    2.48600006
   19.48861122    4.91499996    2.48600006
   19.48944473    4.91499996    2.48600006
   19.49055672    4.91499996    2.46700001
   19.49166679    4.91499996    2.46700001
   19.49250031    4.91499996    2.46700001
   19.49361229    4.91499996    2.42799997
   19.49472237    4.91499996    2.40899992
   19.49555588    4.91499996    2.40899992
   19.49666786    4.91499996    2.44799995
   19.49777794    4.91499996    2.46700001
   19.49861145    4.91499996    2.44799995
   19.49972153    4.91499996    2.46700001
   19.50083351    4.91499996    2.46700001
   19.50166702    4.91499996    2.44799995
   19.50277710    4.91499996    2.39000010
   19.50388908    4.91499996    2.29399991
   19.50472260    4.91499996    2.25500011
   19.50583267    4.91499996    2.17799997
   19.50666618    4.91499996    2.15899992
   19.50777817    4.91499996    2.23600006
   19.50888824    4.91499996    2.25500011
   19.50972176    4.91499996    2.31299996
   19.51083374    4.91499996    2.35100007
   19.51194382    4.91499996    2.39000010
   19.51277733    4.91499996    2.40899992
   19.51388931    4.91499996    2.48600006
   19.51499939    4.91499996    2.46700001
   19.51583290    4.91499996    2.46700001
   19.51694489    4.91499996    2.48600006
   19.51805496    4.91499996    2.42799997
   19.51888847    4.91499996    2.37100005
   19.52000046    4.91499996    2.40899992
   19.52111053    4.91499996    2.40899992
   19.52194405    4.91499996    2.42799997
   19.52305603    4.91499996    2.40899992
   19.52416611    4.91499996    2.39000010
   19.52499962    4.91499996    2.39000010
   19.52611160    4.91499996    2.40899992
   19.52722168    4.91499996    2.44799995
   19.52833366    4.91499996    2.42799997
   19.52916718    4.91499996    2.39000010
   19.53027725    4.91499996    2.39000010
   19.53138924    4.91499996    2.39000010
   19.53222275    4.91499996    2.39000010
   19.53333282    4.91499996    2.40899992
   19.53444481    4.91499996    2.40899992
   19.53527641    4.91499996    2.46700001
   19.53638840    4.91499996    2.40899992
   19.53750038    4.91499996    2.39000010
   19.53833199    4.91499996    2.40899992
   19.53944397    4.91499996    2.39000010
   19.54027748    4.91499996    2.35100007
   19.54138756    4.91499996    2.29399991
   19.54249954    4.91499996    2.29399991
   19.54333305    4.91499996    2.25500011
   19.54444313    4.91499996    2.17799997
   19.54555511    4.91499996    2.15899992
   19.54666710    4.91499996    2.17799997
   19.54749870    4.91499996    2.17799997
   19.54861069    4.91499996    2.21600008
   19.54972076    4.91499996    2.25500011
   19.55055428    4.91499996    2.23600006
   19.55166626    4.91499996    2.17799997
   19.55277634    4.91499996    2.19700003
   19.55360985    4.91499996    2.17799997
   19.55472183    4.91499996    2.19700003
   19.55583191    4.91499996    2.21600008
   19.55666542    4.91499996    2.23600006
   19.55777740    4.91499996    2.17799997
   19.55888748    4.91499996    2.17799997
   19.55972099    4.91499996    2.13899994
   19.56083298    4.91499996    2.08100009
   19.56194305    4.91499996    2.06200004
   19.56277657    4.91499996    2.02399993
   19.56388855    4.91499996    2.08100009
   19.56499863    4.91499996    2.08100009
   19.56583214    4.91499996    2.00399995
   19.56694603    4.91499996    1.94700003
   19.56805611    4.91499996    2.02399993
   19.56888962    4.91499996    2.04299998
   19.57000160    4.91499996    2.10100007
   19.57111168    4.91499996    2.00399995
   19.57194519    4.91499996    2.06200004
   19.57305717    4.91499996    2.06200004
   19.57416725    4.91499996    2.04299998
   19.57500076    4.91499996    1.94700003
   19.57611275    4.91499996    1.83099997
   19.57722282    4.91499996    1.71500003
   19.57805634    4.91499996    1.73399997
   19.57916832    4.91499996    1.71500003
   19.58000183    4.91499996    1.65699995
   19.58111191    4.91499996    1.83099997
   19.58222389    4.91499996    1.85000002
   19.58305550    4.91499996    1.88900006
   19.58416748    4.91499996    1.94700003
   19.58527756    4.91499996    1.92700005
   19.58611107    4.91499996    2.02399993
   19.58722305    4.91499996    2.10100007
   19.58833313    4.91499996    2.06200004
   19.58944511    4.91499996    2.13899994
   19.59027863    4.91499996    2.27399993
   19.59138870    4.91499996    2.31299996
   19.59250069    4.91499996    2.31299996
   19.59333420    4.91499996    2.33200002
   19.59444427    4.91499996    2.33200002
   19.59555626    4.91499996    2.37100005
   19.59638977    4.91499996    2.33200002
   19.59749985    4.91499996    2.33200002
   19.59861183    4.91499996    2.21600008
   19.59944534    4.91499996    2.37100005
   19.60055542    4.91499996    2.39000010
   19.60166740    4.91499996    2.33200002
   19.60250092    4.91499996    2.31299996
   19.60361099    4.91499996    2.35100007
   19.60472298    4.91499996    2.35100007
   19.60555649    4.91499996    2.37100005
   19.60666656    4.91499996    2.39000010
   19.60750008    4.91499996    2.42799997
   19.60861206    4.91499996    2.35100007
   19.60972214    4.91499996    2.33200002
   19.61055565    4.91499996    2.31299996
   19.61166763    4.91499996    2.31299996
   19.61277771    4.91499996    2.37100005
   19.61388969    4.91499996    2.42799997
   19.61472321    4.91499996    2.40899992
   19.61583328    4.91499996    2.27399993
   19.61694527    4.91499996    2.25500011
   19.61777878    4.91499996    2.27399993
   19.61888885    4.91499996    2.35100007
   19.62000084    4.91499996    2.46700001
   19.62083435    4.91499996    2.46700001
   19.62194443    4.91499996    2.44799995
   19.62305641    4.91499996    2.46700001
   19.62388992    4.91499996    2.40899992
   19.62500000    4.91499996    2.37100005
   19.62611198    4.91499996    2.27399993
   19.62694550    4.91499996    2.17799997
   19.62805557    4.91499996    2.10100007
   19.62916756    4.91499996    2.04299998
   19.63000107    4.91499996    2.08100009
   19.63111115    4.91499996    2.13899994
   19.63222313    4.91499996    2.19700003
   19.63305473    4.91499996    2.33200002
   19.63416672    4.91499996    2.39000010
   19.63527679    4.91499996    2.39000010
   19.63611031    4.91499996    2.46700001
   19.63722229    4.91499996    2.42799997
   19.63833237    4.91499996    2.46700001
   19.63916588    4.91499996    2.46700001
   19.64027786    4.91499996    2.50600004
   19.64138794    4.91499996    2.52500010
   19.64222145    4.91499996    2.50600004
   19.64333344    4.91499996    2.50600004
   19.64444351    4.91499996    2.52500010
   19.64527702    4.91499996    2.52500010
   19.64638901    4.91499996    2.50600004
   19.64749908    4.91499996    2.52500010
   19.64833260    4.68400002    2.54399991
   19.64944458    4.91499996    2.52500010
   19.65055466    4.91499996    2.52500010
   19.65138817    4.91499996    2.50600004
   19.65250015    4.91499996    2.50600004
   19.65361023    4.91499996    2.50600004
   19.65444374    4.68400002    2.52500010
   19.65555573    4.49100018    2.52500010
   19.65638924    4.60699987    2.52500010
   19.65749931    4.27899981    2.52500010
   19.65861130    4.47200012    2.54399991
   19.65944481    4.76100016    2.52500010
   19.66055489    4.91499996    2.50600004
   19.66166687    4.91499996    2.52500010
   19.66250038    4.91499996    2.52500010
   19.66361046    4.91499996    2.50600004
   19.66472244    4.91499996    2.50600004
   19.66583252    4.91499996    2.52500010
   19.66666603    4.91499996    2.52500010
   19.66777802    4.91499996    2.50600004
   19.66888809    4.91499996    2.48600006
   19.66972160    4.91499996    2.44799995
   19.67083359    4.91499996    2.44799995
   19.67194366    4.91499996    2.42799997
   19.67277718    4.91499996    2.42799997
   19.67388916    4.91499996    2.42799997
   19.67499924    4.91499996    2.42799997
   19.67583275    4.91499996    2.40899992
   19.67694473    4.91499996    2.40899992
   19.67805481    4.91499996    2.37100005
   19.67888832    4.91499996    2.40899992
   19.68000031    4.91499996    2.37100005
   19.68111038    4.91499996    2.35100007
   19.68194389    4.91499996    2.37100005
   19.68305397    4.91499996    2.37100005
   19.68416595    4.91499996    2.33200002
   19.68499947    4.91499996    2.33200002
   19.68610954    4.91499996    2.27399993
   19.68694305    4.91499996    2.31299996
   19.68805504    4.91499996    2.27399993
   19.68916512    4.91499996    2.23600006
   19.68999863    4.91499996    2.29399991
   19.69111061    4.91499996    2.31299996
   19.69222069    4.91499996    2.21600008
   19.69305420    4.91499996    2.19700003
   19.69416618    4.91499996    2.10100007
   19.69527626    4.91499996    2.08100009
   19.69610977    4.91499996    2.11999989
   19.69722176    4.91499996    2.17799997
   19.69833183    4.91499996    2.17799997
   19.69916534    4.91499996    2.04299998
   19.70027924    4.91499996    2.06200004
   19.70138931    4.91499996    2.02399993
   19.70222282    4.91499996    2.08100009
   19.70333481    4.91499996    2.19700003
   19.70444489    4.91499996    2.21600008
   19.70527840    4.91499996    2.25500011
   19.70639038    4.91499996    2.15899992
   19.70750046    4.91499996    2.17799997
   19.70833397    4.91499996    2.13899994
   19.70944595    4.91499996    2.10100007
   19.71055603    4.91499996    2.10100007
   19.71138954    4.91499996    2.21600008
   19.71250153    4.91499996    2.23600006
   19.71361160    4.91499996    2.31299996
   19.71444511    4.91499996    2.27399993
   19.71555710    4.91499996    2.31299996
   19.71666718    4.91499996    2.35100007
   19.71750069    4.91499996    2.46700001
   19.71861076    4.91499996    2.42799997
   19.71972275    4.91499996    2.40899992
   19.72055626    4.91499996    2.40899992
   19.72166634    4.91499996    2.39000010
   19.72277832    4.91499996    2.42799997
   19.72361183    4.91499996    2.46700001
   19.72472191    4.91499996    2.48600006
   19.72583389    4.91499996    2.50600004
   19.72666740    4.91499996    2.52500010
   19.72777748    4.91499996    2.52500010
   19.72861099    4.91499996    2.50600004
   19.72972298    4.91499996    2.52500010
   19.73083305    4.91499996    2.50600004
   19.73166656    4.91499996    2.54399991
   19.73277855    4.91499996    2.54399991
   19.73388863    4.91499996    2.56299996
   19.73472214    4.91499996    2.56299996
   19.73583412    4.91499996    2.56299996
   19.73694420    4.91499996    2.56299996
   19.73777771    4.91499996    2.58299994
   19.73888969    4.91499996    2.58299994
   19.73972321    4.91499996    2.58299994
   19.74083328    4.91499996    2.58299994
   19.74194527    4.91499996    2.58299994
   19.74277878    4.91499996    2.60200000
   19.74388885    4.91499996    2.60200000
   19.74500084    4.91499996    2.58299994
   19.74583435    4.91499996    2.60200000
   19.74694443    4.91499996    2.60200000
   19.74805641    4.91499996    2.60200000
   19.74888992    4.91499996    2.62100005
   19.75000000    4.91499996    2.60200000
   19.75111198    4.91499996    2.64000010
   19.75194359    4.91499996    2.64000010
   19.75305557    4.91499996    2.64000010
   19.75416756    4.91499996    2.66000009
   19.75499916    4.91499996    2.67899990
   19.75611115    4.91499996    2.67899990
   19.75722313    4.91499996    2.67899990
   19.75805473    4.91499996    2.27399993
   19.75916672    4.91499996    1.38699996
   19.76027870    4.91499996    0.65499997
   19.76111031    4.91499996    0.40400001
   19.76222229    4.91499996    0.36600000
   19.76305580    4.91499996    0.28900000
   19.76416588    4.91499996    0.26899999
   19.76527786    4.91499996    0.30800000
   19.76611137    4.91499996    0.40400001
   19.76722145    4.91499996    0.55900002
   19.76833344    4.91499996    0.79000002
   19.76916695    4.91499996    1.00199997
   19.77027702    4.91499996    1.21399999
   19.77333260    4.91499996    2.17799997
   19.77388954    4.91499996    2.25500011
   19.77555466    4.91499996    2.31299996
   19.77722168    4.91499996    2.29399991
   19.77861023    4.91499996    2.21600008
   19.78027725    4.91499996    0.69300002
   19.78222275    0.69300002    0.48100001
   19.78361130    0.30800000    0.26899999
   19.78527641    0.21200000    0.19200000
   19.78694344    0.19200000    0.13400000
