#----------------------------------------------------------------
#HASTA, Days per year.   % of the total of days
#Year      Observed          Fully Cloudy     Not Observed 
#          Nr      %         Nr      %         Nr      %  
#----------------------------------------------------------------
2009      57     15.62       9      2.47     299     81.92
2010     267     73.15      66     18.08      32      8.77
2011     228     62.47      61     16.71      76     20.82
2012     268     73.22      35      9.56      63     17.21
2013     256     70.14      39     10.68      70     19.18
2014     266     72.88      40     10.96      59     16.16
2015     237     64.93      56     15.34      72     19.73
2016     232     63.39      79     21.58      55     15.03
2017     231     63.29      71     19.45      63     17.26
2018     267     73.15      54     14.79      44     12.05
2019     236     64.66      50     13.70      79     21.64
2020      48     13.11       4      1.09     314     85.79
#----------------------------------------------------------------
#Total   2592     63.10     564     13.73     952     23.17
#----------------------------------------------------------------
#
#----------------------------------------------------------------
#HASTA, Hours obs. per year. % of the sunny observation interval
# Year     Observed            Good           With Clouds 
#         Hs        %       Hs        %       Hs        %  
#----------------------------------------------------------------
 2009   426.40    60.95   358.21    51.20    68.19     9.75
 2010  2022.88    65.45  1759.07    56.91   263.82     8.54
 2011  1738.43    65.71  1483.12    56.06   255.31     9.65
 2012  2129.22    77.03  1882.70    68.11   246.53     8.92
 2013  1959.81    73.04  1658.78    61.82   301.02    11.22
 2014  2077.33    74.30  1822.00    65.17   255.31     9.13
 2015  1787.41    67.12  1519.56    57.06   267.85    10.06
 2016  1704.32    60.02  1478.21    52.06   226.10     7.96
 2017  1760.57    63.46  1565.20    56.42   195.37     7.04
 2018  1904.67    63.99  1695.26    56.95   209.41     7.03
 2019  1781.99    66.31  1597.42    59.44   184.57     6.87
 2020   415.35    78.11   367.40    69.09    47.95     9.02
#----------------------------------------------------------------
#Total 19708.38    67.61 17186.93    58.96  2521.42     8.65
#----------------------------------------------------------------
#
#----------------------------------------------------------------
#HASTA, Hours obs. per year. % of the default observation interval
# Year     Observed            Good           With Clouds 
#         Hs        %       Hs        %       Hs        %  
#----------------------------------------------------------------
 2009   426.40    60.95   358.21    51.20    68.19     9.75
 2010  2022.88    65.45  1759.07    56.91   263.82     8.54
 2011  1738.43    65.71  1483.12    56.06   255.31     9.65
 2012  2129.22    77.03  1882.70    68.11   246.53     8.92
 2013  1959.81    73.04  1658.78    61.82   301.02    11.22
 2014  2077.33    74.30  1822.00    65.17   255.31     9.13
 2015  1787.41    67.12  1519.56    57.06   267.85    10.06
 2016  1704.32    60.02  1478.21    52.06   226.10     7.96
 2017  1760.57    63.46  1565.20    56.42   195.37     7.04
 2018  1904.67    63.99  1695.26    56.95   209.41     7.03
 2019  1781.99    66.31  1597.42    59.44   184.57     6.87
 2020   415.35    78.11   367.40    69.09    47.95     9.02
#----------------------------------------------------------------
#Total 19708.38    67.61 17186.93    58.96  2521.42     8.65
#----------------------------------------------------------------
#
#---------------------------------------------------------------
#HASTA, Days observed per month % of the total of days
#Month     Observed          Fully Cloudy     Not Observed 
#          Nr      %         Nr      %         Nr      %  
#----------------------------------------------------------------
 Jan      98     26.34      34      9.14     240     64.52
 Feb     190     56.05      48     14.16     101     29.79
 Mar     255     68.55      30      8.06      87     23.39
 Apr     233     64.72      30      8.33      97     26.94
 May     218     58.60      73     19.62      81     21.77
 Jun     207     57.50      68     18.89      85     23.61
 Jul     197     52.96      68     18.28     107     28.76
 Aug     208     55.91      50     13.44     114     30.65
 Sep     238     66.11      41     11.39      81     22.50
 Oct     247     66.40      58     15.59      67     18.01
 Nov     270     75.00      34      9.44      56     15.56
 Dec     232     62.37      30      8.06     110     29.57
#----------------------------------------------------------------
#Total   2593     59.16     564     12.87    1226     27.97
#----------------------------------------------------------------
#
#----------------------------------------------------------------
#HASTA, Hours obs. per month. % of the sunny observation interval
# Year     Observed            Good           With Clouds 
#         Hs        %       Hs        %       Hs        %  
#----------------------------------------------------------------
  Jan   659.97    45.45   588.34    40.52    71.63     4.93
  Feb  1515.31    61.57  1357.92    55.18   157.39     6.40
  Mar  2144.68    75.25  1896.25    66.54   248.42     8.72
  Apr  1827.28    77.98  1582.85    67.55   244.42    10.43
  May  1510.54    59.87  1254.86    49.74   255.69    10.13
  Jun  1388.95    66.63  1178.76    56.55   210.20    10.08
  Jul  1262.45    62.77  1082.97    53.84   179.48     8.92
  Aug  1458.84    70.68  1261.24    61.11   197.59     9.57
  Sep  1771.73    74.71  1553.34    65.50   218.38     9.21
  Oct  1972.49    68.65  1731.27    60.26   241.21     8.40
  Nov  2260.58    70.82  1982.96    62.12   277.62     8.70
  Dec  1935.56    66.14  1716.17    58.64   219.38     7.50
#----------------------------------------------------------------
#Total 19708.38    67.61 17186.93    58.96  2521.42     8.65
#----------------------------------------------------------------
#
#----------------------------------------------------------------
#HASTA, Hours obs. per month.% of the default observation interval
# Year     Observed            Good           With Clouds 
#        Hs        %       Hs        %       Hs        %  
#----------------------------------------------------------------
  Jan   659.97    45.45   358.21    40.52    71.63     4.93
  Feb  1515.31    61.57  1759.07    55.18   157.39     6.40
  Mar  2144.68    75.25  1483.12    66.54   248.42     8.72
  Apr  1827.28    77.98  1882.70    67.55   244.42    10.43
  May  1510.54    59.87  1658.78    49.74   255.69    10.13
  Jun  1388.95    66.63  1822.00    56.55   210.20    10.08
  Jul  1262.45    62.77  1519.56    53.84   179.48     8.92
  Aug  1458.84    70.68  1478.21    61.11   197.59     9.57
  Sep  1771.73    74.71  1565.20    65.50   218.38     9.21
  Oct  1972.49    68.65  1695.26    60.26   241.21     8.40
  Nov  2260.58    70.82  1597.42    62.12   277.62     8.70
  Dec  1935.56    66.14   367.40    58.64   219.38     7.50
#----------------------------------------------------------------
#Total 19708.38    67.61 17186.93    58.96  2521.42     8.65
#----------------------------------------------------------------